age	diseaseAge	x1	x2	x3	x4	z1	z2	z3	z4	id
13.4836711447293	-23.7597743686135	-0.371150548726641	-0.545153832434514	-0.113666356968345	-0.821528912777438	2	1	1	2	1
23.8378293505568	-13.405616162786	-0.750542349859942	-0.913587536942118	0.702136723287994	-1.07245403852809	2	1	1	2	1
37.2434455133428	0	-0.895592672500585	-0.448881137257881	1.16125122574282	-0.971458374790821	2	1	1	2	1
46.4417932382736	9.19834772493083	-0.766537436557574	0.461118888949978	0.952829001045098	-0.554397183037936	2	1	1	2	1
59.1441752971832	21.9007297838404	-0.398755830748151	1.05692159194949	0.217984438926588	0.0306653770736682	2	1	1	2	1
73.1262851976321	35.8828396842893	0.106928534451249	0.841266809408963	-0.545748466426404	0.576021664500837	2	1	1	2	1
13.6101644235055	-34.330650320314	-0.772893165037123	-0.129676965860031	-0.0738955872920414	-0.280079984076948	1	1	2	1	2
23.6717662119624	-24.2690485318571	-0.629867545969264	-0.868466103782856	-0.55085851656498	0.478972611703181	1	1	2	1	2
36.0041942452364	-11.9366204985831	-0.147085896049567	-1.09476304867216	-0.575778358797026	0.89176460686818	1	1	2	1	2
47.9408147438195	0	0.483087826613607	-0.656690980127188	-0.136460867043553	0.709355827078285	1	1	2	1	2
59.6840212801662	11.7432065363468	1.00956141168556	0.151742629017903	0.552118842414557	0.0417505213835517	1	1	2	1	2
70.3787084398597	22.4378936960402	1.22256188481902	0.787966043549745	1.15301196629023	-0.708442288877394	1	1	2	1	2
11.559342582856	-35.7456764804825	-0.518481320505355	-0.375688901307231	-0.929281593373569	-0.527922648153959	1	1	1	1	3
23.5111712311596	-23.7938478321789	-0.80915658142374	0.415483009991329	-0.310770100217318	-0.0454635050458403	1	1	1	1	3
35.3340557245241	-11.9709633388144	-0.71863029752961	1.13776760772755	0.460813324155607	0.528604531057383	1	1	1	1	3
47.3050190633385	0	-0.281916707974215	1.28476548034431	0.916155859381772	1.00507797693448	1	1	1	1	3
59.3979175941243	12.0928985307858	0.332069774681593	0.753415263350963	0.778297059334302	1.22691893820222	1	1	1	1	3
72.540109468256	25.2350904049175	0.885848182319338	-0.0837492275522672	0.131089039310747	1.1210122439169	1	1	1	1	3
12.0836861385398	-35.2884024132904	-0.517663872653772	-0.787870782163024	0.328958700641639	-0.875216303789038	1	2	1	1	4
22.773697344894	-24.5983912069362	0.0157722201228454	0.000798944705081323	1.04968191733749	-0.557981514903567	1	2	1	1	4
36.1271321135075	-11.2449564383227	0.60706691811062	0.715315450147305	1.40804210092057	-0.0366943626512691	1	2	1	1	4
47.3720885518302	0	1.04536702577139	0.862113687570057	1.19981665643141	0.521378158332684	1	2	1	1	4
59.1844667198243	11.8123781679942	1.17437657322839	0.339790150768014	0.543669270736623	0.937165620223359	1	2	1	1	4
71.408356781456	24.0362682296259	0.948091299951606	-0.490850841793051	-0.18647424654217	1.07725303503007	1	2	1	1	4
13.9852846565581	-35.095227129126	-0.422358932095684	-0.589075424835156	-1.00172921469651	-0.485582812271161	2	2	1	2	5
27.0730201781296	-22.0074916075544	0.0843531904293557	-0.78785265136101	-0.607710527161923	-1.08877686704149	2	2	1	2	5
36.5321945363841	-12.5483172493	0.517765626136877	-0.680586577460446	-0.100593640901368	-1.38781430483388	2	2	1	2	5
49.0805117856841	0	0.766476098432596	-0.300227116538228	0.384926837459668	-1.2513489650325	2	2	1	2	5
59.6090437495923	10.5285319639082	0.766557247268911	0.236387192953234	0.7198924929812	-0.73932049456707	2	2	1	2	5
72.7076207371511	23.627108951467	0.517988214533863	0.764419563513991	0.815333566568396	-0.0766270674525743	2	2	1	2	5
14.2293770742226	-35.4840856400729	-1.21443414532111	-1.3497024069183	-0.130282272271315	-1.2638812635043	1	1	1	2	6
24.8990278972552	-24.8144348170403	-0.533144791204148	-1.3643273747339	-0.633083160684994	-0.977553651565691	1	1	1	2	6
34.2844453786966	-15.4290173355988	0.354881392614642	-0.996345941169186	-0.762052291287469	-0.534106264741384	1	1	1	2	6
49.7134627142954	0	0.714335052299338	-0.393076791830658	-0.461222150417406	-0.0414078529537812	1	1	1	2	6
60.6567208251089	10.9432581108135	0.247578975059549	0.203965665104695	0.138858851307596	0.380692502829727	1	1	1	2	6
70.9396768279605	21.2262141136651	-0.65890036403451	0.555759832392281	0.777779237861753	0.629518726319151	1	1	1	2	6
13.2015149186475	-36.1293350537825	-0.601286947559925	0.249297738556891	-0.651020037103615	-1.03923994624823	1	2	1	2	7
24.2477434229683	-25.0831065494617	-0.0812029913678319	-0.393646124566787	-0.203113841152424	-0.775157052544557	1	2	1	2	7
36.0155763899991	-13.3152735824308	0.517749611042557	-0.729039816077146	0.489790564706838	-0.267962155769191	1	2	1	2	7
49.33084997243	0	0.979130319833415	-0.598653197948476	1.0861804967301	0.311151672145091	1	2	1	2	7
60.0158568034719	10.685006831042	1.13621227000812	-0.063999331116118	1.29211248375319	0.766716622216564	1	2	1	2	7
72.9974604156196	23.6666104431896	0.932231534074304	0.622685808352832	1.00608856305241	0.944966235509073	1	2	1	2	7
12.4531285264238	-35.7154148141662	-0.853111760078981	-1.29687318435847	-1.41684553527776	0.0933481099489621	2	1	1	1	8
22.7255889085472	-25.4429544320428	-0.394317238811572	-1.05227016902118	-1.41015600620296	-0.380035620734933	2	1	1	1	8
35.6960728790972	-12.4724704614928	0.142117575547569	-0.384228366419113	-1.00129367749803	-0.707069732152574	2	1	1	1	8
48.16854334059	0	0.60182654170884	0.332121040475995	-0.364868779514659	-0.804343691984998	2	1	1	1	8
59.7975889928591	11.6290456522691	0.852522385761194	0.694520289675344	0.227324760460097	-0.647047633349437	2	1	1	1	8
72.064072360087	23.895529019497	0.822064096256794	0.499468255155533	0.522382619459358	-0.275300147929166	2	1	1	1	8
12.4998497829758	NaN	-0.529537851593405	-0.0340553466366139	-0.504665188891711	-0.527997677678585	1	2	2	1	9
24.8703795789827	NaN	-0.784421599434806	-0.605474355423069	0.282990081703589	-0.437961164721495	1	2	2	1	9
34.5280070796719	NaN	-0.66214901588303	-0.756156399169564	0.657830090126232	-0.119066183850795	1	2	2	1	9
46.8383383512165	NaN	-0.209133898781137	-0.410486881843517	0.371628404140045	0.348244920520104	1	2	2	1	9
59.2551076490667	NaN	0.402662454789794	0.258071849857943	-0.386086585965784	0.846091331630223	1	2	2	1	9
72.2329977079672	NaN	0.941006526481484	0.914026613305106	-1.11354109825876	1.24888959765428	1	2	2	1	9
14.4131247192793	NaN	-1.12787082760443	-0.692586806000463	-0.930422805503634	-0.386689987853608	2	2	2	2	10
24.4636904588161	NaN	-0.823780565852217	-0.543447277275555	-1.16759116938489	0.190697026923703	2	2	2	2	10
36.0618518476217	NaN	-0.043585281665033	-0.152409156261496	-0.771544687648743	0.601257150789146	2	2	2	2	10
48.8441935197984	NaN	0.677959721493219	0.369343817278578	0.00544339511363076	0.702386405680109	2	2	2	2	10
60.6007532127786	NaN	0.846298753595859	0.873461792746255	0.668448079725651	0.458958550133634	2	2	2	2	10
72.2060310535972	NaN	0.346050201832127	1.21660907271908	0.795149384368463	-0.0444741698957843	2	2	2	2	10
11.4751251624021	NaN	0.287112481367278	-0.98158459218534	-0.647877084016522	-0.685157022270452	2	1	1	2	11
24.0897147999554	NaN	1.06242564065432	-0.399290233368854	-0.48985032407699	-0.0801079962256371	2	1	1	2	11
36.8712205142701	NaN	1.46822908098921	0.367562498087423	0.37568661902931	0.652266494142149	2	1	1	2	11
50.0292029229202	NaN	1.24863945030617	0.865296470766003	1.17309879288114	1.11082989490496	2	1	1	2	11
61.1161093708008	NaN	0.542121150808621	0.799447686990268	1.18779999933662	1.0444176109564	2	1	1	2	11
73.0683551080944	NaN	-0.205823752212767	0.208972893088778	0.406616023637558	0.489405014557501	2	1	1	2	11
10.7519649815252	NaN	-0.998463065460141	-1.14230403039253	-0.786832031633775	-1.07848321581515	2	2	2	1	12
25.3570807260753	NaN	-1.33948171713911	-0.950222633290412	-0.126059491260974	-1.25258587992021	2	2	2	1	12
36.5137874407077	NaN	-1.11577555357851	-0.27684442294471	0.527544021427365	-1.10684707930112	2	2	2	1	12
50.2976613093756	NaN	-0.454126154315196	0.471075643744552	0.851968960039126	-0.687896058377979	2	2	2	1	12
60.3245606911758	NaN	0.270488185001481	0.841755507576693	0.687381533456853	-0.129776527348064	2	2	2	1	12
72.3008002178418	NaN	0.647404883459968	0.611285529480764	0.114868702730703	0.388940728812468	2	2	2	1	12
13.0124982165625	NaN	-0.135847901223694	-0.539871330724769	-0.645552618865276	-0.427679116101628	1	2	2	2	13
24.220565342297	NaN	-0.772834004599769	-0.751266908314542	-0.538689676126494	0.462767688798239	1	2	2	2	13
36.951915242689	NaN	-0.961406405239313	-0.703489448385404	0.012950030738568	0.903272483422449	1	2	2	2	13
48.8405475071283	NaN	-0.596299173450028	-0.409093885214483	0.727344218921896	0.538870307731539	1	2	2	2	13
62.4643903829691	NaN	0.118675510081336	0.0545586792775439	1.23926341478533	-0.33679843909844	1	2	2	2	13
72.8050266675531	NaN	0.784400518388515	0.565629882748832	1.28699219350727	-1.01810756293837	1	2	2	2	13
13.4977813116025	NaN	-1.26567635805531	0.115999327814921	-0.554011051057299	-0.46483956538032	1	2	2	2	14
25.0185844964635	NaN	-0.759369178215424	-0.611263942648458	-0.638971903998539	0.363337505434606	1	2	2	2	14
34.6568158225233	NaN	0.0130284709508987	-0.771895073392513	-0.0639984079085211	0.745422120091253	1	2	2	2	14
47.8917480000282	NaN	0.588872224084449	-0.253698628419288	0.769988756486222	0.40540844849235	1	2	2	2	14
58.74461411953	NaN	0.623247945309642	0.581382624346622	1.28146243369054	-0.41108839670333	1	2	2	2	14
73.4108283646813	NaN	0.0955655490052191	1.15007254899184	1.11377944583114	-1.11425694210644	1	2	2	2	14
12.1988862477497	NaN	-0.459305532789503	-1.2340960801882	0.0475079327708403	-0.854867852436771	2	1	2	1	15
25.5484635658925	NaN	0.000386078691324065	-0.882892734556828	-0.631592063509325	-0.918447214889071	2	1	2	1	15
35.7018161309119	NaN	0.683341239244817	-0.396785653146373	-0.694092073533835	-0.301463595505298	2	1	2	1	15
49.1245637681937	NaN	1.26495116574121	0.0988510487344077	-0.0958859993522552	0.546311324842927	2	1	2	1	15
59.6117301076235	NaN	1.46877649378183	0.476185427488747	0.740873655507015	1.00686251472468	2	1	2	1	15
73.484362220968	NaN	1.19793898665687	0.637897436318238	1.22568773298432	0.74445515672709	2	1	2	1	15
12.175954388056	NaN	-0.584968494597142	-1.36177088436965	-0.237402268172827	0.0604271181021998	1	1	2	1	16
22.9257149956519	NaN	-0.194293116326544	-0.846827410083692	-0.977554574972571	0.719509892780273	1	1	2	1	16
37.3822598847152	NaN	0.352568623981643	-0.148252749038654	-1.04713072709403	1.24876153366216	1	1	2	1	16
49.8080692395774	NaN	0.882905968590157	0.392767118602102	-0.391856168352169	1.41803250470706	1	1	2	1	16
61.5474838059726	NaN	1.22922692109039	0.511996450945606	0.477106371342737	1.15371389770971	1	1	2	1	16
74.0375600349712	NaN	1.28215583912546	0.151203280976356	0.881901696707282	0.57074688633569	1	1	2	1	16
