age	diseaseAge	x1	x2	x3	x4	z1	z2	z3	z4	id
10.4167819230894	-26.6824035052565	-0.292490864830832	-0.402787417174452	0.196034590011993	-0.056595795614412	1	2	2	1	1
23.2108030269506	-13.8883824013953	0.506559163285622	0.316274928795847	0.973081916050161	0.856852512776147	1	2	2	1	1
37.0991854283459	0	0.758849400546251	1.14292455060902	1.4459971904368	1.39147475347707	1	2	2	1	1
48.1875766686787	11.0883912403328	0.277153350292556	1.45657096353584	1.32522993983328	1.10118450027836	1	2	2	1	1
61.2699251467513	24.1707397184053	-0.581058698801278	1.02175046651648	0.684721981029958	0.228198652804752	1	2	2	1	1
71.1449956166827	34.0458101883368	-1.17890108248357	0.164895753518151	-0.083364722312359	-0.499067270126488	1	2	2	1	1
12.1160249356246	-35.8313060386128	-1.41128872947062	-0.010547349547391	-0.604910721393552	-0.378086046776778	2	1	2	2	2
23.9304090313558	-24.0169219428817	-1.20161572241428	-0.658652834121795	-0.42356117450127	-0.859473474076503	2	1	2	2	2
34.8087931950248	-13.1385377792126	-0.639754573771955	-0.915112413750349	0.139951550730888	-1.15502629684906	2	1	2	2	2
47.9473309742374	0	0.0238470837963379	-0.644831351921694	0.821502545230384	-1.18079837510877	2	1	2	2	2
61.2192416167488	13.2719106425114	0.493391143287043	0.00981489834097918	1.30164100267104	-0.929469641772478	2	1	2	2	2
72.5742634335154	24.6269324592779	0.55957999013261	0.703979547475444	1.35532049422287	-0.472425228043304	2	1	2	2	2
10.8307284284454	-36.1873322022446	-1.32449802003329	-0.84056654517641	-1.14914690998479	-0.68466530394325	1	2	2	2	3
25.4178589612498	-21.6002016694402	-1.4712982568485	-0.963180664710004	-0.739812901746131	-0.962016156884601	1	2	2	2	3
36.4116338669135	-10.6064267637765	-1.23279983018651	-0.846336009174777	0.173673101348897	-0.45594459584332	1	2	2	2	3
47.01806063069	0	-0.70117377232766	-0.51801257379357	0.811320984992864	0.432934321968703	1	2	2	2	3
59.60990946373	12.59184883304	-0.0818743633097056	-0.0568317393341411	0.628668060139393	1.00096857196228	1	2	2	2	3
73.0779879781359	26.0599273474459	0.385761531552576	0.42677065538887	-0.218325455701513	0.798492353729147	1	2	2	2	3
11.1554218723867	-37.606058650404	-0.595188559396925	-0.995966623136038	-1.35580355212269	-0.680444798921423	1	1	2	1	4
22.2114692111479	-26.5500113116428	-1.11551655893623	-1.16927919498745	-1.01624306224017	-0.886565880460765	1	1	2	1	4
36.2390834724139	-12.5223970503768	-1.16437164708503	-0.948115810962246	-0.442359023028975	-0.835846973666094	1	1	2	1	4
48.7614805227907	0	-0.716333687370772	-0.419790368112172	0.149951967259029	-0.541479505513947	1	1	2	1	4
60.3718546536934	11.6103741309027	-0.00452447963818536	0.207117609740787	0.537861045695133	-0.0800252003356024	1	1	2	1	4
74.0827268007982	25.3212462780075	0.600689492526173	0.685108841101918	0.575435855316631	0.428496778316921	1	1	2	1	4
11.5330896703799	-35.9763202091506	-0.0571843979211197	-1.10300208519444	-0.632999018837261	-0.661787323540028	1	2	2	2	5
22.0550524295876	-25.4543574499429	-0.475978493255314	-1.11200954137363	-0.743671056717765	-0.471402435172575	1	2	2	2	5
35.8693913837355	-11.640018495795	-0.688496575440176	-0.433940426839294	-0.24453852319919	0.384146679021846	1	2	2	2	5
47.5094098795305	0	-0.638114405466792	0.416135597330378	0.548636125971948	1.16743539602863	1	2	2	2	5
58.9315146010863	11.4221047215558	-0.338256027091961	0.792490300377589	1.13407278583513	1.20332259622404	1	2	2	2	5
71.7545142395264	24.2451043599959	0.131182993568901	0.409240008811574	1.14141107114498	0.460875975855921	1	2	2	2	5
13.9327483540366	-33.6627694191048	-0.468322297475403	0.282915806426552	-0.489044822953664	-0.0310989469807182	2	2	2	2	6
23.3997216479433	-24.1957961251982	0.428121687520665	0.850868838958228	-0.05335444816457	-0.652741408313525	2	2	2	2	6
36.5864878642454	-11.0090299088961	0.802516518088527	1.25329665548915	0.545103038040248	-0.825509829913882	2	2	2	2	6
47.5955177731414	0	0.341734347171208	1.35411023210772	1.08692828441395	-0.454460180626362	2	2	2	2	6
59.2462623398775	11.6507445667361	-0.568846296038627	1.11921743930528	1.37348377654023	0.256499040901893	2	2	2	2	6
71.5821048624964	23.9865870893549	-1.1676546496061	0.628051978191051	1.29971595503024	0.916663712622703	2	2	2	2	6
12.2494954711583	-37.8939970032773	-1.39631689044502	-1.00715065671543	-0.952680403923449	-0.531353493576843	1	1	1	2	7
24.7255498268611	-25.4179426475745	-1.02869980574174	-0.52529837235237	-0.617893282978726	-0.686355448567455	1	1	1	2	7
36.3636246188697	-13.7798678555659	-0.333240820550067	-0.0342633085233754	-0.0512801148676978	-0.443653000711142	1	1	1	2	7
50.1434924744356	0	0.32228694611532	0.341755268109134	0.53790045146973	0.0999704921257184	1	1	1	2	7
57.2568915717144	7.11339909727886	0.591226830841239	0.507649625105364	0.932055292131322	0.727732267690364	1	1	1	2	7
70.7524848349775	20.608992360542	0.331357851026046	0.421459505448842	0.985617176999677	1.1892974277733	1	1	1	2	7
11.8992379913563	-35.9130492949308	-0.416770179454512	-0.376972438179701	0.150999669906736	-1.21346210143317	2	2	1	1	8
23.0003284125963	-24.8119588736909	0.199431006241609	0.350100666660049	0.923425499709991	-1.03581735051237	2	2	1	1	8
35.6357731848395	-12.1765141014477	0.833086366500087	1.09100339670669	1.15990507732351	-0.303674977843788	2	2	1	1	8
47.8122872862872	0	1.20575103940797	1.37004418526184	0.691903960909747	0.475137529312397	2	2	1	1	8
61.1518774342404	13.3395901479533	1.15366634809502	1.00806678887071	-0.147042464657401	0.760421415467749	2	2	1	1	8
71.8839017560817	24.0716144697945	0.699719678339029	0.237476336865	-0.759033234772697	0.354298502182692	2	2	1	1	8
11.2311422408025	NaN	-0.584638091029096	0.352001458361008	-0.216799155592959	-1.27132646537713	1	2	2	1	9
23.9098368188907	NaN	0.292276880437634	-0.24947362918702	0.567049733569917	-1.4406441335816	1	2	2	1	9
36.0595021521618	NaN	0.816678418776908	-0.602281090527516	1.14068216364065	-1.15341424441935	1	2	2	1	9
49.0198581338292	NaN	0.585117681517764	-0.563265865441996	1.15056760496575	-0.541335923001725	1	2	2	1	9
59.120378084077	NaN	-0.22425384897614	-0.148258761122957	0.590613645184402	0.114943925624448	1	2	2	1	9
71.1291480562293	NaN	-0.988745384762351	0.474347051876577	-0.194079247867802	0.514511346632367	1	2	2	1	9
11.2908746288518	NaN	-1.21657629524857	-0.517851532725488	-0.416702092572941	-0.74588174540831	1	2	1	1	10
24.4381160253193	NaN	-0.596365580971978	-0.0923011288224762	0.319044138727065	-0.938598933596119	1	2	1	1	10
35.6417955499043	NaN	0.317235249009552	0.735347704593329	0.888334861173447	-0.730143902338047	1	2	1	1	10
48.6797826272514	NaN	0.749613738943502	1.38092120769108	0.981635060207759	-0.204150192735026	1	2	1	1	10
60.7872491768134	NaN	0.334170217604668	1.38875861551162	0.548215508516603	0.428350030311854	1	2	1	1	10
72.7005697327356	NaN	-0.576854253341918	0.753328103676074	-0.176264715062193	0.913593482312474	1	2	1	1	10
12.0129952695368	NaN	-0.88069086746981	-1.31854139547586	-1.42697375174398	-0.690221007059838	2	2	1	1	11
23.9330929916065	NaN	-0.15319479496606	-1.11595351062923	-1.2735742965134	-1.2878793383046	2	2	1	1	11
35.7214624194709	NaN	0.464811801514482	-0.417458051516347	-0.703960305469441	-1.17456945692697	2	2	1	1	11
47.9744769354712	NaN	0.635831010244514	0.336309978535058	-0.00150106753563245	-0.435041612122365	2	2	1	1	11
60.1466606397656	NaN	0.26646799346609	0.669847733949058	0.484346806529141	0.377573539081398	2	2	1	1	11
70.3023559665826	NaN	-0.441565410238598	0.3727481060618	0.511885660481539	0.655479609227339	2	2	1	1	11
10.391652063144	NaN	-0.387520498979639	-0.302540545631561	-0.976343090162203	-0.704185063600763	2	2	2	1	12
25.1631282742418	NaN	-0.898983672444322	0.619590815358941	-0.600233948497273	0.107020687216825	2	2	2	1	12
36.287443456324	NaN	-1.24196408637757	1.21476057586423	0.0665914788283503	0.955019052204069	2	2	2	1	12
47.1055804171787	NaN	-1.31574640377951	0.972759702298928	0.701399883705343	1.08897202814866	2	2	2	1	12
59.7681389014111	NaN	-1.09866463248297	0.101043344473985	0.996953707207342	0.390274451249249	2	2	2	1	12
72.0954721936714	NaN	-0.654464289329379	-0.653110006665709	0.810209419087291	-0.522430158472365	2	2	2	1	12
13.2050633376825	NaN	-0.659845486650891	-1.16164102864356	0.105687422233862	-0.158307683247764	2	2	2	2	13
23.6307059868181	NaN	-0.949555880675678	-0.902547439350478	-0.429804980335619	0.541880906789633	2	2	2	2	13
36.1096796026294	NaN	-0.519960490521262	-0.452834504767889	-0.728831767413098	0.863286233224761	2	2	2	2	13
48.5046282209496	NaN	0.31864523676867	0.0662995546441031	-0.686614139199664	0.626016044995782	2	2	2	2	13
59.6202878757568	NaN	0.96053892845336	0.514947435042079	-0.317945126305695	-0.0371282860476333	2	2	2	2	13
72.9412045687156	NaN	0.942082718343811	0.772197949453169	0.247993878954042	-0.754981391199698	2	2	2	2	13
11.6271581146501	NaN	-0.393743108268709	-0.662139005735432	-0.838527561135589	-0.0669844422846329	1	1	1	2	14
24.887903882093	NaN	-0.5927792718187	-0.171808735829609	0.0205397781896564	-0.478628078398528	1	1	1	2	14
34.9989951153593	NaN	-0.00745561382013155	0.426677320371142	0.536400130308592	-0.662858960257792	1	1	1	2	14
49.0335886526609	NaN	0.889238129250579	0.918948371855933	0.327783006434024	-0.56807552963529	1	1	1	2	14
60.4995331938116	NaN	1.37269954052665	1.12867861519926	-0.451123444524518	-0.220825847664286	1	1	1	2	14
71.6144965267982	NaN	1.05225197061738	0.980745100252845	-1.2246323296771	0.281628299234047	1	1	1	2	14
12.0329617702389	NaN	-1.23523037055029	-0.438131138045745	-0.501483551114401	-0.921574714975005	2	2	1	2	15
25.4301549060979	NaN	-1.11745389071668	0.266688929259512	-1.07181285351313	-0.508837413810535	2	2	1	2	15
34.8813122383069	NaN	-0.726097564709345	0.751220545335038	-0.77501068553808	0.175471878222099	2	2	1	2	15
47.765281466528	NaN	-0.182857487881708	0.772652652509968	0.127974140463391	0.794118620076555	2	2	1	2	15
59.3724358292862	NaN	0.343340499563571	0.320245079372145	0.843236312005204	1.04222743962482	2	2	1	2	15
72.5897531641845	NaN	0.688869962586524	-0.379289287473357	0.741916493408507	0.797527800920539	2	2	1	2	15
12.3354494809693	NaN	-0.998095716502446	-0.493841911035656	-0.881185700986058	-0.960483774180556	2	2	2	1	16
23.311550976676	NaN	-0.359797280039425	-0.843312134954337	-0.389390978646838	-0.270415131329633	2	2	2	1	16
35.3644709345333	NaN	0.242187424068872	-0.934576449392406	0.0863602750790735	0.406299696796212	2	2	2	1	16
48.0416492981717	NaN	0.546312498136248	-0.741562931014731	0.42679111658274	0.704040255614879	2	2	2	1	16
60.1482848476994	NaN	0.420443911243001	-0.319410696186468	0.54655116587721	0.461941090523728	2	2	2	1	16
71.918153581253	NaN	-0.0807318764320294	0.211281960238964	0.415615041979402	-0.189194684498314	2	2	2	1	16
