age	diseaseAge	x1	x2	x3	x4	z1	z2	z3	z4	id
12.1966879788622	-36.0896075078023	-0.291641958600571	-0.200571644454277	-0.0105695343091454	-0.267181572242409	2	1	1	1	1
23.2997441578098	-24.9865513288547	0.420632746960575	0.527212647444185	-0.601018135632426	0.466472038676622	2	1	1	1	1
35.8912602738139	-12.3950352128506	1.10395370105433	1.09528434568707	-0.519297380458287	0.940852384494943	2	1	1	1	1
48.2862954866646	0	1.36939156194436	1.20133470001635	0.176351571044182	0.897108020371394	2	1	1	1	1
59.9109872806863	11.6246917940217	1.06586568167251	0.788927260278169	0.990150113799933	0.359108594272745	2	1	1	1	1
72.3132363996087	24.0269409129441	0.366135464303368	0.0775314668442108	1.34211619584418	-0.379579918741223	2	1	1	1	1
11.9127546784273	-36.7419274424207	-0.629245136776858	-0.397914531389397	-0.306838656197602	-0.621662659074103	2	1	2	1	2
23.9461680387463	-24.7085140821017	-0.829665484191835	0.383544256397938	0.527824745298694	-0.901327842852749	2	1	2	1	2
34.8681091092144	-13.7865730116336	-0.579284171300735	0.648057393134204	0.976440167574135	-0.757957695771952	2	1	2	1	2
48.654682120848	0	0.00893840254634476	0.208019554985422	0.720312446997237	-0.252576554969496	2	1	2	1	2
60.6078094504034	11.9531273295554	0.669623579168925	-0.624473450090799	-0.0586059873206889	0.399704207017443	2	1	2	1	2
70.2142422420481	21.5595601212001	1.10470094534717	-1.25897790450108	-0.806973619340278	0.921246588565349	2	1	2	1	2
10.5831691195837	-37.6340566688683	-0.68950376560509	-0.384916940052889	-0.549305394946908	-0.523154662711782	2	2	2	2	3
24.8978300278587	-23.3193957605933	-1.08573028395714	0.492068112710498	-1.15087367025688	-0.727306196735366	2	2	2	2	3
36.0244466948389	-12.1927790936131	-0.751478829650557	0.918153354994657	-1.45467100812821	-0.385292637906872	2	2	2	2	3
48.217225788452	0	0.0688908254833999	0.558078567630563	-1.32881376195129	0.31514599505412	2	2	2	2	3
59.051130901828	10.833905113376	0.775634569151472	-0.304835589220506	-0.827938725762417	0.989520962828489	2	2	2	2	3
72.201353984399	23.9841281959471	0.85207629502473	-0.991615143592145	-0.169484362752783	1.26765054072776	2	2	2	2	3
12.3539280171245	-36.3594603753767	-1.24121223741871	-0.600563006740608	-0.876529057567613	-1.43792911334275	2	2	1	1	4
23.0976338736687	-25.6157545188324	-1.07641600362678	-0.0987680226820369	-0.0792741422205783	-1.35817579687791	2	2	1	1	4
35.2714123794874	-13.4419760130138	-0.468520010302075	0.393242237950195	0.771164869748799	-0.878748706641756	2	2	1	1	4
48.7133883925012	0	0.255652176921251	0.745195008673907	0.934168732144006	-0.213510067154435	2	2	1	1	4
62.3555258614237	13.6421374689225	0.706763337597003	0.863901458316493	0.267782765093648	0.3407913183251	2	2	1	1	4
72.6450692384875	23.9316808459863	0.642282249857652	0.717930905789421	-0.647659502899303	0.536893395216549	2	2	1	1	4
11.9023767836044	-34.696124311387	-1.13371132781085	-0.166282478124246	0.250483911292022	-1.46976198570089	2	1	1	2	5
23.2303924889763	-23.3681086060152	-0.938880234850892	-0.697533514415247	0.954139309832156	-1.25506561895144	2	1	1	2	5
36.7021143467374	-9.89638674825408	-0.394342299845867	-0.972628645911477	1.35448945734854	-0.559947478932412	2	1	1	2	5
46.5985010949915	0	0.263204933578772	-0.892365320277176	1.24103580075406	0.185906727791809	2	1	1	2	5
60.1172831672489	13.5187820722574	0.747941497769374	-0.485687440367232	0.673430698624664	0.52144890973916	2	1	1	2	5
71.5140335020583	24.9155324070669	0.849164066706429	0.100752148869284	-0.0498869613202168	0.23926442581243	2	1	1	2	5
12.2286630954179	-32.3403571813968	-1.14725355543201	-0.246360200066763	-0.445604720076293	-1.34753313140947	2	1	2	2	6
24.3001073203414	-20.2689129564734	-0.495843160716798	-0.806054598597411	0.188491057643226	-1.13760151662784	2	1	2	2	6
36.4640365457467	-8.10498373106807	0.229027767496049	-0.902957986630137	0.628401145373972	-0.677271142001731	2	1	2	2	6
44.5690202768147	0	0.621210273356842	-0.485804262632821	0.692490263195568	-0.11327001724596	2	1	2	2	6
60.3836361773458	15.8146159005311	0.460962456537771	0.224714133190838	0.354296538147965	0.374629313671356	2	1	2	2	6
70.89099490708	26.3219746302653	-0.161927996705458	0.852702106146806	-0.246542604691343	0.630911373795575	2	1	2	2	6
10.5906443828122	-38.7485797650064	-0.324282601007032	-0.8690315170595	-0.756552666339455	-0.573186161502899	2	1	1	1	7
22.9554013624374	-26.3838227853811	0.313081222983158	-0.409773719797582	-0.802668937426087	-0.954757143159886	2	1	1	1	7
36.1054955130456	-13.233728634773	0.868419200014304	0.134782896042779	-0.282956615314488	-1.09826921479823	2	1	1	1	7
49.3392241478186	0	1.11245293108014	0.603113664446247	0.49087586094959	-0.963831662504513	2	1	1	1	7
59.8427681446104	10.5035439967918	0.944429963662616	0.856303789869779	1.05470612405504	-0.588812840568005	2	1	1	1	7
71.8077477394425	22.4685235916239	0.433720732630463	0.819252815799214	1.07036506828338	-0.0774532380795376	2	1	1	1	7
12.8391949315135	-25.5046579971592	-0.918316205719987	-0.338912671250369	-1.12039153583855	-0.145504221388636	2	1	2	2	8
23.3681426001487	-14.975710328524	-1.33685651034755	-0.854951912761506	-0.710625558211472	-0.810263635681188	2	1	2	2	8
38.3438529286727	0	-1.01429355966244	-1.08567130858554	-0.12258874798724	-0.958390543310906	2	1	2	2	8
47.2096337234678	8.86578079479509	-0.19013632053044	-0.945162026232779	0.431120963400982	-0.497502078695777	2	1	2	2	8
60.9906181243427	22.64676519567	0.523663188193772	-0.485742980451498	0.750316211473914	0.284957716050829	2	1	2	2	8
70.6024682507822	32.2586153221095	0.59709560703251	0.121520220227085	0.719595633113277	0.900989197932901	2	1	2	2	8
11.6874853786881	NaN	0.0313913162877124	-0.688426375658878	-0.459733508189691	-1.04058720516361	2	1	2	1	9
22.6079308927211	NaN	0.742291519481217	-0.211784464292721	-0.906471518665062	-0.908500605391873	2	1	2	1	9
35.3890833939787	NaN	1.10508026349871	0.348845540533261	-1.0411524335664	-0.483450621986322	2	1	2	1	9
48.3286376624866	NaN	0.918975353253556	0.81722119985472	-0.815027573319401	0.0907259539710117	2	1	2	1	9
61.2678651193567	NaN	0.28697489166821	1.04610160997444	-0.30994437981321	0.61972793573858	2	1	2	1	9
71.8864317214172	NaN	-0.441146101868195	0.963534785869477	0.29127882576219	0.924541206143995	2	1	2	1	9
12.7192410066569	NaN	0.042754011235678	-0.415303129476077	-1.45324914987253	-0.11219884346946	2	1	1	1	10
23.0193050314219	NaN	-0.618981412439202	-0.660770016205864	-1.45849837866723	0.380810648445656	2	1	1	1	10
36.9744368859793	NaN	-0.88628814499891	-0.375439613742452	-1.16514042044923	0.793729551911377	2	1	1	1	10
47.4804649616092	NaN	-0.615266983283257	0.289170106251814	-0.664135798282677	1.02549304466472	2	1	1	1	10
61.0057775406832	NaN	0.0481832813194029	0.980133847870122	-0.110829343331015	1.019375372555	2	1	1	1	10
72.4268258641666	NaN	0.746907542768433	1.33053163441754	0.323217058500571	0.776873879102322	2	1	1	1	10
9.95771374208383	NaN	-1.22207730030692	-0.609052249503145	-0.617304185820303	-0.163887475834912	2	1	2	2	11
24.8098856716882	NaN	-1.37576544829233	-0.150425364372092	-0.922067657021186	0.744702132473989	2	1	2	2	11
35.3355386712023	NaN	-1.03241075663242	0.367530046811017	-0.717415177958221	1.30545727440161	2	1	2	2	11
47.8668604909163	NaN	-0.364449984510906	0.805640587381717	-0.107894321599896	1.05479722825233	2	1	2	2	11
60.0933027305524	NaN	0.292659122469102	1.04618698898358	0.595118638980004	0.199944641498807	2	1	2	2	11
73.1381783900722	NaN	0.608908652401829	1.02453500117045	1.03248659911242	-0.552387074817785	2	1	2	2	11
12.5526680348121	NaN	-0.888229610982248	-1.05691259637582	-1.0332709602686	-0.593292978034356	2	2	2	2	12
24.6043003077507	NaN	-0.513009871534943	-1.23955788203482	-1.41794870476749	0.240267322720016	2	2	2	2	12
36.0833639465032	NaN	0.250062528241905	-1.11449471081616	-1.00498083491135	0.892849068463371	2	2	2	2	12
46.5400122026289	NaN	0.924306618512764	-0.720262279700386	-0.12382097140361	0.89546812729665	2	2	2	2	12
59.8576747796703	NaN	1.08853126859308	-0.178346403982555	0.522567462590879	0.246242287464269	2	2	2	2	12
70.7480531874457	NaN	0.640147568840617	0.344257289426086	0.418514785470768	-0.588256073111374	2	2	2	2	12
13.4834126115289	NaN	0.176795602388186	-0.701688893064362	-0.0885835495259632	-1.01493429622324	2	1	2	1	13
25.0794598753358	NaN	-0.429971745830941	-0.874520731054431	0.546511711180089	-0.650867760387705	2	1	2	1	13
36.2650609998602	NaN	-0.699278723122608	-0.338259336981014	1.04579017881004	-0.0777286911322193	2	1	2	1	13
48.721006891174	NaN	-0.506444698582258	0.515852946700622	1.2077886406757	0.496921387540397	2	1	2	1	13
60.1947702051735	NaN	0.0592542604511003	1.0646780491159	0.967139305666584	0.86497374164946	2	1	2	1	13
72.4718787538188	NaN	0.735917389936211	0.907807473512567	0.420946277615468	0.893138718421975	2	1	2	1	13
14.8035200714692	NaN	0.0313895348424487	-1.20088766784067	-0.488040827145309	-0.153463222835082	2	1	1	2	14
24.7691498984014	NaN	0.906967178560957	-1.49425509766201	-0.708815287810646	0.392485963377494	2	1	1	2	14
35.6580152399714	NaN	1.37072765553712	-1.12393296311522	-0.374826416116147	0.822919701883544	2	1	1	2	14
48.3172501424988	NaN	1.06323341826695	-0.336029172845203	0.328018350848457	1.00785531580048	2	1	1	2	14
59.7460164239803	NaN	0.222807868599284	0.345832822246132	1.00849618989331	0.891445821034359	2	1	1	2	14
71.0070177300655	NaN	-0.499177189637575	0.468502605422981	1.28783432810727	0.508844637009884	2	1	1	2	14
12.3963652868339	NaN	-0.760728162628741	-0.588443665874145	-1.23434557809169	-0.950105361149674	1	2	2	1	15
22.0532815107305	NaN	-0.639809008671344	-0.628084510442822	-1.40148215361012	-1.3991571933284	1	2	2	1	15
35.9479018574735	NaN	0.15638333125823	0.110121450848691	-0.880278807873646	-1.18989857222584	1	2	2	1	15
49.8615927342262	NaN	0.974679107190299	0.991753838701174	-0.0395607537614036	-0.461903517933823	1	2	2	1	15
58.4403223443405	NaN	1.14377564442936	1.25913040285849	0.525744869797474	0.299260417782505	1	2	2	1	15
72.4630574450059	NaN	0.524951760404199	0.682465487090457	0.415604239811562	0.585902273866921	1	2	2	1	15
10.660354914444	NaN	-0.667895930401983	-0.943910089685877	-0.178812097251215	-0.849233519228644	1	2	2	1	16
23.579198951139	NaN	0.0586622287009579	-0.358455093828637	-0.775705490234622	-1.36564872341758	1	2	2	1	16
36.2353326491025	NaN	0.87852449184538	0.29729158895344	-1.08840991833177	-1.18130875471029	1	2	2	1	16
47.2265622353899	NaN	1.17946565011331	0.731915155863009	-0.984824470945059	-0.42852455652502	1	2	2	1	16
59.7236618976157	NaN	0.736760439548869	0.752268246238362	-0.508708464204771	0.352389211486758	1	2	2	1	16
72.6751677000089	NaN	-0.119004769172237	0.349305916393493	0.138804531689212	0.600927748882102	1	2	2	1	16
