age	diseaseAge	x1	x2	x3	x4	z1	z2	z3	z4	id
10.2680438518443	-37.0240679965802	-0.738202101974594	-0.229544926125242	-0.493704087921446	0.214498778592173	1	1	1	1	1
23.5564880893545	-23.7356237590701	-1.19295377590821	0.293319794747879	-0.162528999694462	0.835999700303839	1	1	1	1	1
36.0460143777704	-11.2460974706541	-1.22686503729269	0.757537652435701	0.358550321563024	1.31901904211216	1	1	1	1	1
47.2921118484245	0	-0.824476590145929	1.03589002151055	0.906745497283285	1.47652877618156	1	1	1	1	1
61.1009619416856	13.8088500932611	-0.169227264232813	1.0520946022035	1.31079698951576	1.2475401751919	1	1	1	1	1
70.3476405552051	23.0555287067806	0.440171159822661	0.801710538896319	1.4444766318468	0.720719018611939	1	1	1	1	1
13.5273394648895	-33.7850611400555	-0.760588393740217	0.126954690045405	-0.419971206250842	-0.793516719589692	2	2	1	1	2
24.9499973617318	-22.3624032432132	-0.518564603192797	-0.528902393143462	0.38374391380561	-0.576182585971444	2	2	1	1	2
35.3593865146265	-11.9530140903184	-0.0332564669207978	-0.474667113326524	0.891348876857024	-0.131114985972533	2	2	1	1	2
47.3124006049449	0	0.537271322415707	0.247991738893853	0.773768594077219	0.410609187856332	2	2	1	1	2
61.0322476218841	13.7198470169392	1.00719806053542	1.0838576975613	0.107229156258088	0.889446708092482	2	2	1	1	2
70.6007762200081	23.2883756150632	1.2234687708533	1.39073764187106	-0.676158758667015	1.16437510042101	2	2	1	1	2
10.4577295292258	-35.8716069425481	0.446523515349223	-0.0336039305930687	-0.94092590346851	-0.238747240005988	2	2	1	2	3
23.8619892449023	-22.4673472268716	-0.237341748721374	0.829518217742915	-1.27203398242814	-0.69601444663729	2	2	1	2	3
35.1321901619575	-11.1971463098164	-0.505725850745309	1.03663329229684	-1.33731848734283	-0.378141428826592	2	2	1	2	3
46.3293364717739	0	-0.20616278355094	0.408888945905897	-1.11798867722498	0.467515248786071	2	2	1	2	3
59.4891629242013	13.1598264524274	0.491169024233564	-0.511631875454022	-0.677173921871744	1.18289806348342	2	2	1	2	3
71.8122288151399	25.482892343366	1.19012317047442	-0.930021751996802	-0.141753270181116	1.21132360544098	2	2	1	2	3
11.514361208312	-36.5231270544019	-0.445101984041975	0.0396419088734538	-1.30429345005432	-0.0715638116167088	2	2	1	1	4
22.2149552275686	-25.8225330351453	0.245393228510266	-0.667662176486084	-1.3789328608047	-0.673666574825525	2	2	1	1	4
36.894733006897	-11.1427552558169	0.612210985195703	-0.956276352360825	-1.09009626915017	-0.535869933020157	2	2	1	1	4
48.0374882627139	0	0.463836449164879	-0.656327571333279	-0.544609972356175	0.235162265209264	2	2	1	1	4
59.3754856917701	11.3379974290562	-0.12226432309322	0.0556397770222027	0.0557777643670046	1.04259935278291	2	2	1	1	4
72.3182509753684	24.2807627126545	-0.840089259076395	0.760574678456809	0.489013362314781	1.26143083505709	2	2	1	1	4
11.8782261984194	-25.0674432697926	-0.77650186505611	-0.622897212483973	-0.327169898088836	-0.565134888601036	1	1	1	2	5
24.4053219342116	-12.5403475340005	-1.13001974313532	0.175575322814758	0.511130867078982	-1.09302454921372	1	1	1	2	5
36.9456694682121	0	-0.776540816430229	0.835487195091634	1.32806501365633	-1.38414803270991	1	1	1	2	5
47.1547075082717	10.2090380400596	0.0340264432386503	0.916744182553485	1.40625163310184	-1.33786018125026	1	1	1	2	5
58.5917538278724	21.6460843596604	0.728613573035922	0.365156124112745	0.677032084656524	-0.970163304439795	1	1	1	2	5
74.8450848091551	37.8994153409431	0.816149691390605	-0.451423744779119	-0.219238243939311	-0.408174973692544	1	1	1	2	5
12.3912504825397	-34.0922774452048	-0.29308594788418	-1.05866971379043	-0.664171769889565	-1.01322255891197	2	2	1	1	6
23.9063680908697	-22.5771598368748	-0.804676256793018	-0.599746665231564	-0.19798563928635	-0.325543080249786	2	2	1	1	6
35.5398717952193	-10.9436561325253	-0.561593875641395	-0.0781869191736032	0.441826175370606	0.342758751753808	2	2	1	1	6
46.4835279277446	0	0.249984082507921	0.363988337751015	0.990423497195832	0.637019131017646	2	2	1	1	6
59.9850137918637	13.5014858641191	1.00846900001107	0.606374386499886	1.22072297383049	0.401075825013182	2	2	1	1	6
72.319082547683	25.8355546199384	1.13293628836689	0.582969288605472	1.03739570897833	-0.239857457543513	2	2	1	1	6
11.1731073380909	-38.5747193378647	-0.5810344834973	-0.52460519119486	-0.596450556024039	-0.669298536365327	1	2	1	2	7
25.2783545788047	-24.469472097151	0.226839734640944	-1.08285552363924	0.268489189499647	-0.662983168985893	1	2	1	2	7
35.8096180225162	-13.9382086534395	0.591275961473188	-0.891591631513556	0.799344286442469	-0.0105294300290329	1	2	1	2	7
49.7478266759557	0	0.257920208500024	-0.0982123007106227	0.598875405285271	0.821184445849607	1	2	1	2	7
60.3766860060936	10.6288593301379	-0.540565787834389	0.685859430091854	-0.18290641631035	1.23700652231558	1	2	1	2	7
72.2160791038815	22.4682524279259	-1.24688809521724	0.856373485834107	-0.9609931631075	0.939385777128343	1	2	1	2	7
11.2963932107679	-36.7485092190844	-0.64156450281981	-0.418228863708525	0.299652516592921	-0.476985684923043	1	2	1	2	8
25.2455326481034	-22.7993697817488	-0.698098686037117	-1.09178867075916	1.07413026952025	0.0421542029278184	1	2	1	2	8
38.1556416866236	-9.88926074322863	-0.430424714699215	-1.18632960146506	1.29171734741402	0.765501418415603	1	2	1	2	8
48.0449024298522	0	0.0730342104334004	-0.638085794730781	0.794186403915693	1.31423027918756	1	2	1	2	8
59.8541389646956	11.8092365348433	0.645965879812843	0.183163880485779	-0.0566625787192125	1.40096484647214	1	2	1	2	8
72.2399232681212	24.1950208382689	1.09910851437868	0.723503862707413	-0.642099949918801	0.980281178721453	1	2	1	2	8
11.7628905590435	NaN	-0.360969393771599	-0.0515543323734629	-0.327032961791888	-0.472902457024535	1	2	2	2	9
24.9861741886502	NaN	0.379145750081591	-0.512508851768022	-0.843588484080275	0.375391403457552	1	2	2	2	9
36.6741264021302	NaN	0.835871045087419	-0.832531680440621	-1.11773811038455	0.843445846800949	1	2	2	2	9
47.4448480854275	NaN	0.753515334799732	-0.933589917729931	-1.05558478644563	0.590442356757784	1	2	2	2	9
61.7391135033898	NaN	0.178184291563948	-0.791041985958152	-0.678416208726751	-0.199392049263239	1	2	2	2	9
71.4375098755474	NaN	-0.568031187984895	-0.439646119859858	-0.11541372569193	-0.950931562352523	1	2	2	2	9
13.3593669301398	NaN	-0.433445375812775	-0.630252713486271	-1.05017540015726	-0.751587613701545	1	1	2	2	10
23.1916425713171	NaN	-0.589432808044569	-0.0901506478652805	-1.36348482459283	0.0941991498165194	1	1	2	2	10
34.9641336349924	NaN	-0.458945982198904	0.599623050312896	-1.41158307615123	0.594364743396871	1	1	2	2	10
48.718395742084	NaN	-0.079377441783708	1.11053224706225	-1.18084082317428	0.389626953847536	1	1	2	2	10
57.1163785644529	NaN	0.440502957932243	1.19923317215601	-0.736642203161505	-0.372945633751971	1	1	2	2	10
74.1160359066721	NaN	0.951717338612869	0.823477970843772	-0.204857286606337	-1.14557690183417	1	1	2	2	10
11.4331055613527	NaN	-0.189591564176781	-0.912114049898442	-0.769468137507608	-0.367179107667089	1	2	1	1	11
23.9900345598201	NaN	0.617206907313	-0.556580776102525	-1.22309694376705	-0.914775623807981	1	2	1	1	11
34.7131015673685	NaN	1.30689055627074	0.327691308326093	-1.0853837696936	-1.26544855718327	1	2	1	1	11
46.1363410035497	NaN	1.39817496617543	1.01258386391914	-0.439814274520534	-1.3014718093813	1	2	1	1	11
59.497324541766	NaN	0.827358809578118	0.934149618028278	0.322248876211728	-1.01075184101037	1	2	1	1	11
71.7775254806654	NaN	-0.00722322589467023	0.156972100860044	0.73882123588563	-0.490887652019657	1	2	1	1	11
12.2918667165718	NaN	-0.566817316388258	-0.6585854558811	-0.597518999345191	-0.416953764110666	2	2	2	2	12
23.4111037316884	NaN	-0.56779658112801	-0.885375856606488	-0.0909941687302151	-0.726322759017302	2	2	2	2	12
36.4104858998341	NaN	0.114273747761504	-0.614135761264085	0.707347800947272	-0.323800175033692	2	2	2	2	12
47.4915120047333	NaN	0.962154257508848	0.01997244762666	1.28671349109372	0.503529698552656	2	2	2	2	12
62.651927733418	NaN	1.33286548047455	0.700964600466415	1.27641440890039	1.16560454420844	2	2	2	2	12
72.8259119700428	NaN	0.945283246389033	1.08949366326053	0.683040090683444	1.19022405794285	2	2	2	2	12
13.3537231851291	NaN	-0.169402385078358	-0.0604375716752624	-0.857409431081582	-1.35637563386477	1	1	1	1	13
23.5225247204147	NaN	0.543146640424108	0.66812693858676	-0.00619484081583138	-1.46885820629959	1	1	1	1	13
33.9862568271265	NaN	1.22751246087762	1.03732473929602	0.754759242820278	-1.19693710104359	1	1	1	1	13
48.3595351364658	NaN	1.49335594303517	0.834451795784759	0.794146697634319	-0.646101021588965	1	1	1	1	13
60.6630928155427	NaN	1.1890489498633	0.176388256111474	0.0792907276192764	-0.0300405669191221	1	1	1	1	13
70.5332551404059	NaN	0.488157905057729	-0.557739108959344	-0.796746667741431	0.412250608630999	1	1	1	1	13
10.4015308403556	NaN	-0.984074692328336	0.053472818228807	0.0096627715118866	-0.0811068667977973	2	2	2	1	14
23.5104725150129	NaN	-0.667693430724569	-0.654790359380917	-0.517191552578383	0.817854374332783	2	2	2	1	14
34.2846864849738	NaN	0.207869834926881	-0.794321643922083	-0.569826811308816	1.24443425355962	2	2	2	1	14
48.844407107648	NaN	0.919288021548471	-0.269196364410097	-0.120609923819378	0.847117553861879	2	2	2	1	14
59.4101148544216	NaN	0.878838845708817	0.559573467916664	0.594623913576703	-0.0466942866677959	2	2	2	1	14
71.7706465371609	NaN	0.119938492760577	1.12222692991234	1.20038277893752	-0.700472241697829	2	2	2	1	14
11.3246306107317	NaN	-0.370884502632431	-0.874650548229751	-1.08229825538595	-0.483311685866931	2	2	2	1	15
23.2873563072	NaN	0.203583681710624	-0.444840350348484	-0.707532107306652	0.31620866476071	2	2	2	1	15
34.1065320850341	NaN	0.600410224303367	0.305986628685156	-0.127245959196052	0.674810284992744	2	2	2	1	15
47.2477578698056	NaN	0.681163244510079	0.939023547879872	0.445987698532063	0.345903981675059	2	2	2	1	15
58.042585946744	NaN	0.417672266683664	1.08430377244555	0.802179868881946	-0.44434077081593	2	2	2	1	15
71.8280807283202	NaN	-0.0981445845647174	0.656920981511551	0.810848966236404	-1.15251924445658	2	2	2	1	15
12.5389980659094	NaN	-0.573277847727096	0.0630319256779781	-0.193746116082511	-0.529675016257469	2	2	2	1	16
24.44768073309	NaN	-0.0643260206291012	-0.664793390074857	0.591370078833537	-1.04664320754415	2	2	2	1	16
35.7323251547604	NaN	0.759411339367348	-0.639839709897258	0.889080715799779	-0.999621760934154	2	2	2	1	16
47.0704637133229	NaN	1.33726204769184	0.117060246885409	0.492135070877324	-0.416700133953465	2	2	2	1	16
59.7131821571003	NaN	1.27591528134947	0.974004322162237	-0.323133859864571	0.353898607913432	2	2	2	1	16
71.8854258722826	NaN	0.61712637058488	1.21556796649932	-0.989178078064317	0.851837699428849	2	2	2	1	16
