age	diseaseAge	x1	x2	x3	x4	z1	z2	z3	z4	id
11.9845670126575	-37.2619978264025	-0.444957144192113	-0.361820090559438	0.0569150604430939	-0.972286132108579	1	1	1	1	1
24.3619619043086	-24.8846029347514	-0.932970736356017	-1.10572891851417	0.558105218492688	-0.590853679385715	1	1	1	1	1
37.4912448682065	-11.7553199708535	-1.0027276030751	-1.27086488713219	0.93551083076909	-0.0993369465576037	1	1	1	1	1
49.2465648390601	0	-0.62182127983404	-0.73862578213912	1.08928292419636	0.378657485865999	1	1	1	1	1
60.2147924942996	10.9682276552396	0.0327932205010239	0.108729238125021	0.978738517077857	0.722923624175322	1	1	1	1	1
70.6303218380408	21.3837569989808	0.657006172621451	0.662621785070072	0.633123982999534	0.846885453151378	1	1	1	1	1
12.2059746099729	-35.0284751153489	-0.654742404261787	-0.670860417115515	-0.0366507507223132	-1.13463633589461	1	1	1	2	2
23.1333026535487	-24.1011470717732	-0.0595325558291786	0.149413418207394	0.765477132118325	-0.91290440214814	1	1	1	2	2
35.2299227875844	-12.0045269377375	0.439975471470566	0.691435255646681	1.27372305303597	-0.124274705714447	1	1	1	2	2
47.2344497253219	0	0.666669497919593	0.590501085214837	1.15993164332364	0.64372762300661	1	1	1	2	2
57.6505830397864	10.4161333144646	0.540169888038469	-0.0854746768071166	0.497573757292218	0.818944738108742	1	1	1	2	2
72.1370617760716	24.9026120507497	0.105330018379759	-0.881655981324785	-0.285690908519719	0.270840776100887	1	1	1	2	2
12.0317935345447	-36.1885004407716	-1.47412942019763	-0.00278878474576121	-1.20192502950924	-0.640171973388632	2	1	1	2	3
24.3386377413934	-23.8816562339229	-1.04695041027561	0.807383977822749	-0.493610793357898	0.0196492443292968	2	1	1	2	3
35.8451672018024	-12.3751267735139	-0.200000413310235	1.10245654478871	0.350769430792475	0.684582219880217	2	1	1	2	3
48.2202939753163	0	0.442802522506431	0.665522538920425	0.680578079571999	1.02101704150419	2	1	1	2	3
61.4060848534061	13.1857908780899	0.407928254280663	-0.182230023977317	0.24168094959364	0.86015776241883	2	1	1	2	3
73.0811028546006	24.8608088792843	-0.278932580474689	-0.817622448921859	-0.627729577260982	0.28271063705072	2	1	1	2	3
11.591938552002	-36.7190345455271	-1.24047838986579	-1.30930823300133	-0.901465076566226	-0.318219732130945	2	2	2	2	4
26.6496015755108	-21.6613715220184	-1.16573653631312	-0.541054232720917	-0.853284825416234	0.575788772781397	2	2	2	2	4
37.2303144205465	-11.0806586769826	-0.479536629635825	0.300680487734531	-0.577582760167596	0.890437413005946	2	2	2	2	4
48.3109730975292	0	0.333922811536576	0.523770433471375	-0.141052858661941	0.35620169464439	2	2	2	2	4
61.0942732332662	12.7833001357371	0.70064599888039	-0.0552225207850066	0.350705686174954	-0.569298061709987	2	2	2	2	4
71.3585036581478	23.0475305606187	0.361864573013604	-0.96021514445599	0.778733542416413	-1.09328915169587	2	2	2	2	4
12.9796634267449	-33.7504454096465	-1.08193005366624	-0.220791792688636	-1.05934269278054	-0.177130443260911	1	2	2	2	5
22.2665279499288	-24.4635808864627	-0.835979207592113	0.409049426518433	-0.186567571264002	0.46913703504067	1	2	2	2	5
36.3662344999165	-10.3638743364749	-0.0250814676584461	1.03319630990822	0.53827201250907	1.06255307262037	1	2	2	2	5
46.7301088363914	0	0.7318493910103	1.3757536699112	0.512130776804095	1.34331792866726	1	2	2	2	5
60.8553207599346	14.1252119235432	0.857089554206432	1.28529893340156	-0.243242536721447	1.18851170851976	1	2	2	2	5
69.3508249888363	22.6207161524449	0.255050073553718	0.801816320696714	-1.09939947841389	0.665909149163855	1	2	2	2	5
11.3957616339327	-35.4775483244568	-0.899986039200155	-0.568876824965346	-0.420546823202375	-0.666342950937139	2	2	2	2	6
24.2588336134441	-22.6144763449454	-0.637692742065912	-0.151386653235809	-0.552073490475997	-0.311240220029771	2	2	2	2	6
33.5948307131281	-13.2784792452615	0.0817348142837496	0.381210317586054	0.0359214563639193	0.423062560717481	2	2	2	2	6
46.8733099583895	0	0.811169895493644	0.874951267234533	0.901080545418021	1.10234423069772	2	2	2	2	6
59.2919441775823	12.4186342191928	1.0972660556195	1.18710585127818	1.39253153793403	1.3249197046146	2	2	2	2	6
73.3176575991004	26.4443476407109	0.762213533748491	1.22743660545942	1.14054843578871	0.959171639948362	2	2	2	2	6
10.4049610866763	-37.7614318158019	-0.972604642644047	-1.14153854930202	-0.922366493816431	-1.1367543924664	2	1	1	1	7
24.5433847770829	-23.6230081253952	-1.05820024119799	-1.45355517884002	-1.01004874033073	-1.17205178056575	2	1	1	1	7
36.3671070503539	-11.7992858521242	-0.772140128502144	-1.20713244157558	-0.286337620154076	-0.702287944792021	2	1	1	1	7
48.1663929024782	0	-0.222338601440652	-0.540036645091623	0.612783479798046	0.0221449981505527	2	1	1	1	7
61.1154934747698	12.9491005722916	0.383795328434594	0.174782353362825	0.897184262432568	0.615111964672785	2	1	1	1	7
71.6357278258073	23.4693349233291	0.817601620953444	0.537694328507397	0.316938800209274	0.760551473288678	2	1	1	1	7
13.0019455133587	-33.614229781374	-0.616621411279019	-0.137942891020756	-0.428976710863764	-0.652300899225465	1	1	1	2	8
23.6495544993258	-22.9666207954068	-0.883085868921195	-0.745850519189258	-0.568901301046084	-1.02007531861313	1	1	1	2	8
35.8003133387324	-10.8158619560003	-0.702338023395194	-0.925027003959254	-0.268046217587125	-0.994167948792657	1	1	1	2	8
46.6161752947327	0	-0.155397703339468	-0.581028226853667	0.339877497373554	-0.585208509805821	1	1	1	2	8
59.6027258927889	12.9865505980562	0.512570282352044	0.10482368549557	0.984686230734956	0.0390081054270907	1	1	1	2	8
70.270408169536	23.6542328748033	1.00215073689399	0.771015449965441	1.37980331333402	0.622367597718962	1	1	1	2	8
11.3422074136686	NaN	-0.865972220501721	-0.759279306384889	-0.705576000886499	-0.787406317918251	1	1	2	1	9
25.1895866836315	NaN	-0.00628034137441008	-1.10835417920436	0.108872902608678	-0.849045082186957	1	1	2	1	9
37.2474997584706	NaN	0.584479162534589	-1.08169998119494	0.939694162477709	-0.204558627626678	1	1	2	1	9
48.6427134455618	NaN	0.467197138950335	-0.68972263741377	1.06964900921102	0.655919844903241	1	1	2	1	9
59.6261982124089	NaN	-0.270951157878355	-0.0854519581011295	0.386548866438414	1.07799478522882	1	1	2	1	9
71.8589027433763	NaN	-1.08130308142796	0.495201923527219	-0.51989349665644	0.740677381187293	1	1	2	1	9
13.3648922992939	NaN	-0.257206589532591	-0.511146735019885	-0.949761731244847	-0.267115768195078	2	1	2	2	10
23.3254377203284	NaN	-0.606127198632313	0.201787259776973	-1.109362763395	-0.624201099903075	2	1	2	2	10
35.5177060626779	NaN	-0.490860400999878	0.501239305864107	-0.619300785403524	-0.719988603082943	2	1	2	2	10
47.6216488191437	NaN	0.0341891288195827	0.210460163084095	0.193921367521224	-0.526661618060601	2	1	2	2	10
60.7478918084526	NaN	0.721203724536854	-0.498920042098544	0.788496025107806	-0.100362238216273	2	1	2	2	10
73.0662513411978	NaN	1.24591997070649	-1.20819516328377	0.7682889835955	0.435112335617544	2	1	2	2	10
11.150444104402	NaN	-0.581675090549089	-0.185379210347486	0.213517075588918	-0.467826668772523	1	2	2	2	11
23.7544391850087	NaN	-0.0964541538960482	-0.6978513839841	0.709807197861125	-0.726018327117101	1	2	2	2	11
36.1362327702652	NaN	0.366567273986701	-0.508613642410763	1.12192207211049	-0.694875096921045	1	2	2	2	11
47.9641209291839	NaN	0.695679614531273	0.246497902923971	1.34745965182234	-0.383627150029872	1	2	2	2	11
59.3257275977198	NaN	0.8114804931395	1.02545915484269	1.33037850007808	0.115478433909114	1	2	2	2	11
70.9662836035392	NaN	0.686031532517984	1.26912653791474	1.07492293079293	0.65451768298251	1	2	2	2	11
14.3315399611033	NaN	-0.100142702829727	-0.123938697034572	0.0540738453623547	-1.20648164585938	2	2	1	2	12
23.0699388998502	NaN	-0.786697919079522	-0.60837752170786	-0.430157591438351	-0.426547654228615	2	2	1	2	12
34.7767893601643	NaN	-0.889847162738185	-0.786939727534193	-0.745207533979968	0.447293947930262	2	2	1	2	12
48.9918541031032	NaN	-0.338932940424952	-0.593127610014426	-0.804298881496602	0.638138221125982	2	2	1	2	12
62.0604539056508	NaN	0.488667109054807	-0.0991180380416188	-0.591155561133024	-0.0236884438551535	2	2	1	2	12
72.4722059070054	NaN	1.02604485391156	0.511116672491439	-0.164485596257066	-0.949776884711215	2	2	1	2	12
12.8102532446683	NaN	-0.946392660056853	-0.952295136422896	0.25826317827597	-1.08683200771738	1	1	2	2	13
25.0758176273187	NaN	-0.586017141733567	-0.917593851810117	-0.21868293813976	-0.578304588179851	1	1	2	2	13
35.1377711592041	NaN	-0.110576749217619	-0.566320753952517	-0.553210081814813	0.071611424925853	1	1	2	2	13
50.2151662742941	NaN	0.365435469179065	-0.0170525974746407	-0.659915085559336	0.58836834687416	1	1	2	2	13
59.9853334186764	NaN	0.727388761051212	0.544798083014457	-0.511556676289553	0.753669638380166	1	1	2	2	13
75.3478923063198	NaN	0.888119443242497	0.92957136000448	-0.146010040729311	0.497686143137577	1	1	2	2	13
12.978010048219	NaN	0.173348869291137	-1.10111809511509	-0.837812119504964	-0.63210255788744	2	1	2	1	14
22.1354364207517	NaN	-0.31117872134556	-1.35958373578104	-0.703293385994579	-1.12572606124071	2	1	2	1	14
34.8226101496131	NaN	-0.607134583375143	-0.932170117447059	0.00142944122843358	-1.29671815818973	2	1	2	1	14
48.4408027070068	NaN	-0.629374486593046	-0.113880160176899	0.792706366361784	-1.0784687170031	2	1	2	1	14
59.9889224265617	NaN	-0.371500181522719	0.530498500589816	1.12748547348096	-0.555997012180266	2	1	2	1	14
73.514978770726	NaN	0.0922998733130728	0.556212636600973	0.776008469682478	0.0671676136650509	2	1	2	1	14
11.452133921311	NaN	-0.487337982965204	-1.06917271581621	-1.1533188761941	-0.00729838927078605	1	2	2	1	15
24.7421316982792	NaN	-0.45204351421477	-0.848793642311377	-0.571453239211641	0.617408690475451	1	2	2	1	15
36.3437221187037	NaN	-0.0419470817406918	-0.397188624492247	0.353978493393034	0.969828130567998	1	2	2	1	15
47.187887047695	NaN	0.577521291557206	0.150085000013727	0.826305492170554	0.89578408099616	1	2	2	1	15
60.7760408344933	NaN	1.15647241117375	0.628753247161777	0.438918464798153	0.427669205110103	1	2	2	1	15
71.2112788158885	NaN	1.4613614583983	0.895135266142188	-0.474695056860453	-0.229726406982115	1	2	2	1	15
13.4056319381978	NaN	-0.842538582770089	-1.05552853722807	-0.872216873617375	-0.418165829003346	1	2	1	2	16
23.7097985268667	NaN	-0.622509660299888	-0.538580312080597	-0.47567911298122	0.277415567009505	1	2	1	2	16
35.6217722673734	NaN	0.0193125085327739	0.339861044415352	0.111156670834066	0.74558239246808	1	2	1	2	16
48.2636981719261	NaN	0.734623908383889	0.901242522134174	0.673975033370643	0.756344360466154	1	2	1	2	16
60.0983615397429	NaN	1.13523939251315	0.711924369579697	1.00723181586598	0.304414577586774	1	2	1	2	16
72.7944454442601	NaN	1.0037529744851	-0.0818543941749268	0.98921992848528	-0.38819323205775	1	2	1	2	16
