age	diseaseAge	x1	x2	x3	x4	z1	z2	z3	z4	id
15.0854570576399	-33.0287621818235	-0.951723165948271	-0.0755495482878384	-0.272133808970174	-0.665073930087442	1	2	2	1	1
22.8532038170093	-25.261015422454	-0.288486882770684	-0.458916806350233	-0.488430772408442	-0.585684937163593	1	2	2	1	1
37.1540454941742	-10.9601737452891	0.484754347456114	-0.545769459709246	0.0108522551554332	-0.275966491017033	1	2	2	1	1
48.1142192394633	0	0.879479917282958	-0.307607015258116	0.862276345387227	0.186215730435389	1	2	2	1	1
60.0730955710351	11.9588763315718	0.646308950975936	0.177418083250967	1.4460714644013	0.684665444917745	1	2	2	1	1
72.0548513453733	23.94063210591	-0.0674451159586675	0.750145995075733	1.33728050228653	1.09406843427959	1	2	2	1	1
14.1125392014795	-33.983452801937	-0.550237623448316	-0.828751013803977	-0.451292715621107	-0.766709331339291	1	2	2	2	2
23.8910843110272	-24.2049076923894	-1.18063847197104	-0.223366639527008	-1.20031500535874	-0.228103367781173	1	2	2	2	2
35.3843813715008	-12.7116106319158	-1.48224994294952	0.329937418231562	-1.39160013373022	0.288127359861417	1	2	2	2	2
48.0959920034166	0	-1.31201862602732	0.622106760285609	-0.889724530690053	0.625776790030651	1	2	2	2	2
60.8823965104877	12.7864045070711	-0.750684721025712	0.54275129386924	-0.0499995916460649	0.682675708749604	1	2	2	2	2
71.9701569933608	23.8741649899442	-0.0644872048598037	0.121853827026576	0.533077086700304	0.441607093620996	1	2	2	2	2
14.2100085015839	-32.5984049476008	-0.694911105336513	-1.00115268674673	-0.763416337722237	-0.876159037121416	1	1	2	2	3
23.3145197831506	-23.4938936660341	-0.622125980349148	-0.365511754482942	-0.261003737215841	-0.460400884053382	1	1	2	2	3
37.3539349535965	-9.45447849558819	-0.256215654858548	0.439432832581332	0.265753962646499	0.362769128952775	1	1	2	2	3
46.8084134491847	0	0.285567122558719	0.878046253225446	0.665490010720293	1.01558109317571	1	1	2	2	3
59.2667778139369	12.4583643647522	0.82961282148437	0.658461682170746	0.823338033095711	1.03983669839773	1	1	2	2	3
73.1678755341587	26.3594620849741	1.20158677818689	-0.0732025708881101	0.693939523712388	0.418511322009077	1	1	2	2	3
11.6004171417981	-36.4432466651349	-0.383973564731521	-1.11827810838528	-1.18351968161164	-0.44693434128772	2	1	2	2	4
23.2470776459723	-24.7965861609607	0.236972211704901	-0.658428169384659	-0.821642818159439	-0.538013845789587	2	1	2	2	4
35.6848578199208	-12.3588059870122	0.65241774549951	-0.0361388077551695	-0.275594511060168	-0.055209353771294	2	1	2	2	4
48.043663806933	0	0.694796624685828	0.504723721132514	0.275563982400477	0.713306708987841	2	1	2	2	4
58.2841213011859	10.2404574942529	0.34701568987049	0.752203167142964	0.651095662364328	1.30882871377698	2	1	2	2	4
71.623713676151	23.580049869218	-0.250650585744041	0.609315892918562	0.727855426299802	1.37590632083717	2	1	2	2	4
11.7504887018354	-37.6534167698403	-0.870259168711145	-0.938438131986704	-1.19865676716449	-0.3876770304536	2	2	1	1	5
23.8040536231702	-25.5998518485055	-0.717846572936179	-0.593925376636057	-0.774900134281188	0.115455538999207	2	2	1	1	5
36.8828859770177	-12.5210194946579	-0.362084330413642	-0.0941501303377306	0.10791411868189	0.745154983598499	2	2	1	1	5
49.4039054716757	0	0.111439815218737	0.421858985264162	0.745890141659306	1.25172679127514	2	2	1	1	5
58.8430646508811	9.43915917920546	0.58880747033016	0.810557373614901	0.630349383633336	1.43430021102141	2	2	1	1	5
70.2699586107535	20.8660531390778	0.955175586380895	0.963816027589883	-0.146583838400771	1.22047946521463	2	2	1	1	5
11.2788058051878	-37.4763062694508	-0.833719639274522	-0.57543098316195	-1.07630929982403	-0.175810090848117	1	2	2	2	6
23.0242153779803	-25.7308966966583	-0.541929325878682	-0.876549549802744	-0.861433908545782	-0.491467405355677	1	2	2	2	6
36.6715706867067	-12.0835413879319	-0.0573652139943071	-0.389529282598106	0.00664030774773465	-0.57748678943018	1	2	2	2	6
48.7551120746386	0	0.479239728686308	0.499156686287676	0.775621420111975	-0.412176773522371	1	2	2	2	6
59.2950143387663	10.5399022641277	0.912038207223961	1.08429489237792	0.779093731036104	-0.0372235102922798	1	2	2	2	6
72.0603259696776	23.305213895039	1.11533165500287	0.901551075920625	0.0140480606205486	0.452821203833544	1	2	2	2	6
12.2765755224535	-36.4657917769319	-0.367681801423158	-0.925732769068172	-0.595999020652001	-0.677414703017385	1	2	2	2	7
24.5194647615847	-24.2229025378007	-0.84685346031536	-1.04660122294523	-0.00214338167441996	-1.12633616726957	1	2	2	2	7
35.8193265171529	-12.9230407822325	-1.15895704814111	-0.883236189027543	0.467149736194886	-1.27870827545427	1	2	2	2	7
48.7423672993855	0	-1.21943586354005	-0.482111200091467	0.645824231598426	-1.08117218176594	1	2	2	2	7
59.6458950761276	10.9035277767422	-1.01190467631361	0.0426630625642771	0.470657378719469	-0.602902606497673	1	2	2	2	7
72.9120926966323	24.1697253972469	-0.592588897850121	0.541800590111098	0.0036307484964615	-0.0113836963497119	1	2	2	2	7
12.2565425325451	-36.2884288005425	-0.469305046340198	0.165498452520936	-0.429555881628019	-0.0836932944614802	1	2	2	1	8
23.6744969571381	-24.8704743759495	-1.04421296961107	-0.337173573786944	-0.848027062928325	-0.622066327802089	1	2	2	1	8
35.2760322390739	-13.2689390940138	-1.21181385587764	-0.532432648841514	-0.419085063996798	-0.579383799425816	1	2	2	1	8
48.5449713330876	0	-0.889407314465635	-0.3456869102935	0.493771552906686	0.0179542115253735	1	2	2	1	8
58.8866695347807	10.3416982016931	-0.236080492971066	0.151724000305514	1.11696018542473	0.800481055264567	1	2	2	1	8
72.7933197147216	24.248348381634	0.425791324207874	0.769781738537679	0.922371736054002	1.28418673071338	1	2	2	1	8
12.6556811578291	NaN	-0.125381347686322	-0.635194265318578	-0.493869188095123	-0.548663450680045	1	1	1	2	9
25.2343760324264	NaN	-0.671266017536808	-0.269043943182706	-0.666070943156832	-0.0284209824110996	1	1	1	2	9
34.6684588629047	NaN	-0.922155163327063	0.631323364572853	-0.164317591791987	0.839149026168873	1	1	1	2	9
48.7163012949445	NaN	-0.778712588389649	1.30425542399633	0.664898524057226	1.40044805730162	1	1	1	2	9
60.1331717630641	NaN	-0.297732458887414	1.18049544184041	1.24895136576994	1.23261200648913	1	1	1	2	9
72.2577424461455	NaN	0.330347585532584	0.364736320735974	1.18451560150223	0.462082997078874	1	1	1	2	9
10.9104168559819	NaN	-0.814025425491303	-0.343831647140613	-0.298404628692518	-0.591431286017531	1	1	2	1	10
25.0186497155783	NaN	0.0332528911817488	-0.735222215042345	0.562445767359193	0.180797346406166	1	1	2	1	10
37.0323197831828	NaN	0.505980531277802	-0.878410241364841	1.23857568023148	0.870035898264883	1	1	2	1	10
46.241718743924	NaN	0.261200358593914	-0.731916563815415	1.20473988208453	1.02980273424626	1	1	2	1	10
58.6560129187005	NaN	-0.523503115403924	-0.338177936234358	0.487223397687235	0.556602543466599	1	1	2	1	10
70.733766362051	NaN	-1.27883875268089	0.188746185055133	-0.356577772352951	-0.243030464053977	1	1	2	1	10
12.1001372188601	NaN	-0.221649677464447	-0.330901418598967	-0.747645435179628	0.314551055133663	1	2	1	2	11
22.3238711068697	NaN	0.635154237205408	0.311650008800198	-0.232568757492551	0.909605712715037	1	2	1	2	11
34.8941405346666	NaN	1.25221847037237	1.04658982988833	0.584815897622279	1.35075056553961	1	2	1	2	11
47.1280777682932	NaN	1.17016170555461	1.45655129137237	1.15719580696211	1.47886274606867	1	2	1	2	11
59.7138007907959	NaN	0.450072144955573	1.3087203869279	1.10131101460898	1.24773163345535	1	2	1	2	11
71.7510795758041	NaN	-0.371970379613599	0.687049166578574	0.454581427698437	0.74072722551548	1	2	1	2	11
11.5326540864005	NaN	-0.829758355586046	-0.15706474111468	-0.545337900414674	-0.754051843184396	1	2	2	2	12
24.7756372397263	NaN	-1.09084309809609	-0.695244885952871	-1.20798215050518	-1.21382080613931	1	2	2	2	12
37.3897725026574	NaN	-1.08355130326001	-0.836261517640631	-1.43944530929293	-1.33505187699211	1	2	2	2	12
47.7812331520299	NaN	-0.809904013860665	-0.514147577600373	-1.10944096487154	-1.07064892355169	1	2	2	2	12
59.1479345151475	NaN	-0.345747148732321	0.120413224757352	-0.403722574393143	-0.52332782846556	1	2	2	2	12
72.1413851124323	NaN	0.180270461010488	0.77057569380441	0.280473786244399	0.0942868190101773	1	2	2	2	12
9.86300672309173	NaN	-1.17144138665965	-0.841876871204383	-1.24286188395531	-0.577108577606303	2	2	2	2	13
24.7040684256535	NaN	-1.48156414220564	-0.194389496765423	-1.29404488050672	-0.468982120153688	2	2	2	2	13
35.9235283153376	NaN	-1.05277775789304	0.561846110855576	-0.859675469892396	-0.0208748681160587	2	2	2	2	13
48.8310422746743	NaN	-0.202844108778168	0.973745361567865	-0.159989917887874	0.594484445700068	2	2	2	2	13
60.0712379273558	NaN	0.438374197796218	0.794526430650495	0.450253522680902	1.13989761927314	2	2	2	2	13
73.0866098492355	NaN	0.395687792782953	0.131565028838177	0.661646009292523	1.4051280945049	2	2	2	2	13
11.1607959587158	NaN	-0.456204386797636	-0.596288842972416	-1.34933472387837	-0.790564094959722	1	1	2	2	14
24.2668187821865	NaN	-0.771258400812152	-1.02854702841147	-1.1306356376025	-0.193867850996526	1	1	2	2	14
35.5390281998736	NaN	-0.232028842668006	-1.29410905310557	-0.296335220307041	0.621664336657597	1	1	2	2	14
48.8150575492918	NaN	0.696490794508047	-1.32826482563755	0.474683197933591	1.10928091229297	1	1	2	2	14
60.0483161545466	NaN	1.21361074323879	-1.1226915326627	0.555029841838305	0.942072496544267	1	1	2	2	14
70.4642875207096	NaN	0.873403276280544	-0.727481677416964	-0.120674612447435	0.232139461196099	1	1	2	2	14
12.8648711339727	NaN	-0.754180393384287	-0.0325617577280878	-1.06951882064848	-0.562233759849081	1	1	2	1	15
24.9487796412984	NaN	-0.480260827269615	-0.503833832503576	-0.485288959826649	-0.0577309493016367	1	1	2	1	15
36.0495466219727	NaN	0.173240445057629	-0.716166707985935	0.276437909303594	0.394028147533433	1	1	2	1	15
48.1818010586887	NaN	0.86460374142936	-0.599421434592038	0.770589778444762	0.677805773015929	1	1	2	1	15
59.2191782967893	NaN	1.23231110326918	-0.192161945608435	0.708436954952901	0.721214016292109	1	1	2	1	15
71.4445641560348	NaN	1.08408617528968	0.371083590869475	0.126294925512192	0.513180009868454	1	1	2	1	15
11.7477037877621	NaN	-1.39696543045865	-0.780400560398154	-0.273771069034646	-1.2361256674373	2	1	2	1	16
24.3483553819809	NaN	-1.3203535765875	-0.0982949425207133	0.261433235376767	-1.40730093856556	2	1	2	1	16
35.2319399423974	NaN	-0.944601324054733	0.548879297651378	0.864417140516192	-0.74367630585226	2	1	2	1	16
48.1363145644777	NaN	-0.393068825649986	0.832047980467625	1.31253053768281	0.174411403146909	2	1	2	1	16
61.02859401885	NaN	0.153174789132362	0.607225922006478	1.44030881706026	0.544098517925878	2	1	2	1	16
70.9369804962992	NaN	0.514796740979062	-0.0112696971907547	1.20057020886911	0.042095279781963	2	1	2	1	16
