age	diseaseAge	x1	x2	x3	x4	z1	z2	z3	z4	id
11.8159332115345	-34.8288677152377	-1.16870458422006	-0.193666105623989	-0.941703639174515	-0.605303080860634	1	2	1	2	1
23.3593875018206	-23.2854134249515	-1.37709162625045	-0.710935854601086	-1.20069578165292	0.175940116091839	1	2	1	2	1
37.6940548585688	-8.95074606820335	-0.936907470036716	-0.910604789581722	-1.06358806315424	1.031331620919	1	2	1	2	1
46.6448009267722	0	-0.137201826777436	-0.713436714018891	-0.584972319401231	1.22588367777202	1	2	1	2	1
60.941253946858	14.2964530200859	0.496893533187753	-0.197675388713975	0.0445822216778674	0.592429113660267	1	2	1	2	1
72.4415115597993	25.7967106330271	0.548995879851397	0.432005556220425	0.57440741053287	-0.324741713280481	1	2	1	2	1
12.7889910906161	-35.841108223654	-0.804513386295669	-0.929848242112392	-0.522685134184838	-0.346193089569875	1	1	1	1	2
23.2965611418402	-25.33353817243	-0.297655923637692	-0.35068396983769	-0.856726641510586	-1.1555021767912	1	1	1	1	2
34.9752780913287	-13.6548212229414	0.417976397633611	0.313185642750402	-0.89167129267162	-1.23580488880101	1	1	1	1	2
48.6300993142701	0	0.974885733612163	0.762151329885435	-0.616401192153913	-0.517548836444566	1	1	1	1	2
59.735439539699	11.1053402254289	1.0870830727065	0.793591556666222	-0.118495529161233	0.377164643773713	1	1	1	1	2
71.8360695924597	23.2059702781896	0.696951844250949	0.393317116232398	0.443633379883922	0.673399580195514	1	1	1	1	2
12.8254391242982	-34.0316980785733	-0.057267527610119	-0.79229218642897	-0.740678392468146	-1.21873251076244	1	1	2	2	3
23.462210457147	-23.3949267457245	-0.480968842964475	-0.0272715197964283	-0.185421824933481	-0.927389132363978	1	1	2	2	3
35.7898578865786	-11.0672793162928	-0.652628084718741	0.672096652920732	0.452596477353861	-0.329091520830174	1	1	2	2	3
46.8571372028715	0	-0.519971242189921	0.853987606154718	0.909499196191378	0.314393998364448	1	1	2	2	3
60.4372234324653	13.5800862295939	-0.123395238565239	0.400891231161354	0.996316416932364	0.721530550245875	1	1	2	2	3
71.748514798697	24.8913775958255	0.416333819779437	-0.394470908120062	0.677141496615644	0.714188326006827	1	1	2	2	3
12.0907271597202	-46.5023928395923	-0.638463694286025	-0.818049554802071	-0.503248882050697	-1.30257112892598	2	2	2	1	4
23.496208483605	-35.0969115157075	-0.408487868234243	-0.454494154406982	0.0144493934444239	-0.826923005617287	2	2	2	1	4
34.964262316252	-23.6288576830605	0.0242126128140982	0.132080748057338	0.699740490134229	-0.154577841472217	2	2	2	1	4
47.5246801478361	-11.0684398514764	0.542824420892823	0.718654133628055	1.23072241815322	0.407432928589528	2	2	2	1	4
58.5931199993125	0	1.00734130715872	1.08220556007884	1.35797687914969	0.602462893803926	2	2	2	1	4
72.3885300734825	13.79541007417	1.29236067614959	1.08450952674163	1.02172859746066	0.341450165627081	2	2	2	1	4
13.3395877316078	-35.5168171857303	-1.04506480804343	-0.767550177930542	-0.398516510624555	-0.408870825380295	1	1	2	1	5
24.135053308929	-24.7213516084091	-1.40272408895873	-0.184889835582673	-0.76718962205232	-0.876385480999187	1	1	2	1	5
36.4980266378011	-12.358378279537	-1.28988980072882	0.481709572502846	-0.64348993217503	-0.765308234059709	1	1	2	1	5
48.8564049173381	0	-0.760618869678608	0.928414126816445	-0.089393845931193	-0.142014753257819	1	1	2	1	5
58.6234464116899	9.76704149435178	-0.0684757058339044	0.951617292528345	0.617483685098018	0.621037750573752	1	1	2	1	5
71.1736411852632	22.3172362679251	0.45494605378949	0.540743139480543	1.12298067272607	1.0678772256651	1	1	2	1	5
14.4983630356994	-31.8358880367383	-1.07462562606306	-1.39201585356076	-1.3067868164912	-0.887587837319712	2	2	1	2	6
25.1088281197863	-21.2254229526513	-0.533980127467812	-1.25548706081034	-0.835107087273596	-0.655462587567499	2	2	1	2	6
35.7833856497134	-10.5508654227243	0.330641229814658	-0.827346736534164	-0.0371683407253969	0.0807988941227618	2	2	1	2	6
46.3342510724377	0	0.872872484427033	-0.252470583098551	0.572009419028273	0.832384097253067	2	2	1	2	6
59.7256370684513	13.3913859960136	0.68735720697567	0.274612685941101	0.599239705307239	1.10030691548541	2	2	1	2	6
71.5382614404547	25.204010368017	-0.0872187377428439	0.575546689562385	0.026947056069596	0.706690292017638	2	2	1	2	6
11.4549967100008	-36.0254390535991	-1.38420226557288	-1.26435094055079	-0.135091624482701	-0.632574638709637	2	2	1	2	7
23.3714247296502	-24.1090110339498	-1.13496870414928	-1.31792906132008	0.661609825588722	0.213781056923901	2	2	1	2	7
34.6584635936258	-12.8219721699742	-0.460359464659204	-0.723812090874281	1.27384942585109	0.668991948560334	2	2	1	2	7
47.4804357635999	0	0.256787769561847	0.10605016414879	1.30710973309495	0.401702274388005	2	2	1	2	7
62.3046479033846	14.8242121397847	0.609495196123884	0.596246442164972	0.739958335289805	-0.393523258910938	2	2	1	2	7
72.552435028586	25.0719992649861	0.397602950358727	0.406883637963316	-0.0621414435995615	-1.13782644025308	2	2	1	2	7
11.9119353915321	-35.0771762420719	-0.417620927864734	-0.508859386677312	-0.280175417227827	0.0100654826914945	1	2	1	1	8
23.0434636113521	-23.9456480222519	-0.699572585581138	-0.596823117571768	0.431521259118759	0.666593256514669	1	2	1	1	8
36.690902520183	-10.2982091134209	-0.683386885720186	-0.390168201906433	1.10615831751329	1.17241676002028	1	2	1	1	8
46.9891116336039	0	-0.374046690968329	0.0498266540253541	1.36501702395474	1.30940166650441	1	2	1	1	8
60.7359133485787	13.7468017149748	0.133215804386244	0.592691214563253	1.06278273797265	1.01847379270468	1	2	1	1	8
70.9900287016468	24.0009170680429	0.682236864326401	1.07745162696748	0.36911970308076	0.425094599843984	1	2	1	1	8
9.89533468564053	NaN	-0.485533369476928	-0.474800746600606	-0.389385805923914	-0.208491762839855	1	2	1	2	9
24.4406029263742	NaN	-0.608030060838965	-0.03951329635711	0.107499800242526	-0.905082082395759	1	2	1	2	9
36.819230519442	NaN	-0.477583445688701	0.480344983451719	0.658912738444812	-1.05472209392845	1	2	1	2	9
46.3522193740318	NaN	-0.127190222322407	0.943870874729145	1.09542089330745	-0.557940079077962	1	2	1	2	9
59.1171601892308	NaN	0.354517033679802	1.22542957989887	1.28289883009156	0.255033028855424	1	2	1	2	9
72.6057918913433	NaN	0.845689633679126	1.24870697801209	1.1637403861287	0.843781393236249	1	2	1	2	9
10.9578336319539	NaN	0.0788318364443419	-0.207707872694599	-0.153727874588412	-0.86315144854967	2	1	1	2	10
22.9241760820332	NaN	-0.489886664307877	0.573752417749742	-0.698333440191638	-0.354884460264083	2	1	1	2	10
37.330008657859	NaN	-0.856037376025447	1.23604291646372	-1.00186646066563	0.251043036673512	2	1	1	2	10
47.0606896823327	NaN	-0.889531251800526	1.35330879328834	-0.95526091352364	0.73182314056351	2	1	1	2	10
59.6895831970364	NaN	-0.578468311003851	0.850147728311784	-0.575263186505157	0.910666373014437	2	1	1	2	10
73.6380241391875	NaN	-0.033365562619972	0.0500938357698379	0.00158526412522211	0.721809609631115	2	1	1	2	10
11.7662234353915	NaN	-0.805385227618202	-0.861915666977126	-0.542903841003686	-1.07620480874424	1	1	1	1	11
23.0665179501149	NaN	-0.27232132331533	-0.780985677112445	-1.02136954351414	-0.907631628779956	1	1	1	1	11
36.9960319758783	NaN	0.36035321910629	0.0201355368030437	-1.33475586541942	-0.102306295926399	1	1	1	1	11
47.3751080775914	NaN	0.838053729016334	0.856970961419363	-1.39867596067628	0.693828208840625	1	1	1	1	11
61.6979214902231	NaN	0.968556213159293	1.01452940419612	-1.1959177978064	0.842200771106142	1	1	1	1	11
70.4350183826799	NaN	0.699347207322103	0.358193118821485	-0.78107891562414	0.223803318908464	1	1	1	1	11
10.4031467838841	NaN	-1.08286550136535	-0.0330767635152139	-0.514940551050474	0.0351864123225902	1	1	1	2	12
22.7309225700733	NaN	-0.73036350096791	-0.592011324951633	-1.24321301574129	0.792006652382057	1	1	1	2	12
35.9660180985446	NaN	-0.138621353475497	-0.945619722909189	-1.24175109263048	1.29381696039883	1	1	1	2	12
48.0962284495744	NaN	0.459886488132572	-0.970524870364742	-0.511749801756606	1.25178255134771	1	1	1	2	12
59.5353785123811	NaN	0.830027570183216	-0.658037141837971	0.350065786795663	0.690097825598687	1	1	1	2	12
72.8565314083596	NaN	0.826386620265069	-0.117186260318481	0.639221620845807	-0.0679395794305792	1	1	1	2	12
12.2462360822971	NaN	-0.532990972664303	-0.719680887281062	-0.448707593475038	-1.01840863731636	1	2	1	2	13
25.0320534653492	NaN	-0.215792564252601	-0.756504206078702	0.395375815991269	-1.40992303457286	1	2	1	2	13
34.587823445383	NaN	0.390532244237717	-0.235366994874429	0.596473478507038	-1.248230106767	1	2	1	2	13
48.4847822079884	NaN	1.0238118061212	0.534462156075838	-0.0140476595873557	-0.624029842624431	1	2	1	2	13
58.8408448310877	NaN	1.41021938162677	1.09612856218314	-0.924227177903964	0.112539024587211	1	2	1	2	13
71.374018811666	NaN	1.38267437477112	1.11631160485356	-1.37082223397495	0.54830574672009	1	2	1	2	13
12.2952789032905	NaN	0.00443320806464526	-0.711312101112094	-0.699847174407521	-0.829578297886677	2	2	1	2	14
23.719263469002	NaN	-0.552146321311308	-0.454099120270541	-0.0674599549684974	-0.224273440953353	2	2	1	2	14
36.2205109034587	NaN	-0.733062999559621	0.251994448900402	0.792092339258959	0.297997829375805	2	2	1	2	14
48.0064809821429	NaN	-0.455046951648223	0.979119307713602	1.23053967243886	0.544602987030056	2	2	1	2	14
60.0744827759113	NaN	0.15394036640545	1.28668248877171	0.917207261545722	0.424585134397414	2	2	1	2	14
72.0893948803018	NaN	0.813602531068558	0.988319610549206	0.0884088417674984	-0.0177888054887335	2	2	1	2	14
12.3903961238853	NaN	-0.983052503640955	0.0894009611722483	-0.955341123512984	-0.866285153789111	2	1	1	1	15
24.8374375032222	NaN	-0.940520500747327	-0.380832128789716	-0.291604351885199	-0.258496332595342	2	1	1	1	15
36.0285873940815	NaN	-0.484718097596985	-0.635012663282252	0.321549802643359	0.274628974683602	2	1	1	1	15
48.2665230885645	NaN	0.179370339325256	-0.597327413860986	0.597798824833244	0.53376312479256	2	1	1	1	15
59.516792361405	NaN	0.753089632706748	-0.279016582019165	0.408143646046225	0.42201970336906	2	1	1	1	15
72.452899679937	NaN	0.978425596836559	0.224978762664762	-0.158853098338936	-0.0188220820769435	2	1	1	1	15
10.5343448715364	NaN	-1.17959284716219	-0.11689515955093	-0.617087460230426	-1.30407158844566	1	2	2	2	16
24.6625114425247	NaN	-1.34471580676863	-0.70398725939684	-0.324516821198595	-1.28276276248791	1	2	2	2	16
38.5372615819634	NaN	-0.986647097515764	-0.65843576704699	0.352362578465877	-0.73207649273956	1	2	2	2	16
45.9355784264801	NaN	-0.294655117193295	-0.0111394536837925	1.04559636856876	0.0289430619645275	1	2	2	2	16
60.8029200601849	NaN	0.365486163967678	0.798823625462064	1.3783398663481	0.559393600213445	1	2	2	2	16
72.2400947862665	NaN	0.644838457388761	1.22203428437326	1.16971236510442	0.551954683717606	1	2	2	2	16
