age	diseaseAge	x1	x2	x3	x4	z1	z2	z3	z4	id
11.7871426697729	-36.8968986487461	-0.362144889397375	-1.03962327480544	0.427174143558946	-0.665889457011333	1	2	1	2	1
23.1232316339373	-25.5608096845817	-0.908066843300771	-0.84758271733403	-0.329367940705902	-0.123701108503265	1	2	1	2	1
36.6367217632482	-12.0473195552709	-0.777893058391482	-0.0806400709353246	-0.493426124674573	0.475863684243569	1	2	1	2	1
48.684041318519	0	-0.0631116051889645	0.699336542144794	0.0558096998767207	0.912251513853532	1	2	1	2	1
60.6637785448027	11.9797372262837	0.733918488779391	0.920930214729669	0.913890100439969	1.0249345709521	1	2	1	2	1
71.5412465486787	22.8572052301596	1.05303262897623	0.421799706178333	1.44893690093738	0.772461735498137	1	2	1	2	1
11.5268426004666	-36.76144623247	-0.521399619799875	-0.547216480961991	-0.709835202106434	-0.554707592171989	2	1	2	1	2
24.8373590300368	-23.4509298028998	0.306552457988747	0.123975221497095	0.134060164392839	-0.68144745132991	2	1	2	1	2
37.660459337668	-10.6278294952685	0.962012505102962	0.531287203816757	0.819735230444429	-0.323978170723042	2	1	2	1	2
48.2882888329366	0	0.97902562545338	0.480718870692583	0.830223729108106	0.341876810169354	2	1	2	1	2
59.2099578163617	10.9216689834252	0.345497494206723	-0.00364434175893941	0.157617833093036	0.988612669852834	2	1	2	1	2
72.1220575889405	23.833768756004	-0.488208001677927	-0.69110273493329	-0.690969720970023	1.29812844286519	2	1	2	1	2
13.2356699295408	-35.0063685902488	-0.275271125373149	0.0464080052290015	-0.481187194009481	-0.520936311697454	1	2	2	1	3
23.3967539095962	-24.8452846101933	0.334642891134606	-0.4470462182893	-0.0537283909153888	0.0993083650738929	1	2	2	1	3
36.3793558725272	-11.8626826472624	0.765185931291121	-0.732386811682541	0.513557056747181	0.807555316104299	1	2	2	1	3
48.2420385197896	0	0.8513462309033	-0.722353650560562	1.03404427785271	1.23387495708205	1	2	2	1	3
58.4888004212736	10.2467619014841	0.560101625596488	-0.420014980058481	1.33650402447752	1.15559319482343	1	2	2	1	3
72.5762428925359	24.3342043727464	0.00307576655299016	0.0821708864718103	1.32143345996841	0.613597942406488	1	2	2	1	3
12.4572092847342	-36.0501476968596	-0.745375497531477	-0.93332593958502	-0.727021679340363	-0.639565427677325	1	2	2	2	4
25.6279271580506	-22.8794298235432	-0.865659502238129	-0.104746936606447	0.0481477508037301	0.174266163623637	1	2	2	2	4
35.7043456926306	-12.8030112889632	-0.480027313519019	0.470451691624556	0.86475240991007	0.648223507132421	1	2	2	2	4
48.5073569815938	0	0.212487745901779	0.396351748531509	1.07605386582266	0.464572110294265	1	2	2	2	4
58.8933513740053	10.3859943924115	0.85446329961217	-0.276042618107895	0.514704589005302	-0.253570653185103	1	2	2	2	4
71.8610741179729	23.3537171363791	1.11456153064461	-1.08391186742169	-0.374715357065422	-1.02477173946519	1	2	2	2	4
13.3684821085496	-35.7667362030099	-1.04555673843457	-0.922763613844748	-0.56966688252234	-0.151213715222328	1	1	1	2	5
24.1888046273529	-24.9464136842066	-1.25724323885218	-1.47020033866775	-1.02489277246909	-0.584761270006328	1	1	1	2	5
37.707992589934	-11.4272257216255	-1.17247749580405	-1.25394921284186	-0.808100558694874	-0.165850308520476	1	1	1	2	5
49.1352183115595	0	-0.816573637451687	-0.442883844408496	-0.0668468577036136	0.748400696034082	1	1	1	2	5
59.1551868173172	10.0199685057577	-0.295817476430455	0.329623179083022	0.694344269492109	1.37859957470794	1	1	1	2	5
71.0200488812038	21.8848305696444	0.23427429234308	0.460310035082029	0.95737862898005	1.18750647928414	1	1	1	2	5
12.2073130205147	-36.5681311707581	-0.404347418413817	-0.445868877324416	-0.681654853888986	-0.199233223780491	1	1	1	1	6
24.3510578911037	-24.4243863001691	-0.0347264272056828	-0.999554557421759	-0.95181699605885	0.412250335119253	1	1	1	1	6
36.2394017280542	-12.5360424632187	0.490837149743501	-1.21637832045061	-0.529098071922871	0.794527543840996	1	1	1	1	6
48.7754441912728	0	1.01569515368314	-1.00307885148642	0.292115180245758	0.792953930908299	1	1	1	1	6
58.8012391757419	10.025794984469	1.38340972718043	-0.451401578569103	0.939919595177634	0.408166077667719	1	1	1	1	6
72.1809298706201	23.4054856793472	1.48438078870293	0.20136332693107	0.963176087627017	-0.204175901081027	1	1	1	1	6
11.6729099500343	-36.5501614618146	-0.500018981259339	-1.28271267600984	-0.294277653784596	-0.0706377180147296	2	2	1	1	7
23.5220108948437	-24.7010605170052	-0.0429205301437044	-0.8646690482558	-0.869496683599551	-0.582750501102527	2	2	1	1	7
36.1899197308177	-12.0331516810313	0.543911344261637	0.0600868664782887	-0.926421025934793	-0.493201270744893	2	2	1	1	7
48.223071411849	0	1.05693960340588	0.68605874968855	-0.432034634923661	0.14170794261347	2	2	1	1	7
60.2840012683788	12.0609298565299	1.31822528876719	0.468002132668025	0.32691901393882	0.922792492523206	2	2	1	1	7
72.0246679608734	23.8015965490244	1.23714395246933	-0.404147673614284	0.910247773434834	1.35896333295596	2	2	1	1	7
12.3143358920427	-34.7150895526307	0.119680796968235	-0.847047453810366	-0.682521121095584	-1.28019058433882	1	1	2	1	8
24.3810820241587	-22.6483434205147	0.665242227197943	-1.20345138214195	-0.233763117191485	-1.34092711416657	1	1	2	1	8
34.3355958650704	-12.693829579603	1.10498336516199	-1.25108237661043	0.670289605603468	-0.863589707664857	1	1	2	1	8
47.0294254446734	0	1.30710267743686	-0.974135278590213	1.28163975057251	-0.117359089347288	1	1	2	1	8
60.8938492870112	13.8644238423378	1.21101989760567	-0.464508081477193	1.09446697753625	0.476949410252777	1	1	2	1	8
72.0515587084562	25.0221332637828	0.845533463258255	0.108692128467578	0.263634741600787	0.584192577282975	1	1	2	1	8
13.6342791580838	NaN	-0.955163355033007	-0.715773467471947	-1.25573259096584	-0.963612354036863	2	1	2	2	9
24.8404624669796	NaN	-1.20262785566937	0.00153133114680981	-1.39080818834939	-0.732793726292215	2	1	2	2	9
35.8856048394065	NaN	-1.04261835839549	0.525242357546399	-0.72593651732679	-0.316633534048828	2	1	2	2	9
45.2397759574427	NaN	-0.540505173602445	0.585802138664694	0.176616727866788	0.181094146645863	2	1	2	2	9
58.6552844016816	NaN	0.0985782828776102	0.152040161099162	0.55358436484041	0.636275498204237	2	1	2	2	9
70.5872432001404	NaN	0.61354073441627	-0.552783462819121	0.0861740922449031	0.93540609355133	2	1	2	2	9
11.7778765835628	NaN	-1.30227287902055	-0.127185773388144	-0.593100806620227	-0.744387243075035	2	1	2	1	10
23.3446444015066	NaN	-1.00776821747468	0.588598239574718	-1.18193550783772	-0.850350978751509	2	1	2	1	10
35.7403336340996	NaN	-0.428367724294547	1.13340641055602	-1.45405425485606	-0.356023840918056	2	1	2	1	10
47.8145337849932	NaN	0.198090351612754	1.22791715766719	-1.29043381384488	0.430609706885433	2	1	2	1	10
58.6087050945232	NaN	0.614451082798485	0.823675092764901	-0.762640860100501	1.01944727561237	2	1	2	1	10
72.5196450962523	NaN	0.649802451781666	0.127933959549478	-0.101529110376613	1.0436208363066	2	1	2	1	10
11.100293796945	NaN	-0.301386285570265	-0.500167960556973	-0.0171648971746031	-0.271859715447785	1	2	1	1	11
24.4858840086879	NaN	0.587655431614075	-0.776446818318663	0.684618706168079	0.489140152407472	1	2	1	1	11
34.8694624950137	NaN	1.03152878462231	-0.817199787358265	1.22497730616249	1.04819352952428	1	2	1	1	11
48.3178146395763	NaN	0.673990946621595	-0.612266930754685	1.33761888017621	1.08114763926673	1	2	1	1	11
58.6282253923439	NaN	-0.198006209188517	-0.212739124712023	0.967032971677393	0.568894885452017	1	2	1	1	11
70.3317824475839	NaN	-0.884617265932508	0.281779174866848	0.295846582686972	-0.191548097578452	1	2	1	1	11
11.6933249181409	NaN	-0.16105388710177	0.225917772195245	-0.59297226339016	-1.28050164074971	1	1	2	2	12
23.7950254863044	NaN	0.668934384051403	-0.226916411909685	-0.952947671238912	-1.2845880068244	1	1	2	2	12
35.5548641432948	NaN	0.801703027729164	-0.488141675411578	-0.765670699864653	-1.02808595919653	1	1	2	2	12
47.7596257437999	NaN	0.12303349913864	-0.486749751457069	-0.134442182473294	-0.580063114421088	1	1	2	2	12
58.2162213797436	NaN	-0.783226662093164	-0.223119003556165	0.592556087352278	-0.061157379045011	1	1	2	2	12
72.5369945623533	NaN	-1.13743767090614	0.23108842410666	1.01431630570991	0.388906895057766	1	1	2	2	12
10.0682007358922	NaN	-0.714732265600114	-0.893284263423852	-0.335874844105267	-1.18489932809659	2	1	1	2	13
21.6611662944436	NaN	-0.129850698427976	-0.00203116032425099	0.258837634989477	-1.20664815693831	2	1	1	2	13
36.0975625486799	NaN	0.63840558685316	0.619036642184579	0.738533090225253	-0.713251111647296	2	1	1	2	13
47.5668553752035	NaN	1.13354043125694	0.468893165978181	0.933409821418766	0.0247242013597793	2	1	1	2	13
60.1300323868315	NaN	1.06134582245592	-0.331338288522077	0.774485727694037	0.602589071559421	2	1	1	2	13
71.7035939099541	NaN	0.464719634829516	-1.13609737251475	0.318016462549565	0.703455677562304	2	1	1	2	13
10.7256922684946	NaN	-1.26630398610237	-0.0810576714463407	-0.728842484840776	-0.752780133022045	1	1	1	2	14
23.0358623555387	NaN	-1.15396241996145	0.726016689875839	-0.153852477854788	-0.0523733697116742	1	1	1	2	14
37.5195222116498	NaN	-0.312962507901393	1.32651770833373	0.396187125817747	0.859775836882892	1	1	1	2	14
49.1897037761559	NaN	0.508844162081903	1.32551710260178	0.729642713685268	1.17590697089473	1	1	1	2	14
61.2840414015454	NaN	0.580673419432268	0.723672935680475	0.730338471348431	0.616067754730628	1	1	1	2	14
72.4078284968342	NaN	-0.161348255221366	-0.0832031698647015	0.398031997071942	-0.323972028791149	1	1	1	2	14
11.0800686075415	NaN	-0.70670090950603	-0.834344940614637	-0.999679058746114	0.101472908037603	2	1	2	1	15
23.8916894508784	NaN	-0.987550960521163	-0.731138630386649	-0.288981684405673	0.965710111664378	2	1	2	1	15
36.5723486115156	NaN	-0.639196085737281	-0.364001794734401	0.463411304941807	1.22565547702982	2	1	2	1	15
47.2030081954747	NaN	0.11894147139699	0.158586722152097	0.776144133410193	0.663951595993354	2	1	2	1	15
60.2956062164493	NaN	0.809324992808543	0.682216376863046	0.449140836146307	-0.249723991501393	2	1	2	1	15
72.101060696745	NaN	0.997094764815841	1.05216899837716	-0.30839285513737	-0.751387064000884	2	1	2	1	15
11.7539163732074	NaN	-0.387299228864886	-1.01394500322633	-0.787859513658981	-0.176765212587726	1	2	1	1	16
24.2070370240724	NaN	0.323574750458052	-0.597519903145185	-0.339915048197406	0.284291831597939	1	2	1	1	16
35.8632590710313	NaN	0.697388880752916	0.0166506755655907	0.585020418916695	0.785520492411273	1	2	1	1	16
48.4559092107781	NaN	0.529250005682171	0.586693002396379	1.18750845812103	1.19984453020085	1	2	1	1	16
62.355312827572	NaN	-0.0886824243098855	0.888112012102654	0.94680777554524	1.42222058883845	1	2	1	1	16
72.5296700770957	NaN	-0.817710335170985	0.802202343582275	0.0709603184544159	1.39626978273855	1	2	1	1	16
