age	diseaseAge	x1	x2	x3	x4	z1	z2	z3	z4	id
13.3885017203791	-23.072739760592	0.115547712857761	-0.822219486441371	-1.40517176184592	-1.3785535151623	1	2	1	1	1
22.7278212314121	-13.733420249559	0.870830358472866	-0.615028908694625	-1.10229569021099	-1.3826636585551	1	2	1	1	1
36.4612414809711	0	1.40141726717438	0.158780351073841	-0.271843671991136	-1.07687448366582	1	2	1	1	1
46.5223452920876	10.0611038111165	1.40454226293776	0.93222481989209	0.453413209236636	-0.559809193732874	1	2	1	1	1
60.2074436114857	23.7462021305146	0.878422144930394	1.13858831344782	0.520858339221787	0.00176818110748717	1	2	1	1	1
70.7064322954236	34.2451908144525	0.123274226558103	0.626664718873048	-0.120898762215598	0.4267375616601	1	2	1	1	1
11.6795428795008	-36.5424627864545	-0.48369490200905	-0.539355663525401	-0.919968676566477	-0.976815212430111	2	1	1	1	2
25.0579630352467	-23.1640426307086	0.33315422486717	-0.126161226075318	-0.874362543655864	-0.7227503574785	2	1	1	1	2
35.6610819839171	-12.5609236820382	1.04773026375979	0.485510904976359	-0.503919878348511	0.0784382370546226	2	1	1	1	2
48.2220056659553	0	1.13702244774879	1.05608774380258	0.0619234797012144	0.830472588302209	2	1	1	1	2
59.1799940618043	10.957988395849	0.535676257390135	1.36209205483542	0.625457015422795	0.973657352286047	2	1	1	1	2
70.8975805735498	22.6755749075945	-0.316172457405355	1.28367144861906	0.989777285448017	0.401428453046804	2	1	1	1	2
11.8299792507968	-36.3478938885213	-0.224911743749634	-0.505345655181657	-0.382834979553153	-0.0541189736606136	1	2	1	2	3
26.2661501320446	-21.9117230072735	-0.592551523476969	0.0349639397223165	0.124070198730644	-0.614161586324736	1	2	1	2	3
34.808078869229	-13.3697942700891	-0.763666845484974	0.715535531491184	0.644784098191734	-0.408036421598139	1	2	1	2	3
48.1778731393181	0	-0.697384577656415	1.22062904829419	1.03094693300235	0.402262513449678	1	2	1	2	3
60.8940935006171	12.716220361299	-0.409537106350357	1.31591460448018	1.17253468512412	1.17992034186447	1	2	1	2	3
72.0906292816436	23.9127561423255	0.0311194360995118	0.957186022890901	1.02920672104916	1.31377487041781	1	2	1	2	3
12.6297065035564	-34.1920323995615	-0.0267416817969624	-0.65144406778264	-1.00173957039315	-0.232239712326765	2	1	1	1	4
22.9170211397277	-23.9047177633902	0.698606221367675	-0.541472455457986	-0.833137758938025	-0.814659903992139	2	1	1	1	4
37.2420217892914	-9.57971711382645	1.00391539645289	-0.117645109153688	-0.318348119939699	-0.79490295205288	2	1	1	1	4
46.8217389031179	0	0.704581012122481	0.469421893283283	0.327729962998208	-0.185836563755959	2	1	1	1	4
59.6051869077649	12.783448004647	-0.0184047504451847	1.01110178411022	0.835390630889643	0.615854185049332	2	1	1	1	4
71.1590362400935	24.3372973369756	-0.727889405675338	1.314897072742	0.992710495334732	1.08802792913884	2	1	1	1	4
11.9470782830745	-35.1670520893185	-0.853123179324062	-0.802324804564052	-0.862002594470448	-1.2341770820213	1	1	2	1	5
22.8999211881415	-24.2142091842515	-0.84629457436837	-0.923302196644139	-1.23340368564144	-0.519764817223087	1	1	2	1	5
37.2770268029228	-9.83710356947019	-0.216258366821458	-0.782898200230001	-0.734883450520539	0.239275262385955	1	1	2	1	5
47.114130372393	0	0.603880768961178	-0.417818894139436	0.198594924980643	0.548498287793733	1	1	2	1	5
59.2380422346229	12.1239118622299	1.05033603934055	0.0764923572906913	0.752563542504632	0.206473870275556	1	1	2	1	5
70.1049583341428	22.9908279617498	0.816201488475146	0.570806841068485	0.4436800263606	-0.56400050837313	1	1	2	1	5
13.9784274068875	-23.1674753834115	-0.430587663988037	-0.507753699533811	-0.0374638670958277	-0.858176744572172	2	1	2	2	6
23.8023167406159	-13.3435860496831	0.269270372977357	-0.295013260308126	-0.724490853719274	-0.417055667494433	2	1	2	2	6
37.145902790299	0	0.940992009675198	0.533135205174622	-0.918901941723546	0.112360773509876	2	1	2	2	6
46.8897501417839	9.74384735148487	1.2177355649421	1.30746446381805	-0.500004760887387	0.581294941310628	2	1	2	2	6
60.1981389742316	23.0522361839326	0.948365411281659	1.40223861334593	0.272145081091522	0.85796604473589	2	1	2	2	6
72.0237307948995	34.8778280046005	0.279990402459269	0.740870611094809	0.918189150745863	0.864623432612626	2	1	2	2	6
12.5346747180565	-35.8232978601256	-0.0580687667236987	-0.1372089090389	-0.0581215202764961	-0.697735595115628	2	2	1	1	7
23.6941738104793	-24.6637987677029	-0.535120551393575	-0.483072828063239	-0.457688535079147	-0.154647018003436	2	2	1	1	7
36.2924557794618	-12.0655167987203	-0.465852202471039	-0.598861642763071	-0.453165849390396	0.377539858359402	2	2	1	1	7
48.3579725781821	0	0.110176714857008	-0.45443229951879	-0.0464824568279724	0.731685505740499	2	2	1	1	7
60.6530518601586	12.2950792819764	0.86399266709316	-0.0873837792763794	0.588905045648395	0.796566331342209	2	2	1	1	7
72.9319150654346	24.5739424872525	1.36508688991333	0.406730964465622	1.18199431089128	0.55180575117864	2	2	1	1	7
13.5577187733192	-34.4290265810167	-0.58903683397218	-0.866155898162308	-0.816566410339369	-0.782579065840602	2	2	1	2	8
24.3507155395599	-23.6360298147759	0.112094585944084	-0.796536114839848	-0.925306195895781	-1.13566741765296	2	2	1	2	8
34.8078352480142	-13.1789101063217	0.712336901703417	-0.505488084743703	-0.724914920065878	-0.632430414195223	2	2	1	2	8
47.9867453543359	0	0.908750166540757	-0.0626881065942746	-0.277568274899116	0.294387022484948	2	2	1	2	8
58.7735539635284	10.7868086091925	0.602205374666996	0.425858417198622	0.277934846618493	0.847793541130003	2	2	1	2	8
71.9130612348071	23.9263158804712	-0.0525855176075789	0.843194455455764	0.769237684578364	0.551902314805051	2	2	1	2	8
11.8770566283829	NaN	-0.0498559543040963	-1.22539437436585	-0.689959992827082	-1.16966969795522	2	1	2	1	9
25.0252267165801	NaN	-0.416926322311549	-0.469857189851043	-0.921369660796296	-0.890947700478619	2	1	2	1	9
35.9616253105555	NaN	-0.575544213722343	0.417784693649689	-0.869667224249601	-0.437128950358794	2	1	2	1	9
48.3256500583075	NaN	-0.486290985150348	0.650172038604362	-0.54971687311153	0.0733445137679588	2	1	2	1	9
60.3032034846206	NaN	-0.171347244072111	0.0211718017929146	-0.0535027207698893	0.507244354057636	2	1	2	1	9
70.5632334682815	NaN	0.291019325420509	-0.911278005894375	0.4763161649191	0.751327163017038	2	1	2	1	9
11.622787305066	NaN	-0.899315813931982	-0.181220197139298	-0.632372688609731	-1.07357739777392	1	1	2	1	10
25.6794794835549	NaN	-0.340782218683575	-0.816296164380714	-0.152802733116195	-1.05092464559934	1	1	2	1	10
36.3741496327597	NaN	0.218858566750103	-0.642612799376209	0.384225241480577	-0.476586053235935	1	1	2	1	10
46.2437516649238	NaN	0.588329032651625	0.193383581661668	0.823002126039761	0.300990242763527	1	1	2	1	10
60.0964523100446	NaN	0.641349264348557	0.986797663244046	1.03630632124412	0.810052883581792	1	1	2	1	10
72.309586479671	NaN	0.359797677160878	1.06863866737737	0.962291130492408	0.741756301568888	1	1	2	1	10
9.85154359299119	NaN	-1.06847582142491	-0.356984717677705	0.238872194713758	-0.993508174541879	2	2	2	1	11
24.0154301396621	NaN	-1.24020166845248	-0.876149930597052	0.815533852519613	-1.23550889745441	2	2	2	1	11
35.7847651748814	NaN	-0.90968132722883	-0.704634795687696	1.1970254535081	-1.06848196383237	2	2	2	1	11
47.3330845519075	NaN	-0.244114276710587	0.0359070031037404	1.24662522515521	-0.560876888993193	2	2	2	1	11
59.881091635759	NaN	0.419810782959462	0.820217808562054	0.946557235621808	0.0792840602828514	2	2	2	1	11
70.2354735404559	NaN	0.746235781345769	1.09199511774153	0.404362063259853	0.589655729517547	2	2	2	1	11
12.0273089387226	NaN	-0.12561799230233	-1.1383003898139	-1.447178921114	0.116944895113167	1	1	2	1	12
24.6818627631239	NaN	-0.632890546807154	-0.929682941179575	-1.44601743598933	-0.38838979418551	1	1	2	1	12
36.5755003726252	NaN	-0.584486951294498	-0.310286536519123	-1.0706003844124	-0.734419537346967	1	1	2	1	12
47.51778275284	NaN	-0.0088386159996191	0.397204656569688	-0.469006339755823	-0.822758467003557	1	1	2	1	12
59.1281449516455	NaN	0.755928875664331	0.824212123573571	0.121473430820298	-0.628289371735284	1	1	2	1	12
70.257967273291	NaN	1.26060471487633	0.748279699084664	0.467931546937211	-0.206305216936868	1	1	2	1	12
12.3950776140849	NaN	0.178408463379977	-0.873753780173419	-0.483717546990112	-0.785182919748327	2	2	2	1	13
24.6963654012009	NaN	0.734074392010559	-0.798977103068481	0.0618934852677586	-0.908809900560286	2	2	2	1	13
34.8765387161566	NaN	1.1074597025073	-0.0527110461889621	0.820345250453767	-0.625899713150787	2	2	2	1	13
47.3451302225097	NaN	1.17357408689811	0.779642211841212	1.35529531612619	-0.0524699198747891	2	2	2	1	13
59.4341192705593	NaN	0.910285830211641	1.045150106096	1.35898328985833	0.576323837094618	2	2	2	1	13
71.1218359672167	NaN	0.405730376889737	0.535537185339527	0.829287455408064	1.00262191835882	2	2	2	1	13
14.2599278869525	NaN	-0.621266351211945	-1.46388233114148	-1.14390956556603	0.405023617356286	1	2	2	2	14
24.0835514154574	NaN	-0.188387277722693	-1.28912597665956	-0.440081437910284	1.16473662702219	1	2	2	2	14
35.7642667218739	NaN	0.424926751368385	-0.833060684434064	0.439607086447522	1.45766839530395	1	2	2	2	14
47.9909609449898	NaN	0.981287811125171	-0.251155552289423	0.766917703595491	1.09008987186161	1	2	2	2	14
58.2839364291802	NaN	1.26535206262284	0.25822250289614	0.270890724866317	0.305097388272813	1	2	2	2	14
73.2675546782132	NaN	1.16717024657004	0.521430478593706	-0.637844592130917	-0.378157960100976	1	2	2	2	14
12.8870493729784	NaN	-0.96496431191033	-0.481308978145714	-0.600841132727691	-0.444447341599343	2	2	2	2	15
25.2332476850934	NaN	-1.18639654728427	0.0285673499613484	-0.542085975656164	0.0722269528334921	2	2	2	2	15
36.5978799317867	NaN	-1.10215427089822	0.474264690968305	-0.254069171402892	0.650589128332474	2	2	2	2	15
46.8903732737462	NaN	-0.738203833652102	0.739905274379929	0.1924043726027	1.0947214104012	2	2	2	2	15
59.7869140322025	NaN	-0.206727208412024	0.756424657295917	0.687575373269598	1.25417584104547	2	2	2	2	15
72.1804130617418	NaN	0.328456330959375	0.51952793129717	1.10971295814105	1.07493789699796	2	2	2	2	15
10.9015300191057	NaN	-0.702182130400677	0.132698651183808	0.37425483846064	-0.549818194305695	2	2	1	2	16
22.3608436725547	NaN	-0.337462083261517	1.00599881471571	-0.280772344878858	-1.07879654312536	2	2	1	2	16
36.5528794030508	NaN	0.145046948346718	1.46591640794095	-0.559655951748607	-1.34285177582243	2	2	1	2	16
48.1684813474946	NaN	0.62598858149207	1.15739712711136	-0.316854315700405	-1.24555041171901	2	2	1	2	16
58.3878264816641	NaN	0.986394154505574	0.318616462926621	0.32092108271856	-0.82242709680321	2	2	1	2	16
72.2105914467011	NaN	1.13711154221346	-0.402890702046435	1.02083284461121	-0.228007282422992	2	2	1	2	16
