age	diseaseAge	x1	x2	x3	x4	z1	z2	z3	z4	id
13.1701819276444	-35.7217135876702	-0.473053718534331	-1.41290679174901	-0.948718396986521	-0.29345337787611	1	2	2	1	1
23.0563464154385	-25.8355490998761	-0.473566140652278	-1.32583523631182	-1.1000488827767	0.586325889789839	1	2	2	1	1
37.6051757202957	-11.2867197950189	-0.0580074790599026	-0.596915695152935	-0.729160281664351	1.14540184779227	1	2	2	1	1
48.8918955153146	0	0.590371184899972	0.22534035522955	-0.0323304587255745	0.950683081201323	1	2	2	1	1
61.5613672534391	12.6694717381244	1.1856509130082	0.522185776382289	0.621671447388349	0.153009605455304	1	2	2	1	1
71.0703118377392	22.1784163224245	1.46532808313045	0.0702445836399264	0.886741249321024	-0.629696221458513	1	2	2	1	1
11.8985317926024	-34.8128182481183	-0.940982445127068	-1.46577527753109	-0.660079601863322	-0.576162788651104	2	1	1	2	2
23.4131579273556	-23.2981921133651	-0.419879016353213	-1.29648365896479	-1.14346457286248	-0.694373471379577	2	1	1	2	2
37.1476931482487	-9.56365689247199	0.205278146442231	-0.82830545575158	-0.771901986687777	-0.332401062742515	2	1	1	2	2
46.7113500407207	0	0.689564756229659	-0.229724777314936	0.13620166552856	0.332851679523873	2	1	1	2	2
59.1311588311737	12.419808790453	0.843246839411487	0.283846099924911	0.802656899039515	0.97626316634152	2	1	1	2	2
70.7749594827539	24.0636094420332	0.606114776882944	0.527587525493587	0.656352196446093	1.28338604299141	2	1	1	2	2
13.0629917051428	-25.0579442789933	0.11476208458835	-1.14017647771104	-0.796307212693594	-0.22064838289214	2	2	1	1	3
22.9549028327705	-15.1660331513656	0.87825692490291	-0.855730792033256	0.092518940532077	0.572367775791963	2	2	1	1	3
38.120935984136	0	1.16480743163481	-0.415878258925639	0.663683304352732	0.991516075438281	2	2	1	1	3
48.064856266048	9.94392028191199	0.782297281470173	0.0737675796205133	0.464904199823056	0.763072794986607	2	2	1	1	3
60.4437063488392	22.3227703647032	-0.0128215495746971	0.495637248752352	-0.346413337255105	0.0362222322837808	2	2	1	1	3
72.0872076853532	33.9662717012171	-0.687465703315818	0.748435094444831	-1.12782016076747	-0.714367718644135	2	2	1	1	3
11.4388953924216	-35.1301940045552	-0.881130885515942	-1.2616072608573	-0.996919645064031	-0.339176495271877	2	1	2	1	4
26.1910043290867	-20.3780850678902	-1.00287256388639	-1.20926953885144	-1.14533840510948	-1.07396259452374	2	1	2	1	4
35.1480465576413	-11.4210428393356	-0.594808829301774	-0.725563401545244	-0.513094095199365	-1.02256707700743	2	1	2	1	4
46.5690893969768	0	0.121975064020942	-0.0397826412708875	0.382437647686366	-0.229404191780688	2	1	2	1	4
60.8657866752289	14.296697278252	0.759132061827606	0.522988441599801	0.808428866618948	0.620101813474853	2	1	2	1	4
72.5517446817105	25.9826552847336	0.971456244313554	0.695976478167814	0.416284129755835	0.791836893083887	2	1	2	1	4
12.4557920680668	-35.5474196645457	-0.485737651522518	-0.830696875547622	-0.200187781933865	0.268862470140198	1	2	2	2	5
24.6590049292606	-23.3442068033519	-0.386483256387927	-0.251708959565036	-0.553869908422716	-0.362510552716417	1	2	2	2	5
35.487014916518	-12.5161968160945	0.236770198169824	0.577250855512151	-0.621655909836662	-0.651779336977986	1	2	2	2	5
48.0032117326125	0	1.00600145785615	1.08468295410208	-0.382465399743911	-0.459165553889664	1	2	2	2	5
60.5400453683246	12.5368336357121	1.45464950563575	0.920754637437515	0.089317113573629	0.122257384690572	1	2	2	2	5
72.0818740395399	24.0786623069274	1.31059631870713	0.198480997749504	0.646974646003502	0.811538574011838	1	2	2	2	5
10.3208805493807	-37.4851474298794	-0.771893411032885	-0.939787484762335	-0.152307412888344	-0.6098229082361	1	1	2	1	6
23.8853359124362	-23.920692066824	-0.468685209421255	-1.43101328328664	-0.487601040559098	-0.494807131717994	1	1	2	1	6
36.5171533084438	-11.2888746708164	0.295685171888545	-1.31047738391491	-0.608707935823707	-0.149745954861256	1	1	2	1	6
47.8060279792602	0	1.01482096931997	-0.654419269942441	-0.486114241235358	0.335617708327836	1	1	2	1	6
57.9605348137074	10.1545068344472	1.21229341313537	0.122201433476395	-0.149696148550541	0.835051315886339	1	1	2	1	6
72.6039440619952	24.797916082735	0.757276651249397	0.528168736303041	0.318560955615603	1.21866303905724	1	1	2	1	6
11.8817855870701	-37.0272377586631	-0.693654705125488	-0.776512331969963	-0.833789973298597	-0.797172751004461	1	1	1	1	7
24.8592845149574	-24.0497388307758	-0.128429370554637	-0.20391672486651	-0.710198926065371	-0.158074147617077	1	1	1	1	7
34.2764776159166	-14.6325457298167	0.461282995278148	0.612604606985988	0.0988923189050013	0.374276949177407	1	1	1	1	7
48.9090233457332	0	0.857888892673516	1.1274478455759	0.916557914103979	0.58159030494169	1	1	1	1	7
59.9603185373097	11.0512951915764	0.915047715234667	0.99659205024412	1.05869828553492	0.378857207748126	1	1	1	1	7
72.1313957133867	23.2223723676534	0.611668861915426	0.307475746791293	0.40639175162705	-0.15079176263918	1	1	1	1	7
12.9871538009231	-34.5000175281604	-1.33731697594399	-1.11604052203209	-0.907854350441704	-0.786459665944674	2	1	1	1	8
23.4395873789845	-24.047583950099	-1.26179751713702	-0.807532344988168	-0.00797601038781609	-0.685783011870677	2	1	1	1	8
35.2133470361055	-12.2738242929781	-0.585777775602876	-0.101106799662134	0.702315895481174	-0.308405475480007	2	1	1	1	8
47.4871713290835	0	0.223000116154059	0.596468735884053	0.605397712047048	0.228916281870542	2	1	1	1	8
60.3947103716068	12.9075390425233	0.604937861559939	0.883522813793384	-0.214456810411749	0.759940530313755	2	1	1	1	8
72.3767704699617	24.8895991408781	0.29577043321387	0.59476662846458	-1.04435548962164	1.12037392334915	2	1	1	1	8
12.2453796722181	NaN	-0.963249335964793	-0.617850903489612	-0.0215032605219223	-0.998079189882086	2	1	1	2	9
24.1855925570472	NaN	-1.16161349708922	-1.07794855124446	-0.530203510821212	-1.38768975595641	2	1	1	2	9
35.1475621477446	NaN	-0.786448622958497	-1.18594344308845	-0.731800488144992	-1.17950325894451	2	1	1	2	9
47.4923198970069	NaN	-0.0546430268539411	-0.898663050176984	-0.548738535919184	-0.498985555729567	2	1	1	2	9
60.9669124484476	NaN	0.610735748569475	-0.330951888187442	-0.0514427670947757	0.243741957807707	2	1	1	2	9
71.9721571758547	NaN	0.825022479444099	0.290239248283435	0.568773930730991	0.601066466935435	2	1	1	2	9
11.8724132308259	NaN	-1.11177028024044	-0.773782491150533	-0.0976171095232067	-0.037845739916267	2	1	2	1	10
22.9679444158847	NaN	-1.32017424905818	-0.340248253881567	-0.65824483497202	0.581334422125835	2	1	2	1	10
35.6653057286969	NaN	-0.80810686667224	0.332038202102661	-1.00408005135743	1.12999995667593	2	1	2	1	10
45.7029913467445	NaN	0.0482007328511284	0.928436549985409	-1.0122490603431	1.393845487346	2	1	2	1	10
59.8812321332708	NaN	0.619593890652171	1.16982325630791	-0.679849449744688	1.26981457592746	2	1	2	1	10
71.4859270445165	NaN	0.486253061194671	0.943225656679146	-0.124981307536657	0.80635293202205	2	1	2	1	10
12.7799647035576	NaN	-0.656048989375394	0.225657381230856	-1.17222260414096	-1.42766152552589	2	2	2	2	11
24.6259108086098	NaN	0.263031794510544	-0.441104236909562	-0.355476843499029	-1.13366725635826	2	2	2	2	11
35.6620018089671	NaN	0.730365961986231	-0.517958245310427	0.454476843357552	-0.637717727181821	2	2	2	2	11
49.7224185425818	NaN	0.348593495590346	0.0472796996245469	0.58009207874201	-0.0902259526344382	2	2	2	2	11
59.369486921616	NaN	-0.557676097238919	0.870809562661105	-0.0837114019313054	0.342763170667357	2	2	2	2	11
72.0896145225149	NaN	-1.21786936757856	1.39344951023311	-0.981645498707465	0.529931442967663	2	2	2	2	11
12.1554357812821	NaN	-0.0436240367365856	-0.42637713753095	-0.412000652161901	-0.325407430408261	2	1	1	1	12
23.4116741005854	NaN	0.516205478489531	-0.972739673965231	0.0610716571828401	0.447554254240531	2	1	1	1	12
36.1466958973385	NaN	0.949858760912657	-1.19275815195055	0.592219760524325	0.901422718575565	2	1	1	1	12
48.4310408335785	NaN	1.11938316319334	-0.994358492948418	1.0310038650077	0.758978719204272	2	1	1	1	12
59.5288428824151	NaN	0.970850026121196	-0.460567658840603	1.25314490539445	0.107225916513976	2	1	1	1	12
71.0965512229873	NaN	0.551510322552334	0.185231752543759	1.19572473909854	-0.655750268192694	2	1	1	1	12
12.8110054984523	NaN	-0.351864765707372	-0.7969368218015	-1.02854262358111	-0.852253557480036	1	2	1	1	13
22.7677713411499	NaN	-0.507151979177029	-1.17891163633935	-1.31152443740467	-0.444594348722158	1	2	1	1	13
36.5071320867509	NaN	-0.33376984545622	-0.850542657515115	-1.160642173894	0.094398532489795	1	2	1	1	13
47.7440404099899	NaN	0.111288510624404	-0.0452282332157287	-0.641728682338467	0.603171801498022	1	2	1	1	13
59.0873848473913	NaN	0.68172620194803	0.66462964891066	0.0188040462899503	0.929229951182749	1	2	1	1	13
72.0545129811851	NaN	1.1900324057325	0.774477673517254	0.532752809290564	0.974842998631087	1	2	1	1	13
13.4909747819225	NaN	-0.955182167678636	-1.34232446485376	-0.747481415465184	-1.19023864287438	1	2	1	1	14
24.1183008614953	NaN	-0.653979021110057	-0.968851033368344	-1.10370860711387	-0.725311173872232	1	2	1	1	14
34.6524306284934	NaN	-0.00946764701872736	-0.434692052713767	-1.11089028775232	-0.0222893472812231	1	2	1	1	14
47.4066708826378	NaN	0.660108301281198	0.0960893006121034	-0.766385767834275	0.565345594784962	1	2	1	1	14
58.8773145769409	NaN	1.02412890841789	0.460467264605291	-0.196868667391845	0.742129242297703	1	2	1	1	14
72.121157200015	NaN	0.902849871104002	0.546525708706144	0.38825071962471	0.419174307630089	1	2	1	1	14
12.8009499891435	NaN	-1.07305491097425	-0.252607738140705	0.18343130110812	0.331094369060351	2	1	1	1	15
22.0127904888811	NaN	-0.53184095610056	0.383218738290106	0.949344351787882	-0.245602870786043	2	1	1	1	15
37.6454993455976	NaN	0.23382279307429	0.956799012043341	1.32976402849623	-0.538495462366424	2	1	1	1	15
47.9785389505327	NaN	0.775072871834063	1.2286248609626	1.08628851058238	-0.428096785246239	2	1	1	1	15
61.4395249049036	NaN	0.774606304960367	1.0851907675293	0.371499302916958	0.0405556102617506	2	1	1	1	15
71.8655544009118	NaN	0.232696613073284	0.586390082834535	-0.366658709094939	0.676273239001071	2	1	1	1	15
9.23632232385229	NaN	-0.314696728162072	-0.416245791781722	-0.812920153848302	-0.932252957305888	1	2	1	1	16
24.6065395104891	NaN	0.519743635123002	-0.956986014435058	-0.328422457593774	-1.3026423641824	1	2	1	1	16
37.1773226520979	NaN	1.26875485933961	-0.815226037220228	0.287929056130334	-1.39175840251951	1	2	1	1	16
47.9522136039953	NaN	1.34029209292112	-0.0912042053136406	0.801608022364231	-1.17185508878631	1	2	1	1	16
58.7780567564262	NaN	0.677809786925262	0.70312433196972	1.01715574907157	-0.71139859175652	1	2	1	1	16
72.7203796950983	NaN	-0.195042711565005	1.00609062075427	0.8525547126568	-0.153750517507801	1	2	1	1	16
