age	diseaseAge	x1	x2	x3	x4	z1	z2	z3	z4	id
10.6361930106702	-38.1680230338979	-0.862647477803317	-0.797986478866543	-0.827606987302311	-0.930427358994538	1	1	2	1	1
24.1994345831809	-24.6047814613872	-0.817449912341274	-0.400187868462852	-0.37195310978086	-1.2904417528262	1	1	2	1	1
35.3569781135418	-13.4472379310263	-0.269175189800123	0.40129664377236	0.126146029818268	-0.770333930567933	1	1	2	1	1
48.8042160445681	0	0.476888409936169	1.066123502093	0.542280151730487	0.169993481597764	1	1	2	1	1
60.2216911166969	11.4174750721289	1.00532054432128	1.14608079086439	0.772511388148286	0.699060879213672	1	1	2	1	1
70.9142050054639	22.1099889608958	1.02188160917624	0.58726303211033	0.759334856496808	0.349043178368098	1	1	2	1	1
11.5868360334424	-36.4763907648084	-1.12092353558836	-1.00580584386557	-0.886626007648286	-0.0991652063323063	2	2	1	1	2
23.3455978854071	-24.7176289128436	-0.869682327432103	-1.05626549364563	-0.770506711694887	-0.56664515700931	2	2	1	1	2
35.7677712442247	-12.295455554026	-0.41079170359536	-0.377946380672091	0.0296703868271645	-0.878441882662293	2	2	1	1	2
48.0632267982508	0	0.12433828277113	0.491364804828698	0.850442499453656	-0.954529467588815	2	2	1	1	2
59.7480020613371	11.6847752630863	0.582465320105139	0.862458550275211	1.01127058608629	-0.775379231221176	2	2	1	1	2
70.6169842859719	22.5537574877211	0.832398019437974	0.441123365366761	0.378804853263429	-0.386971969809252	2	2	1	1	2
11.3685558081102	-37.5706404528478	-0.538629401003821	-0.906635642260118	-0.114642484985235	-0.737247083297206	1	1	1	2	3
24.5830637432548	-24.3561325177032	0.235578161293001	-0.137371845764984	-0.744572759537599	0.195973415276669	1	1	1	2	3
36.4551501306972	-12.4840461302608	0.743761922306212	0.517496757488698	-0.807439382532835	0.654370207096154	1	1	1	2	3
48.939196260958	0	0.680224412237334	0.651070570472862	-0.262816568482672	0.23585114822303	1	1	1	2	3
59.6040142633713	10.6648180024133	0.0831865612999298	0.180354118359862	0.5390811489886	-0.692471188426682	1	1	1	2	3
72.4368311518846	23.4976348909267	-0.688204065378001	-0.602175094618722	1.08260105043262	-1.31629983291212	1	1	1	2	3
12.0921313212711	-36.1562889238253	-0.0626010562989835	-0.0380220620783562	0.0419393700755845	-0.534143618434699	1	1	1	1	4
24.5766110903133	-23.671809154783	-0.538495801168639	-0.617376390309985	0.850742535688757	0.25354792805952	1	1	1	1	4
35.3957693538667	-12.8526508912297	-0.827533344726541	-0.891762453471662	1.02519755260015	1.000449126996	1	1	1	1	4
48.2484202450964	0	-0.848372705164649	-0.744995237865656	0.425157121457088	1.16851393241907	1	1	1	1	4
61.4084632360379	13.1600429909415	-0.595149267051273	-0.239221307202508	-0.467340193209899	0.636673313845234	1	1	1	1	4
70.7920142448847	22.5435939997884	-0.139125202142393	0.411396307112547	-0.935312498047595	-0.211950111825524	1	1	1	1	4
11.3966555711695	-36.568466545447	-0.245685729453923	-0.183962756051981	-0.86233515608172	-0.519915505417285	1	1	2	1	5
25.4163235665438	-22.5487985500728	-0.683073077583759	-0.937205984154342	-0.0770773702724563	-0.678349361085111	1	1	2	1	5
36.4633691496606	-11.501752966956	-0.280221321222191	-0.999989394595403	0.789766586606238	-0.560893578886918	1	1	2	1	5
47.9651221166166	0	0.624301695814132	-0.321936110429739	0.972534227082451	-0.199979484887561	1	1	2	1	5
59.7975648006284	11.8324426840118	1.27030962029591	0.55288965426301	0.309791275556829	0.304739055902356	1	1	2	1	5
72.2101339634841	24.2450118468676	1.11487938777966	0.922535113117615	-0.61307730589885	0.813901585777017	1	1	2	1	5
10.2943754188466	-37.3593145940067	-1.01332283647977	-0.724205978657502	-0.780100609978367	-1.16849348875531	2	2	2	1	6
25.0736882933684	-22.5800017194849	-1.22710227096581	-0.656475233719528	-1.02738201759689	-0.577022482972949	2	2	2	1	6
36.8685366522892	-10.7851533605641	-1.03144875911975	-0.321990182509581	-0.954773276369312	0.13023778626772	2	2	2	1	6
47.6536900128533	0	-0.506478246851347	0.182434748587725	-0.585804491086956	0.592906402532314	2	2	2	1	6
58.2985462271464	10.6448562142931	0.132845022324021	0.710797189117779	-0.0400463089700254	0.57523289716539	2	2	2	1	6
69.6297441586011	21.9760541457478	0.624731786517696	1.11016621909461	0.505638994188954	0.0862227160229376	2	2	2	1	6
13.0728132952542	-25.3457584887768	-0.454072146526099	-0.141125504832119	-1.47739323728478	-0.714046336702445	2	1	1	1	7
22.6353542940843	-15.7832174899467	-1.00055631878368	0.745451677703298	-1.03267687501761	-0.194246965143909	2	1	1	1	7
38.418571784031	0	-1.25263886497452	1.01272396497756	-0.233461598249111	0.282199365205829	2	1	1	1	7
46.3476736598408	7.92910187580984	-1.11052624003189	0.428903197958613	0.397145474438284	0.585129882592734	2	1	1	1	7
59.1728117900274	20.7542400059964	-0.630477486305455	-0.49970021544678	0.446395665260296	0.631785473806678	2	1	1	1	7
70.5535168964065	32.1349451123755	-0.00253260324429672	-0.967767931690142	-0.117946552504619	0.409420062986876	2	1	1	1	7
12.9914586592784	-34.2359067899124	-0.744262739456893	-0.50248240864532	0.0715474720056665	-1.11705259598663	1	2	1	2	8
23.8973768624446	-23.3299885867462	0.0131299053103714	-0.767955060966025	-0.712020117223597	-1.24779552631258	1	2	1	2	8
34.8491644577741	-12.3782009914167	0.546117747516203	-0.494586180105869	-0.832247659217008	-1.00430589788691	1	2	1	2	8
47.2273654491908	0	0.548900596022251	0.170319264743935	-0.192556874919328	-0.478133498284487	1	2	1	2	8
59.9875636166353	12.7601981674445	0.0198817997650753	0.868476615283989	0.693191317857853	0.132885847934853	1	2	1	2	8
70.8439346920284	23.6165692428375	-0.737415678439317	1.22368340586302	1.11347911947928	0.599014670176584	1	2	1	2	8
10.1281959354839	NaN	-0.638132155764123	-0.939040633025547	-1.47809246580894	-1.25511933338285	1	2	2	1	9
23.8074311515005	NaN	-0.670772266749791	-0.942291748150278	-1.02004743802895	-1.10168260901972	1	2	2	1	9
35.1332061282893	NaN	-0.231707338492588	-0.256193258352189	-0.203914556473902	-0.692138590589853	1	2	2	1	9
47.6000383898406	NaN	0.461346594656836	0.594266651856948	0.417079347688567	-0.15038617608769	1	2	2	1	9
59.1464656748138	NaN	1.06472975892575	0.958333883904299	0.42198506687401	0.359678876956276	1	2	2	1	9
72.9758846380173	NaN	1.27924679329997	0.557431822282355	-0.19252280773383	0.68374715335412	1	2	2	1	9
12.4335959316304	NaN	-0.353550007186418	-0.0624794045245686	-0.695936090182547	-0.983077715202534	1	1	2	2	10
24.0494827606941	NaN	0.150860855742439	0.555568914836742	0.227419173455343	-0.545262194727122	1	1	2	2	10
36.2675027258107	NaN	0.715843469854162	1.13665262749263	0.730957613239844	-0.0104632979152672	1	1	2	2	10
48.1219877040639	NaN	1.1592804779076	1.44650095127056	0.384872987806135	0.467551578904931	1	1	2	2	10
58.9580063918668	NaN	1.33823371863457	1.3601948640308	-0.515426606265363	0.751341795049809	1	1	2	2	10
72.3479000422128	NaN	1.19501913157568	0.912529687210768	-1.20147077216492	0.759310916981215	1	1	2	2	10
10.9859928705392	NaN	-0.430836164222425	-0.587386754731796	-0.0756932804887019	-0.779996020941756	1	2	1	1	11
25.0557014495348	NaN	-0.652044107755662	-0.952826879546897	0.431271161745223	-0.349395374381737	1	2	1	1	11
36.4215417841161	NaN	-0.228254595493077	-1.00875426613987	0.902639314840213	0.189791536213839	1	2	1	1	11
48.4702225195156	NaN	0.564580162851809	-0.736451176839013	1.21546268313419	0.679104464870411	1	2	1	1	11
60.4536552727621	NaN	1.21020269234791	-0.227051814460261	1.28814652526172	0.974740501113374	1	2	1	1	11
72.3534200334825	NaN	1.28821334057323	0.348958407391528	1.10173247717159	0.989815935228304	1	2	1	1	11
12.6373446585437	NaN	-1.27705527180588	-0.877692388728508	-0.840762217279861	-1.03027939173209	2	2	1	1	12
22.6573648408863	NaN	-0.98488332486661	-0.332366082823085	-0.433656014660549	-0.893908496744246	2	2	1	1	12
36.5650902243904	NaN	-0.22175987522122	0.316715447419933	0.101731774080607	-0.48849613610948	2	2	1	1	12
49.9484480125121	NaN	0.503500192693289	0.794115971373996	0.607204873458675	0.0595659735313566	2	2	1	1	12
60.2007609427485	NaN	0.707327519536474	0.897251692258111	0.933406194348679	0.579413503436896	2	2	1	1	12
71.7090941157359	NaN	0.253819614301135	0.582357207916041	0.983949836458798	0.908978327234788	2	2	1	1	12
11.5666406444068	NaN	-0.594381141272277	-0.311632620633465	0.0531361123014198	-0.365952897507721	2	1	2	1	13
24.9527398991876	NaN	-0.0045659439954237	0.299388213099847	-0.580223129144634	0.407281346112892	2	1	2	1	13
37.8681059883137	NaN	0.785025649887003	0.807468242550583	-0.448173350615737	1.20621428292698	2	1	2	1	13
48.9872025780776	NaN	1.2786694828952	1.02272832175899	0.342885362696207	1.41975022144631	2	1	2	1	13
59.0260327087112	NaN	1.16644435638792	0.864721675354842	1.15555160485268	0.884557690411948	2	1	2	1	13
71.5810036434951	NaN	0.518807841997025	0.392498384695634	1.33501354382087	0.0100000227914704	2	1	2	1	13
11.7446863649375	NaN	-0.419339270919214	-0.680513024050316	-0.948748103619441	-1.35721161048654	2	1	2	1	14
24.9516924358239	NaN	0.182570299152468	-0.908853306852054	-1.32921768867104	-1.1503947117828	2	1	2	1	14
35.5811509266828	NaN	0.754715477405794	-0.812208077800444	-1.19653007287114	-0.667201246611118	2	1	2	1	14
46.5029788179306	NaN	1.077708232435	-0.422214662364606	-0.619956097036107	-0.0763483050336031	2	1	2	1	14
60.1585916963932	NaN	1.02769757785145	0.133460537957577	0.0994982718630052	0.415855468187376	2	1	2	1	14
70.8558612663317	NaN	0.623860008494957	0.672914315524852	0.586234989033444	0.637546845750239	2	1	2	1	14
11.4435960422226	NaN	-0.885988626437493	-0.463669944998235	-0.528683824267966	-0.0990243108073938	1	1	2	2	15
23.3680492747576	NaN	-0.733795637182137	-0.598112684936614	-1.08854834081443	0.687489494707113	1	1	2	2	15
36.1684801763616	NaN	-0.343015135296558	-0.46289626558563	-1.24746203177635	1.02959432961238	1	1	2	2	15
47.6471207869406	NaN	0.176347842033092	-0.0944830437581699	-0.928983695104686	0.696192045854589	1	1	2	2	15
59.4175212563617	NaN	0.678092183547207	0.407780951318427	-0.28630885935587	-0.0874979428895293	1	1	2	2	15
72.2883410911463	NaN	1.02097643866194	0.908455592693212	0.371420848502953	-0.79207854377492	1	1	2	2	15
11.9774818014016	NaN	0.213720957857766	-0.47305506105529	-0.760919466615655	-0.14531705671904	2	1	2	1	16
22.9397175377948	NaN	-0.486458862166868	-0.905896806254569	-0.698645910893521	0.355507149638865	2	1	2	1	16
37.1542871883558	NaN	-0.702499850556193	-1.10472251144556	-0.162728455844139	0.851154224644087	2	1	2	1	16
48.4017409042578	NaN	-0.299552698716561	-1.01108551088842	0.56388479871217	1.20976958051039	2	1	2	1	16
60.4589063270033	NaN	0.470869465077343	-0.652511272012972	1.09756417670519	1.33595251317617	2	1	2	1	16
73.0826285914005	NaN	1.12788152320326	-0.134406028195008	1.15654321486028	1.19613518897244	2	1	2	1	16
