age	diseaseAge	x1	x2	x3	x4	z1	z2	z3	z4	id
10.3174129879643	-35.8314747672592	-0.0282632550652675	-0.974245529275451	0.153472822276271	-1.4813525459653	1	1	1	2	1
23.0354196026222	-23.1134681526013	-0.45061420123138	-0.556036094785063	0.628967472489402	-1.43850155016852	1	1	1	2	1
37.2152645645951	-8.93362319062849	-0.627266242625499	0.00867685480652086	0.990850950235851	-1.12822687342365	1	1	1	2	1
46.1488877552235	0	-0.505416751723606	0.534394080019258	1.15218765196611	-0.638873494941334	1	1	1	2	1
60.075814973586	13.9269272183625	-0.121487460373846	0.848425817799105	1.0742195121643	-0.109775744233149	1	1	1	2	1
72.4695991529265	26.3207113977029	0.40976227055417	0.84761762734054	0.775676889379862	0.308415573817004	1	1	1	2	1
13.1296569219554	-32.7096140598847	-0.874814457816726	-0.521387826047797	-0.618274152045013	-0.488905005349565	2	2	1	1	2
25.2648531191778	-20.5744178626623	-0.173179472577222	-0.740978391641702	0.00378350347241913	-1.06337217789446	2	2	1	1	2
35.301753572897	-10.5375174089431	0.678447441450994	-0.408388164407975	0.467401773881987	-1.33194569302099	2	2	1	1	2
45.8392709818401	0	1.01780343628758	0.292115684500695	0.591392200675682	-1.18158552295121	2	2	1	1	2
59.527182365467	13.687911383627	0.580990243902648	0.97242835809862	0.327297603163337	-0.67557682740527	2	2	1	1	2
71.5228842524764	25.6836132706363	-0.292306829780449	1.25563171027589	-0.221670182371541	-0.0268938342159147	2	2	1	1	2
14.0918290587066	-33.1863297459834	-0.0249456410519489	-0.854433952747314	-0.729377522994369	-0.283833294537269	1	1	2	1	3
23.8817126426947	-23.3964461619953	-0.569287812521347	-0.509747496626024	-0.620615604322995	0.377072599773721	1	1	2	1	3
35.9650937324234	-11.3130650722667	-0.634042808144808	0.399159399902037	-0.151893539457279	0.849129100043189	1	1	2	1	3
47.27815880469	0	-0.184494151439222	1.08298722620424	0.4849022453002	0.923925783043904	1	1	2	1	3
60.4982058023356	13.2200469976455	0.538345935785014	0.947896315402625	1.02907895014138	0.568440312781608	1	1	2	1	3
73.6731149015916	26.3949560969016	1.14694811084847	0.111200322167366	1.25786036930134	-0.0603823745629569	1	1	2	1	3
11.889613622182	-36.7749413737177	-0.691691707736763	-0.14011307104554	-0.959557489062959	-0.957091247574278	2	1	2	2	4
25.1228047135856	-23.5417502823141	-1.17997382217211	0.708697072712562	-0.655496392907786	-1.45858500077984	2	1	2	2	4
37.6070582466316	-11.0574967492681	-1.4625348955767	1.25206997911158	-0.0337250017754844	-1.29385048588409	2	1	2	2	4
48.6645549958997	0	-1.45427647923538	1.09851695972201	0.619047537767943	-0.57549119220023	2	1	2	2	4
59.7043016732788	11.0397466773791	-1.15768574666792	0.35866971784977	1.00181693317473	0.205461822812049	2	1	2	2	4
71.8301921485235	23.1656371526238	-0.662086435715033	-0.434427454182513	0.938081839651882	0.515191863023835	2	1	2	2	4
8.80020341764679	-27.7837958831806	-1.14314498338816	-0.963500376681922	0.180469651974023	-1.08179678296431	2	1	2	1	5
23.9639770989893	-12.6200222018381	-0.609489283015579	-0.909117786707416	1.04109888040729	-0.580696390544168	2	1	2	1	5
36.5839993008274	0	-0.0182745856922022	-0.0929783207863576	1.18761778193475	0.238307987406912	2	1	2	1	5
45.6705661706966	9.08656686986915	0.419681284194022	0.755755992005945	0.488751955831955	0.823283762009011	2	1	2	1	5
60.8562141711539	24.2722148703265	0.548210179800076	0.878801966622133	-0.429345988565276	0.780011802815117	2	1	2	1	5
71.4033816843405	34.8193823835131	0.321480726727916	0.166226857168789	-0.744101242132391	0.137653375755872	2	1	2	1	5
11.0743989685087	-35.5045976915661	-1.33786074361859	-0.485528023982723	-1.45252926064991	-1.11652294624289	1	2	1	1	6
23.2596450571906	-23.3193516028842	-1.12112933001272	0.240598207037584	-1.30683800430458	-0.824876295691969	1	2	1	1	6
36.0751319927638	-10.503864667311	-0.669612953642266	0.861345906191723	-0.919303263512137	-0.371175573576368	1	2	1	1	6
46.5789966600748	0	-0.12003925329105	1.038104875329	-0.399635185939586	0.130102559453188	1	2	1	1	6
60.5895559089381	14.0105592488633	0.361170532921645	0.674455281325522	0.105049452735811	0.552476826358245	1	2	1	1	6
71.1635701812497	24.5845735211749	0.628297044033942	-0.0312365165865717	0.451875652143455	0.789374781332184	1	2	1	1	6
11.1348117495413	-38.564145226064	-1.36854600528047	-0.466926679498593	-0.0172747250557137	-0.281548184710224	1	2	1	1	7
25.0137067567638	-24.6852502188416	-1.0840435099	-0.670742696276691	-0.79242056599832	-0.519951005009155	1	2	1	1	7
35.8838003954809	-13.8151565801244	-0.594513831442272	-0.104367071435378	-0.821877573539979	-0.492038866794988	1	2	1	1	7
49.6989569756054	0	-0.0475208163714357	0.784228263452139	-0.0804391627347367	-0.2054129193196	1	2	1	1	7
58.6934526591629	8.99449568355752	0.392049938289731	1.29221332930964	0.797440190424726	0.261871670539289	1	2	1	1	7
72.5062818248803	22.8073248492749	0.591694206126794	1.0177999114231	1.06055245992223	0.782562025077874	1	2	1	1	7
11.66665897405	-36.4197298701979	-0.875883032505181	-0.245425667931647	-0.0426743207084581	-1.24243823053177	1	1	1	2	8
26.016526064934	-22.0698627793139	-1.02158805790615	0.530835497794471	0.675226394753664	-0.787931049973823	1	1	1	2	8
36.7909868430988	-11.295402001149	-0.69770990825328	0.972933369971095	1.04949973648151	0.00654942185380641	1	1	1	2	8
48.0863888442479	0	-0.0578013334837776	0.807042899309726	0.871251986762244	0.629145138654594	1	1	1	2	8
60.5795787279041	12.4931898836562	0.594752824079514	0.135912751126701	0.239968818128427	0.678737836941031	1	1	1	2	8
70.2302197805983	22.1438309363504	0.950572368569134	-0.624774807209369	-0.492010787924031	0.123376546795536	1	1	1	2	8
13.4704476705703	NaN	-0.76183515813085	-1.13920856719117	-0.819394920495907	-0.471899454385509	1	1	1	2	9
24.0530438424329	NaN	-0.708116614900842	-1.11694909297454	-1.13131127553199	-0.962489804816693	1	1	1	2	9
34.6975918358475	NaN	-0.172057524735632	-0.534200794159206	-0.668616818411964	-0.653153605753823	1	1	1	2	9
48.1275492181865	NaN	0.559475257611464	0.2493663226034	0.208644172009467	0.207067353251041	1	1	1	2	9
60.8335473216819	NaN	1.09500901528721	0.750137649307083	0.817833734971679	0.925622482613587	1	1	1	2	9
72.2240962899754	NaN	1.14795802015607	0.659039050905012	0.684912872368303	0.924014161135947	1	1	1	2	9
12.3612511392943	NaN	-1.02925485449458	0.0607809342931215	-1.00625041141491	-0.147971035056867	2	2	2	2	10
23.0728790600448	NaN	-0.56006918617115	0.872671802116085	-0.232436159213284	0.676852196054043	2	2	2	2	10
35.8698537432674	NaN	0.129715652239194	1.33709957267142	0.401300162807186	1.307278176901	2	2	2	2	10
47.2532211267904	NaN	0.707138229147533	1.14315383752582	0.503628937412214	1.30505665611825	2	2	2	2	10
60.6184158712851	NaN	0.893474749635096	0.420671250624234	0.0113625599043599	0.671731957815257	2	2	2	2	10
72.8973510396995	NaN	0.598779956624593	-0.346683406508905	-0.771526471385698	-0.152430578920049	2	2	2	2	10
12.1038906492814	NaN	-0.844761921211798	-0.603851222264139	-1.0848021154009	-0.23395669986147	2	1	1	1	11
25.054327911345	NaN	-1.23842439127471	-0.291371764574555	-0.49563920501421	0.466963222443101	2	1	1	1	11
35.3241026809994	NaN	-0.772866810036984	0.281277368112783	0.317944138975814	0.970849063773008	2	1	1	1	11
48.8113808110944	NaN	0.151511036304743	0.890522058602687	0.814263421690087	1.02945435165705	2	1	1	1	11
57.896418991627	NaN	0.739703960516412	1.29850052372451	0.66286883495367	0.613906363759985	2	1	1	1	11
71.3467335014658	NaN	0.485840442966453	1.34592949564859	-0.0354409742975817	-0.0710693178980762	2	1	1	1	11
12.2173455970097	NaN	-0.120527444673695	-0.842858583773931	-0.711892909675786	-0.255436771612258	1	1	2	2	12
23.7623233908483	NaN	-0.726723031405716	-0.0719588325784926	0.188145014307619	0.329724964151412	1	1	2	2	12
35.0789261751684	NaN	-0.662345068900117	0.774378883502004	0.586871446070136	0.866416949244146	1	1	2	2	12
47.704581466163	NaN	0.026462307044182	0.991519084984151	0.151709398489956	1.16591343154869	1	1	2	2	12
59.945830655759	NaN	0.845983236871843	0.398677331945926	-0.754373260829472	1.12289758046316	1	1	2	2	12
71.5317471808828	NaN	1.2088104214976	-0.510564056199482	-1.37561464374913	0.752495760968922	1	1	2	2	12
12.625745282854	NaN	0.148863012896156	-0.542275306688493	-0.987318608374209	-0.503292015358041	1	1	2	1	13
23.2036300952561	NaN	-0.566141208592554	-1.10643756035164	-0.137764873868779	-1.18352874203637	1	1	2	1	13
36.2505093622258	NaN	-0.515002998733498	-0.861393996077611	0.669163888864384	-1.0341621994973	1	1	2	1	13
47.9887133055915	NaN	0.259371674733817	-0.00940457244587649	0.721655436781753	-0.18602757909092	1	1	2	1	13
59.4633325183149	NaN	1.10726717159332	0.746295161205888	-0.026594350368046	0.617965405499847	1	1	2	1	13
74.150834090712	NaN	1.31728242921501	0.781947558845405	-0.915535436019313	0.673572187888576	1	1	2	1	13
11.4841403257252	NaN	-0.558557974754656	-0.0521296294379553	-0.517488905198306	-1.0418189072298	1	2	1	2	14
22.5617336481923	NaN	0.278166638266443	0.581672037958384	-0.240286741922976	-0.728614499650181	1	2	1	2	14
38.5600736178111	NaN	0.826988719038619	1.12558234589318	0.326429610976822	0.114780041188907	1	2	1	2	14
45.4785883862788	NaN	0.703649602848609	1.35887472555083	0.95311385939957	0.833152674300281	1	2	1	2	14
59.6100386914754	NaN	-0.0054946292446672	1.18687579835873	1.38592994221669	0.868417739487521	1	2	1	2	14
71.3859781039903	NaN	-0.803935499794597	0.679385184741838	1.44956735827563	0.193178693118878	1	2	1	2	14
13.9136914434212	NaN	-0.881145052555746	-0.412824261839857	-0.700360367294365	-1.3628666754124	2	2	1	1	15
22.3075626399164	NaN	-0.863212186298137	0.0884482213885053	-0.986754176108102	-1.21708438772485	2	2	1	1	15
36.5279722434263	NaN	-0.55085878840548	0.626118588243211	-0.913131208089641	-0.703617434201336	2	2	1	1	15
46.5493598988206	NaN	-0.0407804970591181	1.04109899956268	-0.506459560199538	-0.0451209204885067	2	2	1	1	15
60.7839615161292	NaN	0.509117103114867	1.21060356086401	0.0842969220858953	0.472860757961189	2	2	1	1	15
74.1660961882366	NaN	0.928601513472473	1.0844786537821	0.642744109011446	0.625714771545337	2	2	1	1	15
12.4003663426994	NaN	-0.653770829707455	-0.717659740751541	-0.686825875933419	-0.367504122269903	1	2	1	1	16
25.5728754809727	NaN	-0.449546971878254	-1.27347761777225	-0.10981157075408	-0.571327188796501	1	2	1	1	16
35.6224799781705	NaN	0.163906652407864	-1.12259658450532	0.43592146097379	-0.455233767092551	1	2	1	1	16
46.4844433702251	NaN	0.869869742484455	-0.375496823379923	0.760468854782761	-0.0564856883464924	1	2	1	1	16
61.6064135900256	NaN	1.30386023598101	0.420770017595234	0.750894499098803	0.49693319289701	1	2	1	1	16
70.6516661629972	NaN	1.24181294826916	0.683150495926785	0.410530081442443	1.02739523308398	1	2	1	1	16
