age	diseaseAge	x1	x2	x3	x4	z1	z2	z3	z4	id
11.7323344784758	-36.0689834491852	-0.834677276940988	-0.275765319862038	-0.779760117820163	0.193622808214723	2	2	1	1	1
24.0800020878838	-23.7213158397772	0.0546429846200402	0.509002919356976	0.0685165205164752	0.764461252375128	2	2	1	1	1
36.6889667362063	-11.1123511914547	0.542347969355209	1.2380644518633	0.710489467276618	1.23032963753545	2	2	1	1	1
47.801317927661	0	0.240928933411606	1.40210032490547	0.672018052422157	1.43920412824099	2	2	1	1	1
60.9816803765591	13.1803624488981	-0.610119929696862	0.88651585018017	-0.0184839684385679	1.3229240546176	2	2	1	1	1
71.5354116777646	23.7340937501036	-1.3345929501026	0.051495913343419	-0.851033904468127	0.919434345624361	2	2	1	1	1
11.5506669353431	-37.8854017120373	-0.649340877324571	-0.0416397578281179	-0.811237533928482	-0.781038947254555	2	2	1	1	2
24.287349758391	-25.1487188889893	-0.0816457206686872	-0.547311231806005	-0.470588449909643	-0.780169532288419	2	2	1	1	2
35.9927212088975	-13.4433474384828	0.622710715843072	-0.551653760457741	0.302340958921238	-0.0926790585449001	2	2	1	1	2
49.4360686473804	0	1.11179584722397	-0.0523209507111742	1.00069144664614	0.756382166547519	2	2	1	1	2
60.6751058436339	11.2390371962535	1.14123766855858	0.680883325208496	1.1665099355964	1.11856900187596	2	2	1	1	2
72.3745996804512	22.9385310330708	0.696325536553409	1.25178771842555	0.691058637678642	0.71727207393121	2	2	1	1	2
10.8180011312013	-36.8510241363896	0.18188077273894	-0.623354754616004	0.226405013768322	-0.567844070010462	2	2	1	2	3
24.1599085114494	-23.5091167561416	0.830340155043751	-0.145599230861267	0.801475477366646	-0.0170904040589852	2	2	1	2	3
34.8107791231424	-12.8582461444486	1.31345383998628	0.503421006651337	1.27014493794266	0.782981718695265	2	2	1	2	3
47.669025267591	0	1.42704765042327	1.04838808908745	1.47722825188534	1.32016531432061	2	2	1	2	3
61.196028292542	13.527003024951	1.12311441227251	1.25812405457609	1.35415629635461	1.25055490041425	2	2	1	2	3
72.71454485776	25.045519590169	0.530102813161821	1.04365778064879	0.941680476551997	0.618715134515391	2	2	1	2	3
11.6121060044978	-36.6607427790816	-0.671646161566611	-0.539344364418269	-0.664143943170745	-0.731765063242201	1	1	1	2	4
23.7198140484994	-24.55303473508	0.181231727908901	0.229260812732027	-1.12090824798987	-1.17914508628362	1	1	1	2	4
37.1327828255852	-11.1400659579942	0.760550967334848	0.914077488232467	-1.21553995281499	-1.32713306467209	1	1	1	2	4
48.2728487835794	0	0.643538222580675	1.07709486007744	-0.909533010361996	-1.12365353825074	1	1	1	2	4
59.7109695780687	11.4381207944893	-0.0844134020532832	0.614046527729178	-0.327402960292089	-0.640308876930177	1	1	1	2	4
71.9207539034199	23.6479051198405	-0.892062210300886	-0.178900405008927	0.293978978864807	-0.0471831370420403	1	1	1	2	4
13.2737847054596	-36.2248847862199	-0.433804776796495	-0.918521776360381	-0.491421282043683	-0.903389845677198	2	2	1	1	5
23.7449077036499	-25.7537617880296	-1.00895422272654	-0.473099639845537	-0.622987619800869	-1.05393252678751	2	2	1	1	5
35.481864723889	-14.0168047677905	-1.3520455489835	0.0210068327881029	0.0843794584155645	-0.505034555846245	2	2	1	1	5
49.4986694916795	0	-1.33410705780089	0.442867439704466	0.998292796584901	0.34585797778558	2	2	1	1	5
59.3828175025563	9.88414801087681	-0.961882019807063	0.689233810022745	1.3017125937716	0.882630736176406	2	2	1	1	5
72.3375864855064	22.8389169938269	-0.375293806499035	0.699808950001065	0.72338112745473	0.716617254897295	2	2	1	1	5
11.5189478548884	-36.1279064502739	-0.669795777368125	-0.379597755501263	-1.07113550251879	-1.13023239381014	2	1	1	1	6
25.0753489983679	-22.5715053067944	-0.0943030546592397	-0.777601278336274	-1.34257745132327	-1.2996569641207	2	1	1	1	6
35.4946304738579	-12.1522238313043	0.513896962348142	-0.598427102760649	-0.932238841195619	-1.20751218953399	2	1	1	1	6
47.6468543051622	0	0.917019868349085	0.053245869651882	-0.121077019692668	-0.877974047488706	2	1	1	1	6
59.3824261806355	11.7355718754733	0.957459057313085	0.796690836513222	0.535508476841833	-0.397503291977681	2	1	1	1	6
71.7775348018991	24.1306804967369	0.61940425592556	1.19756505695938	0.587955957166518	0.107839210311037	2	1	1	1	6
12.9538745680491	-34.955420541162	-0.0570375380160263	-0.0160622046982524	-0.079922045966071	-1.01322239297904	1	2	1	2	7
24.0049954993097	-23.9042996099015	0.835726122271317	-0.526903293151657	-0.531721203770079	-1.06115729503218	1	2	1	2	7
37.7551165452225	-10.1541785639886	1.33695212926203	-0.662383703517864	-0.158938072930584	-0.540361838129596	1	2	1	2	7
47.9092951092111	0	1.04619452082919	-0.363087015922579	0.730670162516274	0.23533859856471	1	2	1	2	7
60.4134077415458	12.5041126323347	0.195749124864196	0.239726924693672	1.40267293748583	0.798515813754402	1	2	1	2	7
72.0337169343123	24.1244218251012	-0.534935227020474	0.881687453192523	1.30228741826088	0.809805666007475	1	2	1	2	7
12.2576910427215	-35.8413588069049	-0.910038661209875	-1.14262259633404	-0.505403139618057	-0.543208388641437	1	2	2	1	8
25.2746529434334	-22.824396906193	-0.804490996569962	-0.925144832956349	0.056798356495599	0.061375952792928	1	2	2	1	8
36.0946843895223	-12.0043654601041	-0.472202343733135	-0.427075457550805	0.80905940208319	0.963091181612431	1	2	2	1	8
48.0990498496264	0	0.00250381186497443	0.172483491390753	1.32484536900724	1.42136772615983	1	2	2	1	8
59.9790763326352	11.8800264830088	0.499163297716377	0.657935080481239	1.31170382085502	1.05982770853199	1	2	2	1	8
72.3808592408054	24.281809391179	0.891740937584632	0.854714533228593	0.777086061116376	0.175400278236705	1	2	2	1	8
11.1273350833033	NaN	-0.596366709587779	-1.0741809840581	-0.825723559698733	-1.12403759787157	1	1	1	1	9
25.887969170335	NaN	-1.08556463137122	-1.11728951927448	-0.850575851864791	-0.269481838491341	1	1	1	1	9
35.021097528023	NaN	-1.24578711802221	-0.603586067389879	-0.547633117110033	0.475934288714109	1	1	1	1	9
48.1975820459354	NaN	-1.01413337124449	0.16372492179913	-0.0194492376691192	0.501428404847394	1	1	1	1	9
59.8054763519729	NaN	-0.481546965221736	0.73175159902349	0.55517200225669	-0.21388897226321	1	1	1	1	9
71.0511002721065	NaN	0.142887153227414	0.765226183804518	0.981706581430868	-1.08389791133021	1	1	1	1	9
11.9937401295587	NaN	-0.805617569754584	-0.554551062246247	-1.0456070812677	-0.820307544607728	1	2	2	2	10
24.6464348577123	NaN	-0.792793620720122	0.114591043070614	-0.487412207814182	-1.00451948117811	1	2	2	2	10
36.5503169642139	NaN	-0.359178701569245	0.911346148456459	0.0668580125224965	-0.750474023451991	1	2	2	2	10
49.7160004138146	NaN	0.300188907505686	1.30225923916916	0.429862001694254	-0.169682560027131	1	2	2	2	10
59.3408971946392	NaN	0.888728256890764	1.02560052250403	0.478905561683603	0.482920760098434	1	2	2	2	10
70.2137324217829	NaN	1.14171666879072	0.266602548311719	0.197412124628173	0.920880500633618	1	2	2	2	10
11.6530381028094	NaN	-0.707719048318024	-1.14129819141822	-0.76510734401907	-0.5150441763978	1	1	2	2	11
25.0474435793045	NaN	-0.0948951232887576	-1.26476689288707	-0.820182858225054	0.0925881163807932	1	1	2	2	11
35.733138843361	NaN	0.479605296523738	-0.570355229400338	-0.622801876631036	0.712231099747323	1	1	2	2	11
46.0858123011497	NaN	0.789001670378957	0.336661067522539	-0.223331055417599	1.08288335744197	1	1	2	2	11
60.1835164303731	NaN	0.711161664606996	0.665691946638093	0.276294711061481	1.04842149777777	1	1	2	2	11
71.5152716912907	NaN	0.276812147268232	0.129941525156614	0.7485835084587	0.62336128938402	1	1	2	2	11
12.0337845638274	NaN	-0.393951095489522	-0.771358680199945	-1.27882842406782	-0.500824197875228	2	2	1	2	12
24.2815302475823	NaN	-1.12459914682059	-1.0107355536642	-1.31086271793635	0.172256945519141	2	2	1	2	12
36.8357260634128	NaN	-1.3351976050928	-0.8783605541998	-0.64057178891208	1.01064434522245	2	2	1	2	12
47.6227086997377	NaN	-0.884685801227644	-0.423653733628268	0.217145403607351	1.39623427993333	2	2	1	2	12
59.476187222303	NaN	-0.0748204384904537	0.183627516343769	0.603414226589698	1.04474936949854	2	2	1	2	12
72.481395425493	NaN	0.551943657625445	0.716764623740598	0.221513649823678	0.215322958715367	2	2	1	2	12
12.7000593885551	NaN	-0.606921915988158	-0.871870830316622	-0.875540831067716	-1.07333405983979	1	2	1	1	13
24.8906082447012	NaN	-0.832643946247052	-1.3560517218096	-1.3569108547796	-0.302103041835924	1	2	1	1	13
36.1468590555068	NaN	-0.270072208803187	-1.23486234848189	-1.44741884272084	0.546553338589474	1	2	1	1	13
47.7179297384626	NaN	0.627215349731329	-0.584071101485143	-1.10728857546047	0.762576473178377	1	2	1	1	13
60.7208924930459	NaN	1.1357734845422	0.189443062663689	-0.485999634341592	0.165222906940388	1	2	1	1	13
69.6837166975689	NaN	0.845573146590305	0.60207401463766	0.143405503235647	-0.745710208221505	1	2	1	1	13
12.2298817927594	NaN	-0.509355617990884	-0.351469966364909	-1.07044983497243	-0.203095265445666	1	1	2	1	14
24.1120646029622	NaN	-0.108771710877788	0.572682506009446	-0.506683444663522	-0.476436354894479	1	1	2	1	14
35.2310202850662	NaN	0.695516698215156	1.18165536153246	0.152213719031108	-0.507596969874605	1	1	2	1	14
48.8582559137027	NaN	1.35860936158241	0.948963673140864	0.615982573497662	-0.288635030804971	1	1	2	1	14
60.7646303059357	NaN	1.43126524524209	0.0757800636863968	0.680322463551192	0.124641412748453	1	1	2	1	14
71.8878992961522	NaN	0.864260453193926	-0.682988241053772	0.316890214427227	0.626898290653317	1	1	2	1	14
11.2844909096553	NaN	-0.401169301298506	-0.962560478456832	-0.506170409999766	-0.217511969579125	2	1	2	2	15
24.8273801354982	NaN	-0.698571410965987	-0.461536586888699	0.404634906971892	-0.508169762046481	2	1	2	2	15
36.7007650410701	NaN	-0.137323130468695	0.0594586578918951	0.94131979958703	-0.404797444067892	2	1	2	2	15
47.1196725663267	NaN	0.79437798443631	0.453307730214046	0.65865752629272	0.0513666236024243	2	1	2	2	15
60.9970440436498	NaN	1.28609879248447	0.608796369317624	-0.208859001650695	0.6783447243615	2	1	2	2	15
70.3393539864601	NaN	0.910119681971496	0.482018025029624	-0.941549461032523	1.22601623007896	2	1	2	2	15
10.479620560445	NaN	-0.956282617177031	-0.242133005400953	-0.174734644951435	-0.312873296929015	2	1	2	1	16
22.7199468958978	NaN	-1.03763582073195	-0.643846253632745	-0.865512484893275	-0.753926838900973	2	1	2	1	16
36.8640585507467	NaN	-0.755626703151029	-0.426727752963163	-0.759542393980689	-0.662897188959051	2	1	2	1	16
47.6871723311822	NaN	-0.214302204117045	0.273762511553325	0.0527900340559717	-0.0898630480326265	2	1	2	1	16
61.3933928236712	NaN	0.38661662485599	1.02058946243796	0.878618083880242	0.649928789190127	2	1	2	1	16
73.0052846923772	NaN	0.825421472743475	1.34780861641034	1.01356415272007	1.14949209141083	2	1	2	1	16
