age	diseaseAge	x1	x2	x3	x4	z1	z2	z3	z4	id
10.3891563873557	-39.0045830322129	-1.04294993871952	-0.838958853898316	-0.0495712071404503	-0.99151231095997	2	2	2	1	1
22.0318988251791	-27.3618405943895	-0.458523934950422	-1.1033321775584	0.751183427454581	-0.27133184625932	2	2	2	1	1
35.1405335515753	-14.2532058679933	0.236456095684605	-0.962349255741547	1.28064042861378	0.372069775429377	2	2	2	1	1
49.3937394195686	0	0.700472580515017	-0.473457921828453	1.19910342141193	0.585073593217585	2	2	2	1	1
60.1287510997903	10.7350116802217	0.705504890755839	0.16412799366886	0.558886051165038	0.250610911328839	2	2	2	1	1
72.1932205202883	22.7994811007197	0.249080117398737	0.690604473587534	-0.229252131566844	-0.447494757770307	2	2	2	1	1
12.2967649316583	-35.1638532635083	-1.29800098579382	-0.61688089082987	-0.560840025879642	0.215001287224668	1	1	2	2	2
23.0714476459717	-24.3891705491948	-1.17801203483193	-0.71816610559474	0.0710102564147378	-0.424742780472184	1	1	2	2	2
34.4965536249008	-12.9640645702658	-0.370642060753136	-0.347498908085328	0.625471485528713	-0.735541628243231	1	1	2	2	2
47.4606181951666	0	0.448645456791331	0.316318313685867	0.877234845582046	-0.567741298048794	1	1	2	2	2
59.0220487021633	11.5614305069967	0.594416559142252	0.953073506281075	0.72399470805263	-0.00213997737913574	1	1	2	2	2
73.9227291079313	26.4621109127648	-0.0552840643854078	1.25560879390124	0.228021168880717	0.688917449227958	1	1	2	2	2
12.3973112827291	-35.0191746854922	-0.547110863576178	-0.715438859920749	-1.39241778181087	-0.549525838407171	1	2	2	1	3
23.827684396567	-23.5888015716543	-0.737166140690262	-0.114723855815494	-0.777935114555314	-0.645753206088804	1	2	2	1	3
35.8599951343274	-11.5564908338939	-0.615019998326889	0.375450610500881	0.145584371100574	-0.308808944221327	1	2	2	1	3
47.4164859682213	0	-0.218883097828758	0.578194008688982	0.579360177273122	0.312583254232191	1	2	2	1	3
60.9586101321711	13.5421241639498	0.327322080262327	0.420341803072736	0.148206225264358	0.944147335362289	1	2	2	1	3
71.6559746693427	24.2394887011214	0.8527275848196	-0.0411414717066758	-0.774959128790024	1.30711748203379	1	2	2	1	3
11.846665888929	-36.6155873872376	-0.66070358074965	-1.42334565835205	-0.616721220219432	-0.959166392236201	2	2	1	1	4
21.9062591035377	-26.5559941726289	-0.179136590221364	-1.16713804895106	-0.495696282554351	-0.725885417742277	2	2	1	1	4
37.5379488326149	-10.9243044435517	0.655022361613825	-0.508077657487089	-0.0155525335686241	-0.200359390579418	2	2	1	1	4
48.4622532761666	0	1.25619370210302	0.196765672669261	0.62540485247733	0.416413642436571	2	2	1	1	4
60.6253887014724	12.1631354253058	1.20235515853628	0.565517532496552	1.1624527246483	0.888536373546937	2	2	1	1	4
72.2023264531268	23.7400731769602	0.531301387752934	0.398393242872027	1.37378381772002	1.0354359254713	2	2	1	1	4
12.9835098599476	-35.4943312917379	0.160149080817129	-0.833703887537511	-0.930351763669154	-1.3237280266394	2	1	2	2	5
23.6900944430616	-24.7877467086239	-0.331017136085202	-0.761768734983728	-0.989694513124563	-0.949772106983666	2	1	2	2	5
35.1794234888042	-13.2984176628813	-0.674201886277959	-0.328801257406488	-0.436879905810402	-0.297680489355828	2	1	2	2	5
48.4778411516855	0	-0.777364923546104	0.292812171720172	0.368996988670534	0.329744568313913	2	1	2	2	5
60.4012921225755	11.92345097089	-0.61283849358203	0.855575631110137	0.904457927004645	0.641154858183987	2	1	2	2	5
71.9821858785131	23.5043447268276	-0.224747672206468	1.13542436552869	0.821680365473592	0.491945333407783	2	1	2	2	5
11.0715075706019	-37.4104156636052	-0.626383640319993	-0.487057814839037	-0.848494624277603	-0.386072740372667	2	1	1	1	6
23.509087939642	-24.9728352945651	-0.384604034415788	-0.682286814853038	-0.830520585544564	-0.868990728240605	2	1	1	1	6
35.961572122819	-12.5203511113882	0.226157954056704	-0.549185649414309	-0.286532109625176	-1.17865884279469	2	1	1	1	6
48.4819232342071	0	0.908678401714835	-0.131525473988846	0.471155874401883	-1.22927779801847	2	1	1	1	6
60.4527362366254	11.9708130024183	1.33081253028059	0.433343535636057	1.00753917164951	-1.00682267493261	2	1	1	1	6
73.9511493253651	25.469226091158	1.28713111486095	0.959660652597367	1.01466914192683	-0.572928785131771	2	1	1	1	6
12.6331045027774	-36.3348906893003	-0.479558841584078	-1.06897198438801	-1.24879857881378	-0.708546240589077	1	2	2	2	7
24.1664648857157	-24.801530306362	-0.642641822672376	-0.790083612694504	-1.20616408728112	-1.27642830685989	1	2	2	2	7
35.4717961529595	-13.4961990391181	-0.161510141490559	-0.245862081616716	-0.43268061578073	-1.34778038706885	1	2	2	2	7
48.9679951920776	0	0.646513784055648	0.359745790033974	0.41887334751054	-0.882684461565691	1	2	2	2	7
59.9052318528556	10.9372366607779	1.24851117973341	0.799788674871312	0.629832014324442	-0.141339087128525	1	2	2	2	7
74.8451928463998	25.8771976543222	1.24744465091472	0.909360663484801	0.0221576053617542	0.461509044376907	1	2	2	2	7
11.3756385791095	-36.942657301986	-1.32929824392754	-0.763299849650987	-0.865778217578214	-0.50843053181276	2	2	2	1	8
23.0438978380742	-25.2743980430214	-1.0713985033026	-0.195323080387568	-1.1608498805105	-0.128441663721284	2	2	2	1	8
35.6869064537363	-12.6313894273592	-0.643141744309894	0.590339232065188	-0.990768255639023	0.39052796524624	2	2	2	1	8
48.3182958810955	0	-0.149107933109938	1.10776507023241	-0.435024343642605	0.90043781674157	2	2	2	1	8
60.7768927942952	12.4585969131996	0.290060259346869	1.03693321992235	0.246643981271922	1.25583173165454	2	2	2	1	8
69.6190044891347	21.3007086080392	0.567118303367792	0.421652267926797	0.735645587820027	1.35533054721203	2	2	2	1	8
10.486255293847	NaN	-0.693279595124774	-0.72942464753811	-0.77279953779181	-1.33126709375976	2	2	1	2	9
22.7558956667373	NaN	-0.556936686185872	-1.12613175941561	-0.459552727200057	-1.23071159209127	2	2	1	2	9
35.7528112630316	NaN	-0.088935212227647	-0.883069113418101	0.255107711586714	-0.70737704605481	2	2	1	2	9
48.9041581974537	NaN	0.530068671037091	-0.15659787923435	0.953188982903687	-0.0133530626493377	2	2	1	2	9
59.4953950331124	NaN	1.06112943000541	0.585946078111897	1.22639516555172	0.517049859134413	2	2	1	2	9
69.3775311619795	NaN	1.29924900269746	0.866887378927916	0.914932587067521	0.628337284395807	2	2	1	2	9
10.4747008521518	NaN	-0.929701681321236	-1.01998423780332	-1.46127650650578	-0.568663056012823	1	1	1	1	10
24.6131587310188	NaN	-1.12322128529307	-1.11841663334476	-1.34874214221409	-0.694425650754178	1	1	1	1	10
36.6583660270587	NaN	-0.992226850168618	-0.806274351434541	-0.908764907228696	-0.19671782895913	1	1	1	1	10
47.792993165899	NaN	-0.579297641893066	-0.213719960805693	-0.305108086928776	0.603725023078048	1	1	1	1	10
59.1489829142427	NaN	-0.0186548016851009	0.412152805753382	0.237542093415089	1.19107748306702	1	1	1	1	10
71.9177739481079	NaN	0.507466749019099	0.810356534115916	0.517206601074854	1.18683491456059	1	1	1	1	10
12.4553893160591	NaN	-0.480418616359158	-0.774836368646288	-0.553771054303139	-0.758168398298943	2	1	1	2	11
23.1131904492925	NaN	0.0571829267508386	-0.212449786305736	-0.97241120953746	-1.05082168762201	2	1	1	2	11
37.4876952021431	NaN	0.810832507191797	0.655538358204091	-0.947642371217415	-0.870130935151514	2	1	1	2	11
48.5471872779862	NaN	1.35246017375676	1.17451463443605	-0.491004344038654	-0.301946933257622	2	1	1	2	11
58.8702154629091	NaN	1.37442357539028	0.953081023127164	0.184755161259996	0.383771584102794	2	1	1	2	11
72.2229894450709	NaN	0.864247587698219	0.158236828164323	0.764799711430701	0.861222232173451	2	1	1	2	11
12.1946252529335	NaN	-0.620516795402893	-0.558184027476434	-0.338306072710651	-0.860670903633657	2	1	2	1	12
23.7224855996003	NaN	-1.05653803026438	0.0900484117773229	0.314088408071568	-0.654030857392476	2	1	2	1	12
34.6188101639772	NaN	-1.24322155078818	0.691402532980412	0.83814892892317	0.125666310649473	2	1	2	1	12
48.3925486849576	NaN	-1.12319771758417	0.978838435534117	1.01067094022019	0.900306426629297	2	1	2	1	12
59.9182344612648	NaN	-0.733351007706436	0.824716094800575	0.758174955720867	1.09552491793303	2	1	2	1	12
72.5917991581394	NaN	-0.193485060492562	0.297475741083995	0.188202471606678	0.566575104120322	2	1	2	1	12
12.5190543054201	NaN	-0.563104563329643	-0.926363881212271	-0.721990755864439	-1.12039543351292	1	1	1	1	13
24.5717341210373	NaN	-0.577789372852675	-0.190907191843826	0.20927864929112	-1.07196676193226	1	1	1	1	13
36.1653316310176	NaN	0.15708946756112	0.673095903826346	0.774611989319034	-0.277244312309234	1	1	1	1	13
47.6494262718944	NaN	1.02717503047697	0.951963419283741	0.48245775780882	0.573650796822644	1	1	1	1	13
58.6675501146691	NaN	1.30507789652153	0.41534580670455	-0.413158955199806	0.741818230198745	1	1	1	1	13
74.3027490625508	NaN	0.758471944000627	-0.49350120292669	-1.13350865813988	0.0812247440400927	1	1	1	1	13
12.8715949543025	NaN	-1.23848874042957	-0.579749867199228	-0.466814028931307	-0.824586516978312	1	2	1	2	14
24.1170460984126	NaN	-0.828104929474592	-1.08240064576627	-1.17745350967091	-1.23563127721647	1	2	1	2	14
36.1446582452623	NaN	-0.0570990599224493	-1.16781289941565	-1.4649422618885	-1.19693848661017	1	2	1	2	14
46.5022357730088	NaN	0.594805142717525	-0.795922107770968	-1.15852340376027	-0.726686142314973	1	2	1	2	14
60.2354265296985	NaN	0.721989608446335	-0.141171931583799	-0.440197546935845	-0.0458003042775327	1	2	1	2	14
72.831476768061	NaN	0.245319523722571	0.48931247257314	0.263378326359845	0.525836676470942	1	2	1	2	14
13.1885977091595	NaN	0.0745150380951005	-0.859748035707632	-0.266606539993105	-0.0651437111397499	2	1	2	1	15
25.8871578798973	NaN	-0.664969285992634	-0.131439379485834	0.605746709724862	-0.653073697508054	2	1	2	1	15
36.1696728128686	NaN	-0.616324064292432	0.737501482765642	1.3434833890057	-0.694945921256719	2	1	2	1	15
47.0087587298678	NaN	0.178226926287942	1.02739516403405	1.32502628967906	-0.165317110852893	2	1	2	1	15
61.0627083277643	NaN	1.02901792628564	0.498144189453799	0.565926369956149	0.61398865969172	2	1	2	1	15
70.3350542514711	NaN	1.19756716660868	-0.411912040092416	-0.294239645736548	1.16943340858517	2	1	2	1	15
11.6738515030875	NaN	-0.504470549938765	-1.12305504836163	0.205564408374499	-0.0193887111715082	2	2	2	1	16
25.194671472187	NaN	-0.380516412682279	-0.717734825505765	-0.406060944953345	0.666841239525364	2	2	2	1	16
37.4968881699483	NaN	0.0543906219821578	0.0235897193047054	-0.510755862712642	1.17556758246026	2	2	2	1	16
48.3442465424818	NaN	0.64509442282234	0.671497996878628	-0.0469952430011399	1.26692284443714	2	2	2	1	16
58.7702834336629	NaN	1.1808572708836	0.850681842599991	0.712686965096815	0.897832480255263	2	2	2	1	16
71.1310127019442	NaN	1.47054201698813	0.457346996394919	1.32185528728233	0.242324774997247	2	2	2	1	16
