age	diseaseAge	x1	x2	x3	x4	z1	z2	z3	z4	id
11.9176664054553	-35.3522646830186	-0.502241771149251	-1.22758271882225	-0.982557344506493	-0.598782512044809	2	2	1	1	1
25.6576138477922	-21.6123172406817	0.276412597514971	-0.543593952880864	-1.47779030193822	-0.138994144864481	2	2	1	1	1
35.2935466819549	-11.9763844065191	1.14395343445614	0.299767179972698	-1.29023571353577	0.791098820482618	2	2	1	1	1
47.2699310884739	0	1.33984232229775	0.668291166693939	-0.550669655946297	1.38111205801876	2	2	1	1	1
59.5103846731845	12.2404535847105	0.69235129343658	0.284847121048056	0.22523108437155	1.11697063369664	2	2	1	1	1
70.7150623649671	23.4451312764932	-0.230890116563549	-0.562214152077771	0.496454658277314	0.228819358935403	2	2	1	1	1
11.7945390343139	-35.0570551859125	-0.811212317664681	-1.25719047861058	-0.102536342577344	-1.49643894881169	2	2	1	2	2
22.4703472713326	-24.3812469488938	-0.0206001559618842	-1.39261126563609	0.500566990160775	-1.36404814107339	2	2	1	2	2
37.8236285004476	-9.02796571977884	0.617731143885937	-0.764650425535928	0.995700374876931	-0.953473838113583	2	2	1	2	2
46.8515942202264	0	0.692378716098364	0.122906821669371	1.20276273266088	-0.396560627846986	2	2	1	2	2
60.3429173035896	13.4913230833632	0.155232394153618	0.558012535231092	1.04643667391677	0.127854206967761	2	2	1	2	2
71.3445880367104	24.492993816484	-0.647518411771859	0.191600637073535	0.583584637556349	0.451369338497731	2	2	1	2	2
11.7156020681218	-36.0920912818054	-0.827904495274135	-0.846988783612436	-1.19898953426552	-0.589087616358086	2	2	2	2	3
23.8827935312474	-23.9248998186798	-0.793744876456718	-0.231407035141409	-0.651127215473442	-0.989117439558653	2	2	2	2	3
36.3405784657876	-11.4671148841396	-0.46932505052672	0.386656406617478	0.287226590485961	-0.740104722528543	2	2	2	2	3
47.8076933499273	0	0.0453700041193696	0.744022709326142	0.789122609614446	-0.00451977567824597	2	2	2	2	3
58.9850035333361	11.1773101834088	0.591713194417657	0.688521011695339	0.412251612701234	0.737699203162762	2	2	2	2	3
73.337318903778	25.5296255538507	1.00132359012614	0.243784602783046	-0.511258800504956	1.00228558969081	2	2	2	2	3
11.4553010424106	-37.1558904739292	-1.27830654098132	-0.421775510512128	-0.15916751255163	-0.529943355419225	1	1	2	1	4
22.3412018980409	-26.2699896182989	-0.757671111442705	-0.519377629872181	-0.499788862220294	0.222580236571616	1	1	2	1	4
36.10525581002	-12.5059357063197	-0.13704235692516	-0.0582612934336227	-0.0690664536309992	1.02395231784683	1	1	2	1	4
48.6111915163398	0	0.343822737025529	0.694881386660563	0.800222510249366	1.27713728530402	1	1	2	1	4
59.3245622708665	10.7133707545267	0.499159710511864	1.30446139257017	1.43646321625716	0.793508103793999	1	1	2	1	4
71.4762183826632	22.8650268663235	0.268959863911407	1.41792088487494	1.34809451424838	-0.0666233979989942	1	1	2	1	4
13.0429247492837	-35.9447796572546	-1.12692281049477	-1.04098536888657	-0.660290186047482	-0.683364615947429	2	2	1	1	5
25.8574579046409	-23.1302465018974	-1.37789746496382	-1.32514777884301	0.101054287458784	-1.06553385608754	2	2	1	1	5
34.9628503383609	-14.0248540681774	-1.14298476475947	-1.19759378997312	0.807164577203921	-1.05510070036256	2	2	1	1	5
48.9877044065383	0	-0.536334443763239	-0.711277622314244	1.00122786498737	-0.656367085124129	2	2	1	1	5
58.8560498308912	9.86834542435296	0.147267508844125	-0.0680941250834668	0.557696345191363	-0.0337441127497769	2	2	1	1	5
72.5703241493833	23.582619742845	0.575642454346456	0.464938157348265	-0.236490552945749	0.556040102196026	2	2	1	1	5
12.5873215139495	-34.4929489045505	-1.07371115415285	-0.4339228575111	-0.489234764174179	-1.25174994359964	1	1	1	2	6
24.8335803306078	-22.2466900878921	-0.828635665083664	-1.03284179274194	0.0114191709187191	-1.29306877210498	1	1	1	2	6
34.1787403339593	-12.9015300845407	-0.29404547221856	-1.37752503466379	0.548299109958792	-1.02348884128854	1	1	1	2	6
47.0802704184999	0	0.323937392229666	-1.32778527077453	0.963028034145468	-0.528751328962767	1	1	1	2	6
60.8635887217528	13.7833183032529	0.787037169384732	-0.903852332339655	1.13326289087653	0.0337901485020659	1	1	1	2	6
71.2605166081358	24.1802461896359	0.916696398862059	-0.278145449806669	1.00878521016554	0.485216601475994	1	1	1	2	6
11.80310377977	-36.3781996545852	-0.703694056475909	-0.661982755172729	-0.709599038637391	-0.670135848237999	2	1	1	2	7
23.5645633475452	-24.6167400868099	-0.663008441209	-0.262977788542831	-1.08895030618644	0.177924097449217	2	1	1	2	7
38.0508513572049	-10.1304520771502	-0.189166108945646	0.440813012205419	-0.806973138217007	0.917634291601376	2	1	1	2	7
48.1813034343551	0	0.494036338605746	1.07880819893194	-0.0505480577813478	0.954838789709578	2	1	1	2	7
60.6894981277549	12.5081946933998	1.06392113369376	1.31507104164234	0.679003797314852	0.25965389693196	2	1	1	2	7
71.808249291524	23.6269458571689	1.25133064344757	1.02519720555384	0.898171534129718	-0.609528411276777	2	1	1	2	7
11.6987682128371	-36.8338789446169	-1.19760267426095	-1.01132160956726	-1.35623179169564	-0.263955452690538	1	2	1	2	8
25.4608732297649	-23.0717739276891	-1.12367409876333	-0.241650129349578	-1.42794016993389	-0.791954747721448	1	2	1	2	8
35.5537305979621	-12.9789165594919	-0.726333626511751	0.611372302028334	-1.20280556040288	-0.730799446102554	1	2	1	2	8
48.532647157454	0	-0.146761160716114	0.829444173052616	-0.7483775979638	-0.118546452474293	1	2	1	2	8
60.5889379921685	12.0562908347145	0.409114151359823	0.228934492540104	-0.20100334625748	0.663799591251234	1	2	1	2	8
73.8916603515991	25.3590131941451	0.743783049431194	-0.684487726217163	0.275082424628051	1.12938524810746	1	2	1	2	8
13.0333547752349	NaN	-0.239322225416428	-1.06568992100295	-1.40298201842633	-0.652605514112743	1	1	1	2	9
23.2387867546758	NaN	0.319305160672171	-0.519824569372412	-1.21308675838056	-0.417959993292736	1	1	1	2	9
35.0170653829342	NaN	0.90574265973084	0.110074323824516	-0.777465643992173	0.396766202183527	1	1	1	2	9
48.0171213482657	NaN	1.30734613384656	0.570931473799584	-0.228677757863276	1.15980348638639	1	1	1	2	9
59.9833350167052	NaN	1.37849286163251	0.677587713365341	0.266281278523142	1.27946381520194	1	1	1	2	9
71.6391913236709	NaN	1.09338480899356	0.387191628597951	0.556795910452457	0.662958032214473	1	1	1	2	9
9.84915664943958	NaN	-0.537033578093173	-0.586495380542896	-0.260757229555434	-1.08872931442347	1	2	1	1	10
25.0772643064646	NaN	-0.815749491361498	-1.07963561730127	0.549570106526182	-0.417567427607773	1	2	1	1	10
35.9215722608355	NaN	-0.676481801421015	-1.38524781050962	0.831195025319114	0.275552825507195	1	2	1	1	10
47.5158545736732	NaN	-0.177821659721151	-1.41398218949717	0.375010712846	0.617303991073249	1	2	1	1	10
60.5350843378001	NaN	0.470440192636445	-1.15743787815373	-0.480265473861824	0.423612537957742	1	2	1	1	10
73.5895313031534	NaN	0.995574248997349	-0.69061900227935	-1.09959001933804	-0.201195716351239	1	2	1	1	10
12.977783428678	NaN	-1.00193949230925	-0.655496413635654	-0.989233704358065	-0.927182230421228	1	2	2	2	11
26.3877750595678	NaN	-0.34365365737383	0.0739257859500213	-1.37644625408339	-1.13397736268546	1	2	2	2	11
36.200383152845	NaN	0.498992087829974	0.841190056520996	-0.898937668331072	-0.687383042351969	1	2	2	2	11
47.5245222411694	NaN	0.905439387603217	1.12760040952525	0.0297586745900974	0.116928552815585	1	2	2	2	11
59.0361139446013	NaN	0.576364036654196	0.739533986605879	0.605370458809294	0.74645499249928	1	2	2	2	11
70.6729605533488	NaN	-0.245889587384718	-0.0606634930623936	0.32940468791789	0.784412083738276	1	2	2	2	11
12.0850961225491	NaN	-0.703104101856891	-0.666725087029397	-0.819543055404275	-0.447893739535704	1	2	1	1	12
25.0507826678224	NaN	-0.524259781473882	-0.0504201331785413	-0.321816534557277	0.078919319342242	1	2	1	1	12
34.397007163867	NaN	0.13420029406871	0.752738591173463	0.539962126376296	0.68815080651184	1	2	1	1	12
48.6593040572536	NaN	0.881525366644261	1.21609460029316	1.12318633041583	1.15188969034092	1	2	1	1	12
61.0684745248716	NaN	1.27422941557748	1.03581075712729	0.992960508635822	1.29665313278305	1	2	1	1	12
71.2713122748463	NaN	1.07926960267716	0.330104858977208	0.24639076956116	1.06828571639109	1	2	1	1	12
12.170343627683	NaN	-1.24209927347503	-0.941639329590204	-1.44936522698324	-0.868568160715625	2	2	2	1	13
22.6351788122493	NaN	-1.42559502908831	-0.378428796839205	-0.997871813937517	-0.119068634166142	2	2	2	1	13
36.0131155712289	NaN	-0.881603736588068	0.314917034721607	-0.147108447241217	0.48544579368915	2	2	2	1	13
49.0569621467213	NaN	-0.0168899093200265	0.802773897064139	0.476637600791065	0.599481206095817	2	2	2	1	13
61.4201887996905	NaN	0.521964597489079	0.84898748612688	0.414197275247968	0.157863738766013	2	2	2	1	13
72.8006883095104	NaN	0.332036255010421	0.431187433046117	-0.288464138225126	-0.58701205580586	2	2	2	1	13
11.4695397924162	NaN	-0.432440437935558	-1.36017296211326	-0.0539150507198537	-0.809529173408108	2	1	2	2	14
22.5908673236022	NaN	-0.498984305521641	-1.09248150561855	-0.681185717671645	-0.151099147280795	2	1	2	2	14
36.586382666793	NaN	0.100767201955455	-0.555056507098997	-0.957583596124621	0.603105158564097	2	1	2	2	14
48.6461719112909	NaN	0.940441154644704	0.0513595769479041	-0.748835188270017	0.998606122009403	2	1	2	2	14
59.2602494795865	NaN	1.42309992277052	0.500254294167848	-0.156350023882558	0.79707795252505	2	1	2	2	14
72.4798372949208	NaN	1.205613675864	0.623953590522192	0.532043872208539	0.119959950506266	2	1	2	2	14
12.7220672638108	NaN	0.0737268787029989	-0.514660069190709	-0.426858383990525	-0.703132852216705	2	2	1	2	15
25.1462461425322	NaN	-0.462387914294675	-0.723819086722229	-0.0209232172485263	-0.882579497080654	2	2	1	2	15
35.4433492319514	NaN	-0.477714850645904	-0.563985315209064	0.476785543970645	-0.256751329356936	2	2	1	2	15
48.3849018151239	NaN	0.0364357685054441	-0.0941898418706397	0.941173584482705	0.650287727050069	2	2	1	2	15
58.9542991503747	NaN	0.788563153651546	0.512058710557156	1.25552143211013	1.07898980972291	2	2	1	2	15
69.0204266674498	NaN	1.35224415481657	1.03085577649841	1.34082077558213	0.670362934570044	2	2	1	2	15
11.7476814422027	NaN	-0.485541054917688	-0.28734423676058	-0.704796936282244	-0.0650771309077237	1	1	2	1	16
22.461405153966	NaN	-0.496508272573543	0.358922607666976	-0.410344643124826	0.430962667939976	1	1	2	1	16
35.7400056222301	NaN	-0.224322965541757	0.85004803033441	0.0652413283758825	0.813075616557948	1	1	2	1	16
47.8318962017101	NaN	0.251399491238935	0.980392397150011	0.589978094784836	0.983216513919271	1	1	2	1	16
59.0722462017763	NaN	0.791508229647106	0.695379083364249	1.01824262341144	0.897729423879869	1	1	2	1	16
72.3595704555711	NaN	1.23801911679555	0.11434630861121	1.23118450497485	0.5785492192527	1	1	2	1	16
