age	diseaseAge	x1	x2	x3	x4	z1	z2	z3	z4	id
11.7420606818809	-37.2643298067199	-0.97055914887117	-0.884128936212104	-0.833956154861311	-0.466999829221793	2	2	1	2	1
26.4295758319875	-22.5768146566133	-1.03206032517972	-0.377414607321676	-1.4097700360942	0.415689397273918	2	2	1	2	1
35.2606155313321	-13.7457749572687	-0.471914707590077	0.379811510538487	-1.17681364029356	0.977750607218489	2	2	1	2	1
49.0063904886008	0	0.340191411736236	0.951729083965919	-0.327860503860543	0.780759297133841	2	2	1	2	1
61.2777274904583	12.2713370018575	0.868282224602551	1.00917182874127	0.434572931075951	-0.0216254371639747	2	2	1	2	1
72.0300249117714	23.0236344231706	0.763827048267483	0.519078661009835	0.47956606232322	-0.803519577157469	2	2	1	2	1
10.3758692199878	-36.5929015360423	-0.873863131559887	-0.716945144280095	0.449100635331648	-0.873153703365268	1	1	2	2	2
22.8108606895204	-24.1579100665097	0.0160358178892955	-0.721805866482207	-0.31552295684055	-0.869135274838147	1	1	2	2	2
35.495574991702	-11.4731957643282	0.677488198756948	-0.13543130544067	-0.509790913141994	-0.116317052567815	1	1	2	2	2
46.9687707560302	0	0.567736884600232	0.664696896861972	0.00770614290644084	0.749123695539688	1	1	2	2	2
61.5220481063134	14.5532773502833	-0.223161289624894	1.16349209160306	0.860277492882616	0.99583680502476	1	1	2	2	2
71.2716423177875	24.3028715617574	-1.04623198688719	1.03985230466314	1.42732885402678	0.415334665856548	1	1	2	2	2
12.6236692163994	-34.5182869647608	-0.810987084194133	-0.519537475292632	-0.83545785328563	-0.780016763685846	2	1	1	2	3
23.4273994240429	-23.7145567571173	-0.155540428160144	-0.0492084424860406	-1.34552704041415	-0.845219361543895	2	1	1	2	3
35.7506730131502	-11.39128316801	0.677983442183445	0.65328376584276	-1.26534237105756	-0.316304275357184	2	1	1	2	3
47.1419561811602	0	1.0894780386619	1.23618209315325	-0.644474714226149	0.475180359438622	2	1	1	2	3
60.529771624503	13.3878154433428	0.782682407052311	1.40761340911574	0.133250074882847	1.03309582087126	2	1	1	2	3
72.2503876849964	25.1084315038362	-0.0215218970916855	1.08173736648242	0.58703568001209	1.00771521364204	2	1	1	2	3
13.0173256531007	-45.365362033433	-0.279807136107014	-1.16894580648351	-0.680050303276258	-0.578544259622256	1	1	1	2	4
24.2414110315336	-34.1412766550002	-0.781879965383632	-0.911251416471427	-0.18419946295603	-0.417019369620017	1	1	1	2	4
35.2834133939738	-23.09927429256	-0.817084442169399	-0.459387258710629	0.541554036443417	0.017066673601996	1	1	1	2	4
46.931832778486	-11.4508549080478	-0.367464400881387	0.0632292341468811	1.11270442407521	0.582606243067311	1	1	1	2	4
58.3826876865338	0	0.337649895744215	0.513856079356349	1.22665499148727	1.09576033299676	1	1	1	2	4
72.8167435357872	14.4340558492534	0.938612453189538	0.769413790827481	0.823034482051174	1.389718798181	1	1	1	2	4
11.6105825369019	-34.3749023789957	-0.809346131588808	-0.774941652342659	0.255125729668323	-1.0597669100835	1	1	2	1	5
23.3547676336026	-22.630717282295	-0.267963000595964	-0.523758094233692	-0.331968245394947	-0.354438661271326	1	1	2	1	5
35.5300005780082	-10.4554843378895	0.368922582589286	0.104979566748039	-0.615902992264274	0.476209122106344	1	1	2	1	5
45.9854849158977	0	0.840884797421328	0.794260681808163	-0.475325232488724	0.812436357798027	1	1	2	1	5
60.2383066922521	14.2528217763545	0.954935844664004	1.19654848474481	0.0296823134681095	0.403386426581265	1	1	2	1	5
71.4834693262869	25.4979844103893	0.664439659148886	1.10900874862161	0.683280189463415	-0.445751585278749	1	1	2	1	5
10.3183335630105	-37.187059168206	-0.771057274104488	-0.669601921659349	-0.888905683871292	-1.10562389842755	1	1	1	1	6
23.5137574247922	-23.9916353064243	-0.16469654308709	0.142860157792241	-0.544315340076867	-1.00147826896115	1	1	1	1	6
36.9550162834631	-10.5503764477534	0.440908675700371	0.708538475306825	-0.041998840139191	-0.487936888990192	1	1	1	1	6
47.5053927312165	0	0.798037779706364	0.653548383456384	0.476736367403804	0.195209099875555	1	1	1	1	6
58.6530356308556	11.1476428996391	0.760608413481272	0.0142355410136826	0.865964061427013	0.728973997660913	1	1	1	1	6
70.7097484827683	23.2043557515518	0.343930922555084	-0.786846722165691	1.01618998412774	0.864123567003331	1	1	1	1	6
9.84368943313858	-37.5985850815856	-0.686126315609251	-0.662311959100896	-1.02096575131137	-0.201919945969167	1	1	2	2	7
24.2204779925119	-23.2217965222123	-0.23589329003768	-0.247157671751775	-0.529176039825263	-0.70359642884468	1	1	2	2	7
36.2981671977708	-11.1441073169534	0.350922863744006	0.329144405468559	-0.0266754340538166	-1.06274154161629	1	1	2	2	7
47.4422745147242	0	0.870058511388592	0.868165612279313	0.353307610406733	-1.18123862273693	1	1	2	2	7
59.6960711449869	12.2537966302626	1.14080878745618	1.18431360022622	0.510027833580997	-1.02671485801763	1	1	2	2	7
71.3949694077645	23.9526948930403	1.06892878230399	1.16873430790914	0.401933856118594	-0.641385372723327	1	1	2	2	7
11.8520002157678	-36.3103959670675	-0.0442994425820583	-1.04969798987202	-0.326993646590035	-0.102896944533417	2	1	2	2	8
24.5399870846427	-23.6224090981926	-0.512283694467536	-0.591081511463474	-0.798576101867725	0.397171839685735	2	1	2	2	8
36.3106272766778	-11.8517689061575	-0.723479976330683	0.0309682279816534	-0.960900501337465	0.814881596681095	2	1	2	2	8
48.1623961828353	0	-0.608795072598663	0.572711338851397	-0.753985875895803	1.04510728820913	2	1	2	2	8
59.5779658618032	11.4155696789679	-0.205748340651265	0.821874754108997	-0.254289860970383	1.02990800142017	2	1	2	2	8
72.9888522277881	24.8264560449528	0.353802809472375	0.680827915490094	0.353543390555626	0.773108941682785	2	1	2	2	8
11.9380268970083	NaN	-0.636601566578472	-0.810425709266497	0.284215125734195	-0.846713480613323	2	2	2	2	9
22.7141423114494	NaN	-1.29772630523578	-0.58708967050646	-0.28104426765485	-0.495154021565951	2	2	2	2	9
35.2423788250994	NaN	-1.21064444334497	-0.146457325790129	-0.635000502953659	0.057981704008568	2	2	2	2	9
48.8250890870713	NaN	-0.445151227497958	0.386077356616705	-0.651289200710162	0.623280890425662	2	2	2	2	9
59.5822565802073	NaN	0.385218139860109	0.858967088216316	-0.324095203628585	1.00716554226792	2	2	2	2	9
73.1719645985971	NaN	0.614930865806223	1.13763818028961	0.229771379361216	1.07818027597798	2	2	2	2	9
10.3368385511104	NaN	-0.31554649139093	-1.3758834326421	-0.747773577927696	0.225951034319587	2	1	1	1	10
25.7552380845551	NaN	-0.557129555779049	-1.03853945532994	-1.02529770152671	1.11428004648372	2	1	1	1	10
37.0876458902264	NaN	-0.129759359077131	-0.569591360307376	-0.829791962458503	1.49460104565894	2	1	1	1	10
49.146915193463	NaN	0.67844710185082	-0.0834877438790458	-0.253923096906956	1.05478811130133	2	1	1	1	10
60.8143987554965	NaN	1.322627269518	0.301135926300251	0.429355842726964	0.155791643996697	2	1	1	1	10
71.8191562933447	NaN	1.36849897642674	0.490410755943951	0.896181068398825	-0.464590284279643	2	1	1	1	10
12.1642528643858	NaN	-0.986523640734687	-1.34866081165084	-0.653988457986802	-0.28185007588759	1	1	2	1	11
23.824447954282	NaN	-1.17485204242604	-1.20730943376572	0.0359458751638711	-1.01930226667186	1	1	2	1	11
35.5099451643619	NaN	-1.10147680117268	-0.803237085639259	0.499109241265777	-1.24718524128727	1	1	2	1	11
49.1671370173157	NaN	-0.785730669187429	-0.260112426365656	0.511156893003907	-0.813214257368734	1	1	2	1	11
61.4798344258992	NaN	-0.310805764513918	0.255838127808615	0.0662532492793538	-0.00739412809501078	1	1	2	1	11
73.6318572674453	NaN	0.198165710964531	0.586704951318997	-0.620101495298468	0.631778968896393	1	1	2	1	11
11.5042865477361	NaN	-1.27204782921657	-1.22685099938897	-0.661137147416279	-0.887223980397174	1	1	2	2	12
22.6386388785105	NaN	-0.654646217179781	-1.23366150773261	-1.1664535698508	-0.623059848175302	1	1	2	2	12
36.9049980261682	NaN	0.0538884156842533	-0.928054542425849	-0.867659700534544	-0.0305282289582306	1	1	2	2	12
50.195554985881	NaN	0.484177999066457	-0.409291147723845	-0.00702508542410277	0.625195018535051	1	1	2	2	12
61.6272626640326	NaN	0.411901055071882	0.154134492257605	0.717626193900593	1.05065386664851	1	1	2	2	12
71.7783464111152	NaN	-0.125262510671377	0.579221910469108	0.718728747223876	1.05544258556279	1	1	2	2	12
10.071257161213	NaN	-0.544709106163176	-1.45720525289091	-0.56756767848913	-0.178882930170889	1	2	2	1	13
23.1632539380102	NaN	-0.0397036833890797	-1.21981265466687	-0.261796070178576	-0.740826757076285	1	2	2	1	13
38.4417123427874	NaN	0.470008970152514	-0.576236780030524	0.284823347413074	-0.767187643374243	1	2	2	1	13
47.004355825965	NaN	0.843433670038166	0.130328684504001	0.875217140069624	-0.242446698528125	1	2	2	1	13
57.8480999826585	NaN	0.977274796544071	0.523100183036327	1.29652983922506	0.524476370016954	1	2	2	1	13
72.0234376685195	NaN	0.834509618953185	0.392628132616882	1.39686501048764	1.0820870633186	1	2	2	1	13
11.4666643603139	NaN	-0.815315187427549	-1.21045888636671	-1.18323202557164	-0.570732060727751	1	2	2	2	14
24.4050848305214	NaN	-0.836837288544618	-0.842063093408817	-0.342607077224818	-0.490463383243416	1	2	2	2	14
37.3542018978145	NaN	-0.188114120824937	-0.0748956405185079	0.41478726989674	0.319397051255302	1	2	2	2	14
47.5674407829208	NaN	0.655241535223442	0.604710076134125	0.476384341847523	1.15677037701404	1	2	2	2	14
60.4397321392426	NaN	1.07492167321268	0.765929006566751	-0.207634444826482	1.29572643407191	1	2	2	2	14
72.4765627256621	NaN	0.763236900678662	0.306559017895847	-1.08404722537073	0.615802354046815	1	2	2	2	14
11.0991386681945	NaN	-1.18000229485408	-0.860178758014109	-1.00091718957106	0.115776855636693	2	2	1	2	15
22.778969787149	NaN	-0.721827863151024	-0.324435043121485	-1.14519402166693	0.80423367881038	2	2	1	2	15
36.2143743342495	NaN	0.186293738153968	0.193900193396047	-0.920057705620342	1.30743166838328	2	2	1	2	15
47.5707040090691	NaN	0.788321939583005	0.538594129505028	-0.408879576152535	1.38630185901192	2	2	1	2	15
59.7622615455176	NaN	0.583048815241486	0.605751635987658	0.199043483486371	1.00337308574582	2	2	1	2	15
72.8997171339249	NaN	-0.25862912761578	0.375130587633614	0.678588499891132	0.340574504746112	2	2	1	2	15
12.1159915280531	NaN	-1.03419231907294	-0.996693928029561	-0.497342768342907	-1.25485291060312	1	1	2	2	16
24.9913621644037	NaN	-0.171942748763477	-0.584596384467747	0.101070840262511	-1.23169395043385	1	1	2	2	16
36.0138236634737	NaN	0.556163750567988	0.186654817483291	0.754785511419142	-0.862216435614568	1	1	2	2	16
49.700567038431	NaN	0.555609404749464	0.83739172898492	1.1707766848484	-0.282459164455923	1	1	2	2	16
60.3593864246946	NaN	-0.173153148531494	0.962898430264233	1.1625782522431	0.294115664892218	1	1	2	2	16
73.7209702627526	NaN	-1.03507045009783	0.48511793830991	0.733865122879633	0.655217605042155	1	1	2	2	16
