age	diseaseAge	x1	x2	x3	x4	z1	z2	z3	z4	id
12.4469548046796	-35.2947784768137	-0.231898556425847	-0.474348437450314	-1.04106897465903	-0.490826144559917	1	2	1	1	1
22.3890544421083	-25.352678839385	-0.809995313780256	0.280789265850382	-1.31083385064228	0.0306687109936552	1	2	1	1	1
36.5553727078717	-11.1863605736216	-0.863802363391496	1.01056354355718	-0.963724425935172	0.632449453458427	1	2	1	1	1
47.7417332814933	0	-0.361787608294907	1.23228515024344	-0.214170770936992	1.09501093102761	1	2	1	1	1
59.4758895121561	11.7341562306628	0.401857427354838	0.799302390589774	0.474783383560664	1.24962952031318	1	2	1	1	1
71.8147380622318	24.0730047807385	0.979620205987554	-0.00200012590960461	0.677530210932314	1.03990664535827	1	2	1	1	1
11.6950327665467	-36.5269124743702	-0.461102379357302	-1.05036690076964	-0.515085129554626	-1.34899179722749	1	1	1	1	2
22.535171619515	-25.686773621402	-0.711543074443069	-1.18803602520819	-0.750719472251127	-1.35115701843082	1	1	1	1	2
36.3843533301798	-11.8375919107371	-0.667967016781753	-0.874286092698921	-0.691840271933177	-0.693111442201989	1	1	1	1	2
48.221945240917	0	-0.343440758416518	-0.252128788710324	-0.356038532637537	0.145272332964076	1	1	1	1	2
58.9338927818804	10.7119475409634	0.164724482706748	0.394847731189409	0.156360168528737	0.552612033166922	1	1	1	1	2
72.9070551938088	24.6851099528918	0.704152196962689	0.77174235951822	0.692269383856222	0.231859600539948	1	1	1	1	2
11.5137534991511	-37.559943261996	0.0555009083141679	-0.547490846642386	-0.66770618184986	-0.888854492157901	2	1	1	1	3
25.0762208557561	-23.997475905391	-0.5591757577622	-0.385500429680197	-0.270307766503322	-1.19741536771367	2	1	1	1	3
35.5013686282297	-13.5723281329174	-0.338476012080069	0.357265983565416	0.251548422166285	-1.16120703245366	2	1	1	1	3
49.0736967611471	0	0.527696417007438	1.14693961154485	0.750602865298161	-0.793086871317124	2	1	1	1	3
59.0121030380092	9.93840627686209	1.29403313246523	1.41593676970636	1.08603033407151	-0.223772371911474	2	1	1	1	3
71.9477254829146	22.8740287217675	1.30113056774401	0.970913787002044	1.16317853013919	0.344575951677313	2	1	1	1	3
12.8369509963771	-34.23676989089	-1.01291742905424	0.116431925823681	-0.7715012730379	-0.456659397859815	2	2	2	2	4
24.1855788999356	-22.8881419873315	-0.978972326991976	-0.519448234915201	-0.190420559674998	-0.977852761880124	2	2	2	2	4
35.3615741857325	-11.7121467015346	-0.382041007033421	-0.595509543233828	0.41340176845532	-0.73175017034787	2	2	2	2	4
47.0737208872671	0	0.404776647709568	-0.0630491265241933	0.804310204397685	0.0899016068785476	2	2	2	2	4
59.9035580415137	12.8298371542466	0.8896961300422	0.73699289181769	0.829743768947554	0.846926156984198	2	2	2	2	4
71.2623520148715	24.1886311276044	0.769628296996519	1.29234101506843	0.479776430442205	0.949500303859859	2	2	2	2	4
10.4105828388888	-26.7519864365844	-0.181069110076252	-0.317052236678532	-0.222833861097926	-1.20356733475522	2	2	1	2	5
24.0238977072674	-13.1386715682058	0.632225120070118	-0.632906090121079	0.557960367232974	-0.799571232174046	2	2	1	2	5
37.1625692754731	0	1.08507971775074	-0.152042168398031	1.27636733380348	-0.027619864454965	2	2	1	2	5
45.9502294121249	8.78766013665174	0.871970947857641	0.740374799543348	1.44144689273905	0.628959957187698	2	2	1	2	5
58.5818652604103	21.4192959849372	0.136675174140858	1.32953231886372	0.940388079619852	0.759076751123586	2	2	1	2	5
73.6634360564818	36.5008667810087	-0.624731572934991	1.14352412672024	0.115601113515404	0.28126303412991	2	2	1	2	5
13.0899270608256	-34.4199935034267	-0.786632029517119	-0.841241860394638	-1.12893581815919	-0.782974905389117	2	2	1	1	6
22.3148736008437	-25.1950469634086	-0.223623351147388	-0.670795154670678	-0.443199136224271	-0.9635471488523	2	2	1	1	6
34.0011044249075	-13.5088161393447	0.461656768055056	-0.161747103116841	0.445239773980924	-0.498863762365195	2	2	1	1	6
47.5099205642523	0	0.944775048110915	0.477734022102002	0.797647054664597	0.305572389786019	2	2	1	1	6
61.1152208337588	13.6053002695065	0.997008016932746	0.986141118635659	0.320997280011887	0.920890347794883	2	2	1	1	6
72.5707446637116	25.0608240994593	0.593626935245803	1.15556802415089	-0.588376923389	0.942553594787994	2	2	1	1	6
13.1303582343656	-35.0989027098395	-1.20188918391983	-0.650389326172676	-0.901683504990581	0.00388716564801864	1	2	1	1	7
23.4380214183379	-24.7912395258672	-0.786728213508816	-1.2467160742794	-0.558539952533673	-0.555182197154043	1	2	1	1	7
34.9024430883235	-13.3268178558815	-0.291673328851446	-1.03966334784397	0.056272808331655	-0.896038819797737	1	2	1	1	7
48.229260944205	0	0.161187607295642	-0.200591660698254	0.678991319633218	-0.897337303247892	1	2	1	1	7
59.413237815117	11.1839768709119	0.460172384467171	0.576068356243477	1.04246044351569	-0.558615385714851	1	2	1	1	7
71.7978106662883	23.5685497220833	0.531546930799768	0.647539078812548	0.990746733109121	-0.000458508450170592	1	2	1	1	7
13.7236362876177	-35.0594654029342	0.242363270318051	-1.06973874166772	-1.07989561956535	-0.605053582733362	1	1	1	2	8
23.6566609664349	-25.126440724117	-0.327494202495654	-1.27028866079645	-0.279149813439153	-0.000781042682741429	1	1	1	2	8
36.4594670420383	-12.3236346485136	-0.514050812201064	-1.10270585208476	0.485997019070042	0.427666811278189	1	1	1	2	8
48.7831016905519	0	-0.229084315902749	-0.628708112613563	0.635562351545076	0.519001376193568	1	1	1	2	8
59.9842298952751	11.2011282047232	0.39264520744423	-0.0228604620670848	0.0561754220515051	0.238839881230038	1	1	1	2	8
73.3774818983999	24.5943802078479	1.05712312544175	0.491714079682728	-0.812987547457579	-0.307351265724141	1	1	1	2	8
13.7610966875404	NaN	-0.590883915896014	-0.95485081346366	-0.26504145308989	-1.12845459122974	2	2	1	2	9
24.0018056151127	NaN	0.00118793058844885	-0.220610753331042	0.355965158698589	-1.32670134957359	2	2	1	2	9
35.7698252550009	NaN	0.677494980209072	0.516642739653131	0.933435491401078	-0.903297262447262	2	2	1	2	9
48.0412284786566	NaN	1.11954117555529	0.781009619129644	1.23399413919422	-0.124655046097262	2	2	1	2	9
59.468969655729	NaN	1.11915188575481	0.401840018538402	1.13617512810461	0.51929099286659	2	2	1	2	9
72.8348940032289	NaN	0.676510440652716	-0.376110584911552	0.679510448119426	0.623359566467375	2	2	1	2	9
11.8272243332793	NaN	-0.898550434026812	-0.480794035499032	-1.22481017538371	-0.0368802039678926	2	2	2	2	10
24.5038406517271	NaN	-0.827221940751975	-0.141394025845956	-1.32508386371439	-0.614575042445478	2	2	2	2	10
36.3883790815092	NaN	-0.49498088293301	0.381917620892577	-0.813221233337364	-0.928913357810067	2	2	2	2	10
47.0420612122683	NaN	0.00390129821591151	0.926588340730134	-0.0157125966041249	-0.855432662663367	2	2	2	2	10
58.8541892011285	NaN	0.527869725276227	1.32343095316017	0.558753135715936	-0.423227692348429	2	2	2	2	10
72.3509461601302	NaN	0.928251446464197	1.44917706820586	0.543754417587598	0.196569676930246	2	2	2	2	10
11.3335652604366	NaN	-0.611279304042015	-1.13412481668615	-0.86287804531395	-1.36662335456757	1	1	2	2	11
24.4050992969415	NaN	-0.447727864286723	-1.34069702233325	-0.477719465633164	-1.21104443138639	1	1	2	2	11
35.9618342434147	NaN	0.358942021688925	-0.867057785229267	0.00852213123328721	-0.445465863788057	1	1	2	2	11
46.3498769337494	NaN	1.15757650225988	-0.0405270845085291	0.477185146520331	0.352423836341476	1	1	2	2	11
60.1837506427075	NaN	1.30350800385559	0.5677008236943	0.813897829570663	0.580554897165543	1	1	2	2	11
71.0984496724122	NaN	0.678938823860027	0.537295167293795	0.936489371566785	0.0667847083497797	1	1	2	2	11
11.8630832811164	NaN	-0.325789230722564	-1.01117600186603	-0.69148097984008	-0.785117237428681	1	1	1	2	12
24.0773562096923	NaN	-1.07492830058996	-0.76269657657894	-0.0150751217966936	-0.84644651036318	1	1	1	2	12
35.8050756384446	NaN	-1.21024384225563	-0.215573402661822	0.728844121342816	-0.413629651146204	1	1	1	2	12
48.9954241146592	NaN	-0.630835558232118	0.411779508055315	1.0931021948586	0.290719050655893	1	1	1	2	12
63.0648291541059	NaN	0.23125107093177	0.868920074894455	0.858741270559368	0.904326077920118	1	1	1	2	12
70.4378788378105	NaN	0.733186727392364	0.973355744197643	0.166637179973507	1.11158983256068	1	1	1	2	12
11.2409562776369	NaN	-0.990219949756371	-0.762030317431193	-0.338278507183714	-0.66575771567018	1	1	1	2	13
24.6690186250955	NaN	-1.39570408382393	-0.249720719743858	-0.947212096602075	-0.152687083504581	1	1	1	2	13
36.5009743954693	NaN	-1.39575913280075	0.500549229615843	-1.30405090173204	0.443706394937514	1	1	1	2	13
49.0887581744307	NaN	-0.990361474581113	1.06538133356207	-1.2611719070608	0.910304903803246	1	1	1	2	13
61.0497456808879	NaN	-0.353471587561747	1.12602512811699	-0.836314008707624	1.08037212104324	1	1	1	2	13
71.6456732391421	NaN	0.241614254375309	0.648257633537219	-0.205239492661814	0.893135494313305	1	1	1	2	13
12.6546472175299	NaN	-0.24207636667447	-0.477579762309983	0.00848849373027585	-1.22448185012451	1	2	1	1	14
23.1770904302328	NaN	0.549513282959205	0.333890082261677	-0.532486835726235	-1.32583048677886	1	2	1	1	14
35.1395561529336	NaN	1.19865160594737	1.05100287859315	-0.800838430866867	-0.665325802023504	1	2	1	1	14
46.3712601248864	NaN	1.28277424825898	1.15319193478647	-0.695226887490475	0.220389418183331	1	2	1	1	14
59.7840766384111	NaN	0.747120569905691	0.566276146832807	-0.25553499771133	0.611694716473572	1	2	1	1	14
71.1992945970195	NaN	-0.0596192616058734	-0.283690436698755	0.352193455056712	0.190664769558302	1	2	1	1	14
12.1402553903996	NaN	-0.671614303117949	-0.69828434010778	-0.846368092796328	0.0512366507003823	2	1	2	1	15
22.7748402842207	NaN	-0.11590249219637	0.230481706862351	-0.483353685022031	-0.545708820259528	2	1	2	1	15
35.7397241377854	NaN	0.756911030728491	0.707601111787981	0.0372900700208555	-0.802608687771209	2	1	2	1	15
47.6528811695136	NaN	1.28157293898226	0.319792097802751	0.561980314250498	-0.601751183487378	2	1	2	1	15
59.0399785501545	NaN	1.05818901612852	-0.597024396372374	0.935940530065514	-0.0351694105936433	2	1	2	1	15
71.7412186063308	NaN	0.257021172530473	-1.24870010122372	1.04885751732191	0.637528313293294	2	1	2	1	15
11.2840170187947	NaN	-0.910443921324158	-0.243819856575034	-0.310462363076587	-0.221705032838948	2	1	2	1	16
24.8405257993309	NaN	-0.486968815577945	0.370824097956773	-0.790107521643632	0.340659683185559	2	1	2	1	16
35.7987913469277	NaN	0.329036614303913	0.741058166781357	-0.838684767368277	0.809940944946054	2	1	2	1	16
48.5542020109597	NaN	0.976287357285226	0.713377808361256	-0.433244918902135	1.03769900547008	2	1	2	1	16
58.9163833843996	NaN	1.00957541950492	0.299259710248103	0.234671468716866	0.951891037502427	2	1	2	1	16
72.7076241424514	NaN	0.406003783754339	-0.329596615962518	0.849522950592609	0.579659213746839	2	1	2	1	16
