age	diseaseAge	x1	x2	x3	x4	z1	z2	z3	z4	id
13.2337101281976	-34.1889788782929	-0.479930203538061	-0.446421624122843	-0.274863083588802	-0.525821380435072	2	1	2	1	1
24.4240231877468	-22.9986658187437	0.29704860089288	-0.901373539823723	-0.88332592896616	-0.231824623660678	2	1	2	1	1
37.4978305005897	-9.92485850590081	1.1580549317433	-1.1450625672845	-0.849890852132085	0.25386349250652	2	1	2	1	1
47.4226890064905	0	1.35950775164168	-1.10755496347198	-0.197756752659381	0.790196080162402	2	1	2	1	1
61.0881488593339	13.6654598528434	0.727428668752629	-0.799614639893161	0.620593680186804	1.22141877791267	2	1	2	1	1
70.5637300335256	23.1410410270351	-0.192307097061944	-0.309614141192831	1.03734869585556	1.4223017983965	2	1	2	1	1
11.3805577848928	-27.2947494848238	-0.378777573134184	-0.689037116299666	-0.42373174935834	-0.421839384062141	2	2	2	2	2
22.5648253664481	-16.1104819032686	-0.507754894706525	-0.498280823266103	-0.00613440681416688	-0.851291561122356	2	2	2	2	2
38.6753072697166	0	-0.22148511782684	0.190428451783614	0.551694604310844	-0.610245181815471	2	2	2	2	2
47.8551507901949	9.17984352047823	0.360166118661991	0.946249596502205	1.07124957325396	0.138386376884934	2	2	2	2	2
60.2802196240345	21.6049123543179	0.993652332817562	1.29635781453036	1.38627251206212	0.888633700762503	2	2	2	2	2
71.4970070490538	32.8216997793371	1.4137229257622	1.02173323847006	1.39595583906237	1.13343534608289	2	2	2	2	2
11.9418163267841	-36.0742248766013	-0.074991242447674	-0.166007504792444	-0.443610232071254	-0.475758892237153	1	1	1	2	3
25.4694337487312	-22.5466074546542	-0.531082802234338	0.437877242610325	0.258904564051713	0.0429757759843438	1	1	1	2	3
36.8323680627856	-11.1836731405998	-0.507790374354845	0.815255776231067	0.957611824778947	0.779590558667431	1	1	1	2	3
48.0160412033854	0	-0.0169219558347171	0.816467039607038	1.25219171222677	1.3339008558333	1	1	1	2	3
60.9625695668616	12.9465283634762	0.692678800968479	0.44103066901759	0.9738665716959	1.40476358733975	1	1	1	2	3
73.1611959742793	25.1451547708939	1.26128281718886	-0.162162503518138	0.282101005028743	0.953680783110733	1	1	1	2	3
10.9183666531374	-38.1214760553794	-0.366885897590408	-0.578720714003791	-0.977607026767567	-0.609293602138956	1	2	2	2	4
25.7122653431204	-23.3275773653963	0.320520701734853	-0.721577215419002	-1.33071445446469	-0.904973726908314	1	2	2	2	4
34.6149378533562	-14.4249048551605	0.855734715466928	-0.537888876489673	-0.867439888660059	-0.938656012515955	1	2	2	2	4
49.0398427085168	0	0.985716313951119	-0.087679878096611	0.0331230320458094	-0.701011432098758	1	2	2	2	4
59.0066229112999	9.96678020278317	0.649012469623112	0.48193414622991	0.634051325908478	-0.257860717076572	1	2	2	2	4
71.8321436713819	22.7923009628651	0.00481087418540944	0.9848193600814	0.443610478941104	0.268056097239119	1	2	2	2	4
12.4470951928558	-35.112713510368	-1.09872574603398	0.13207468362534	-0.448426304053637	-0.529955954134873	1	2	1	2	5
24.2048451502896	-23.3549635529342	-0.814691566336716	0.947657338791592	-1.1918239419568	-1.05185691472065	1	2	1	2	5
36.1130369104527	-11.4467717927711	-0.272329808268797	1.09466369727359	-1.15824604941271	-1.13039999266569	1	2	1	2	5
47.5598087032238	0	0.32825373574404	0.450998840116977	-0.376615800810257	-0.726485794324961	1	2	1	2	5
61.1454139940586	13.5856052908348	0.765472192724852	-0.448746692651193	0.479789648106665	-0.0411861474512245	1	2	1	2	5
72.9309369349807	25.3711282317569	0.878012666814288	-0.857296667286767	0.67328361512314	0.584351117249705	1	2	1	2	5
12.5469734586826	-36.3675482451903	-0.670734648066003	-1.17422203980428	-0.562188452200847	-1.02527322697482	2	2	1	1	6
23.4688091820381	-25.4457125218348	-0.103854992289039	-0.317121793702624	-0.159149921223043	-0.858354614952401	2	2	1	1	6
33.8119938745198	-15.102527829353	0.49357714650924	0.403892829309355	0.478330245988683	-0.490466477015978	2	2	1	1	6
48.9145217038729	0	0.896563238852358	0.410712564875958	1.07556098828817	-0.0108594069271128	2	2	1	1	6
59.8231260992319	10.908604395359	0.953334954434119	-0.302130648517351	1.37519477583944	0.464112705738463	2	2	1	1	6
71.3851697064262	22.4706480025533	0.64251153434951	-1.16307937979623	1.24811900672785	0.819220423811689	2	2	1	1	6
11.5862138870967	-36.7511948150896	-0.125328597944972	-0.192186984294894	-1.29518259818945	-0.743835999547085	1	1	2	2	7
23.4535337596577	-24.8838749425286	0.661184453348463	-0.591288704095926	-1.26245727571583	-0.180009361964487	1	1	2	2	7
37.4053290089821	-10.9320796932041	1.21388033316807	-0.734080640515722	-0.875888839243395	0.317654644867185	1	1	2	2	7
48.3374087021862	0	1.19076405635503	-0.577863186403143	-0.281967629274969	0.589973502686953	1	1	2	2	7
60.808203484961	12.4707947827748	0.606139421859656	-0.169350631710443	0.294239555994368	0.549843460846507	1	1	2	2	7
71.2413157903213	22.903907088135	-0.178241835778294	0.369297985460929	0.634378658637535	0.210100491066506	1	1	2	2	7
10.9653914502355	-36.5953103630162	-0.786387027287934	0.0257642120160981	-1.21571573087818	-0.817475149045015	1	1	1	1	8
23.686973172071	-23.8737286411807	-0.221070426762538	-0.452266103303524	-1.30660391133011	-0.00399221259357951	1	1	1	1	8
35.2528130635323	-12.3078887497194	0.564777132523194	-0.441812242303711	-1.02701557390682	0.609126311748845	1	1	1	1	8
47.5607018132517	0	1.08508947586938	0.051680233255927	-0.481914069613774	0.61035450428832	1	1	1	1	8
58.3448723285451	10.7841705152934	1.01804053485981	0.771144221219514	0.124058015037626	-0.00113199934240588	1	1	1	1	8
70.9180709874385	23.3573691741868	0.405101739785379	1.34180091207923	0.563405995515936	-0.814902693790464	1	1	1	1	8
11.8236289370622	NaN	-1.30675701999907	-0.403037779156632	-0.694125081901131	-0.388771474839848	2	1	1	2	9
24.3287111056166	NaN	-0.817089179795819	0.284736476814727	-0.847269603685666	-1.15376970263158	2	1	1	2	9
36.0687353183095	NaN	0.0589740152149953	0.998354746139962	-0.604047851510093	-1.31077150958961	2	1	1	2	9
47.0788978999625	NaN	0.645748338131242	1.32785987062013	-0.0611390177438909	-0.741582323166992	2	1	1	2	9
60.5105238223547	NaN	0.490670370008254	1.08395879225714	0.565653882013897	0.125299141296383	2	1	1	2	9
71.158174202359	NaN	-0.28665237956165	0.406767028359552	1.02718441744004	0.63726457230195	2	1	1	2	9
11.929086303104	NaN	-0.207672373435512	-1.13604402534086	-0.615755227022871	-0.212451101025948	2	2	1	2	10
23.6263128703041	NaN	0.417022804830364	-0.536733248028191	-1.12232855128793	-0.798247287562742	2	2	1	2	10
37.0324924939223	NaN	0.918854341300829	0.126750890840365	-0.779677396209317	-0.70195448701666	2	2	1	2	10
48.9796660173571	NaN	1.10198411332236	0.549637689687209	0.119743722882447	0.00713616426038982	2	2	1	2	10
60.2686801900993	NaN	0.894946323813136	0.537674567595714	0.808274275551798	0.818771597244961	2	2	1	2	10
71.6413213982441	NaN	0.378536795811671	0.0963567713989114	0.698249909624101	1.14890875642264	2	2	1	2	10
13.851678998188	NaN	-0.844049775142534	-0.278028495245445	-0.519295202513192	-0.289469450555976	1	2	1	1	11
24.1102019160851	NaN	0.0148329588157889	0.567380581249609	0.0265969625624511	0.433612234057108	1	2	1	1	11
37.4273716421737	NaN	0.756889465572832	1.18313207511149	0.512012946126183	0.859895840533925	1	2	1	1	11
46.2644047410111	NaN	0.771095740959449	1.12304263382478	0.791504506254306	0.757420587777275	1	2	1	1	11
59.9608138181694	NaN	0.0457540568484417	0.430654024857939	0.78132583022203	0.181948037600487	1	2	1	1	11
71.26422593291	NaN	-0.821874898146067	-0.392317923452619	0.484526818700399	-0.55338037032847	1	2	1	1	11
12.5552440798305	NaN	-1.15178085231618	-0.480036704140901	-0.0753409029141231	-0.0690205449720853	2	1	2	1	12
23.9715634522366	NaN	-0.717250439572052	-0.0775808033419835	0.699112852266623	-0.461816957247475	2	1	2	1	12
35.1416295939404	NaN	-0.174630050831674	0.44125808309469	1.30850055660548	-0.659573318215978	2	1	2	1	12
49.9638446230132	NaN	0.314825261459649	0.932816092197671	1.38138558729927	-0.613451603829334	2	1	2	1	12
60.4456410823698	NaN	0.605659956575946	1.26098329792172	0.873342745970898	-0.334842059060347	2	1	2	1	12
70.3853933976438	NaN	0.611444248635488	1.33489186112191	0.0940364972604634	0.107449743512356	2	1	2	1	12
11.9968178743266	NaN	-1.0243669847857	-0.643204861175404	0.133505695324076	-0.283310822410709	2	2	2	2	13
23.8706581298309	NaN	-0.748027940213284	-0.964600577825988	-0.296993596196512	0.183856550969961	2	2	2	2	13
33.8156491425425	NaN	0.107320415209215	-0.728934852606222	-0.54361398052033	0.724899473439151	2	2	2	2	13
48.0991095859221	NaN	0.845523845370488	-0.0677398309220221	-0.543463702827282	1.1813829440145	2	2	2	2	13
59.846078739411	NaN	0.865770480158478	0.649951613851703	-0.296581086096436	1.41963372512924	2	2	2	2	13
72.6749000811072	NaN	0.15158190994592	1.02357425152491	0.134075241806341	1.36988422317419	2	2	2	2	13
13.3044781180571	NaN	-0.534906429119822	-1.49412126165714	-0.874016578338549	-1.08773793530588	1	2	2	1	14
23.6482915897632	NaN	-0.583911766641124	-1.20384883606345	-0.519877088884737	-1.30578050588795	1	2	2	1	14
36.1652868725578	NaN	-0.364275613708112	-0.593512069133511	0.19710666079566	-0.931975349694832	1	2	2	1	14
46.3624737406771	NaN	0.0641346234331651	0.0596354427046183	0.870734608631049	-0.188894128292055	1	2	2	1	14
61.1075109917554	NaN	0.584544864721647	0.458892752585061	1.11936949388035	0.481016553757442	1	2	2	1	14
72.0396282266712	NaN	1.05510409467664	0.422891915690467	0.802149677954893	0.678877410991839	1	2	2	1	14
11.8683183926274	NaN	-0.328147028062076	-0.183696648410932	-1.15036495683048	0.0157694137394023	2	1	1	2	15
23.1718435096092	NaN	0.449665945743125	-0.701430033787779	-1.31929574358118	-0.62157397170851	2	1	1	2	15
36.426833168375	NaN	1.16357926965524	-0.491248235128807	-0.862902925413296	-0.794583958250117	2	1	1	2	15
50.9666359352131	NaN	1.3314394031663	0.290772197996667	-0.0722431874012762	-0.404676592753738	2	1	1	2	15
59.7709861160156	NaN	0.83987914192299	1.06391946431147	0.548453795475748	0.325972456114539	2	1	1	2	15
71.8000584197545	NaN	0.0208820928885848	1.25407078817431	0.603349177643659	0.98102727024275	2	1	1	2	15
12.1010951172513	NaN	-0.243544037247548	-0.753988576143375	-0.124179288866604	-0.468753050497703	1	1	2	2	16
24.0435900652457	NaN	0.358139809806027	-0.159235078737437	0.648761088681548	-1.03100719427421	1	1	2	2	16
36.8630435956025	NaN	0.805335131904465	0.715683746453052	1.13716214205214	-1.11896704334269	1	1	2	2	16
48.3001075367177	NaN	0.933572566831851	1.19646617740742	1.04669109217836	-0.685196371295205	1	1	2	2	16
59.2794829197217	NaN	0.695688989008641	0.912572214555723	0.431869925347238	0.0363748637534734	1	1	2	2	16
72.1834405467522	NaN	0.179173149754136	0.0827995137610592	-0.336782045647704	0.656607562115006	1	1	2	2	16
