age	diseaseAge	x1	x2	x3	x4	z1	z2	z3	z4	id
10.8356133311602	-37.4326426518537	-1.43667165899214	-0.626327757758702	-1.11343776654972	0.0321506894067852	2	1	2	1	1
24.5677850559986	-23.7004709270152	-0.954542362546563	-0.714844873195663	-0.577314722672138	-0.462093335276888	2	1	2	1	1
34.5934836532137	-13.6747723298002	-0.0322655933769008	-0.304663929114156	0.10418595754019	-0.827151169203149	2	1	2	1	1
48.2682559830139	0	0.542715137918703	0.39348124486465	0.61426463379999	-0.96761141354987	2	1	2	1	1
60.0572365874815	11.7889806044676	0.279479035421978	1.02091283040979	0.715808202849662	-0.846763423738127	2	1	2	1	1
71.482430478342	23.2141744953282	-0.597221887593646	1.25528269615381	0.361613533302164	-0.496191991768601	2	1	2	1	1
10.474804221209	-38.0767663098212	-0.0189738083523865	-0.551184670940402	-0.826043587468358	-1.10364155739963	1	2	1	2	2
23.26339348781	-25.2881770432202	0.69128919115433	-0.245724487462524	-0.428538623719776	-1.15433939796106	1	2	1	2	2
36.5553844259515	-11.9961861050787	1.27616156831998	0.378773143937411	0.232804678166486	-0.521006912366694	1	2	1	2	2
48.5515705310302	0	1.43643754547283	1.03256791885778	0.849462474563379	0.328931087815403	1	2	1	2	2
60.9644094739624	12.4128389429322	1.09012402418942	1.41232690603193	1.13375719618983	0.768186221496066	1	2	1	2	2
72.4368257504042	23.885255219374	0.414386161347187	1.34185810886825	0.95306226319102	0.472570557752553	1	2	1	2	2
11.0675631911187	-26.3448352742143	-0.650940091396748	-0.677385609719147	-0.875464407568397	-1.37453738537191	2	1	2	2	3
23.5948136015826	-13.8175848637504	-0.543130412036271	0.225158962800294	-0.224310016472416	-1.03125220213927	2	1	2	2	3
37.4123984653329	0	-0.150201739635785	0.745916731852	0.419219366758755	-0.471796926874576	2	1	2	2	3
47.2840531180019	9.87165465266891	0.401626392490802	0.460526936348219	0.748969949204472	0.105132079102754	2	1	2	2	3
58.9364070974704	21.5240086321375	0.93509155938227	-0.398448879699523	0.608065612750821	0.494632477222267	2	1	2	2	3
70.8133941695445	33.4009957042115	1.2788300272777	-1.13103915039837	0.0635404325594563	0.558369148913154	2	1	2	2	3
12.4383328139632	-36.4373584734571	-0.389450249111225	-1.43731669545006	-1.22457356052556	0.0406627577044908	1	1	2	2	4
21.5253309880862	-27.3503602993341	-0.8436297327602	-1.29160984443396	-1.31030667408513	-0.464943301773076	1	1	2	2	4
34.889565051041	-13.9861262363793	-0.96378061876271	-0.675847771337332	-0.953490243039613	-0.68188768328056	1	1	2	2	4
48.8756912874203	0	-0.703918709769143	0.0639830170542637	-0.315772733995603	-0.530035315919778	1	1	2	2	4
60.0999982358196	11.2243069483993	-0.163498464288922	0.512183858429998	0.313940834959367	-0.0654775358200939	1	1	2	2	4
72.9703051504878	24.0946138630675	0.450650255271703	0.416918125915318	0.650371468895978	0.540186971742994	1	1	2	2	4
11.6381480592948	-46.5912384733225	0.255349706299845	-0.136468474124076	-0.884299975439756	-1.0998587576008	1	2	2	1	5
24.4388237726087	-33.7905627600087	-0.320145238895691	0.580130274108441	-0.41470384453813	-0.561153738237387	1	2	2	1	5
37.6003831531577	-20.6290033794596	-0.580413308603208	1.14464676352377	0.365369745254442	0.218686839598109	1	2	2	1	5
46.8375155738672	-11.3918709587502	-0.414109297613016	1.26584532320113	0.974015933712837	0.765377784169195	1	2	2	1	5
58.2293865326173	0	0.107620324776111	0.881199269679364	1.03523230232986	0.746431370630657	1	2	2	1	5
71.344395901907	13.1150093692897	0.761574564549908	0.1891486017271	0.511201309340353	0.173370471263375	1	2	2	1	5
11.2994455542515	-36.038812663604	-0.383074297692737	-1.4382790247202	-1.00092456094194	-0.919552701597962	1	1	1	1	6
24.659985390925	-22.6782728269306	0.198022886394555	-1.15025961538316	-0.289866002388984	-0.199984953229744	1	1	1	1	6
35.4516548413652	-11.8866033764903	0.796384367038816	-0.604187301740829	0.531405836898576	0.523538797618352	1	1	1	1	6
47.3382582178556	0	1.18124426109906	-0.00273107683510898	0.858559866176756	0.80583614941685	1	1	1	1	6
60.8671257669471	13.5288675490915	1.20417634761813	0.430884910416132	0.450860506923245	0.473210229227229	1	1	1	1	6
71.8499953084843	24.5117370906287	0.856336569334615	0.535728649164535	-0.391687557044921	-0.269675044471828	1	1	1	1	6
9.69434989573348	-38.5374168179059	0.0293581185729702	-0.064646374190534	-0.535878183012806	-1.02652141464284	2	2	2	2	7
23.6860061305783	-24.545760583061	-0.490030117535509	0.712101507044734	0.189590490940866	-0.666921024873597	2	2	2	2	7
36.1316609172726	-12.1001057963667	-0.520205291906789	1.03094749811593	0.941155241335182	-0.0813885053907924	2	2	2	2	7
48.2317667136394	0	-0.0450318862157051	0.677464807884324	1.22817584386731	0.507076382493724	2	2	2	2	7
61.3536118352609	13.1218451216215	0.681401453658812	-0.110626281407225	0.863278086625358	0.874357086458372	2	2	2	2	7
71.8027857038768	23.5710189902374	1.2706502957697	-0.803327437855318	0.0846763315347032	0.88057493778137	2	2	2	2	7
11.5037214790555	-37.0913720825666	-0.147790848055665	-0.715423995412782	-0.895363875410844	-0.913256518369626	2	2	2	1	8
25.3758847881988	-23.2192087734233	0.628618779758918	-0.393929662064963	-0.256798572469442	-1.04278602387115	2	2	2	1	8
35.6673771539448	-12.9277164076773	0.912369990143312	0.193510837421901	0.497427138094184	-0.629741282522139	2	2	2	1	8
48.5950935616221	0	0.507408912629232	0.809222804513547	0.920979086231367	0.0969006669191503	2	2	2	1	8
61.0055164156156	12.4104228539935	-0.306462345408736	1.20409308427723	0.76320855419549	0.734315856092332	2	2	2	1	8
72.9198589717119	24.3247654100899	-0.966910992561245	1.21835966713929	0.11748066927948	0.929144399577425	2	2	2	1	8
10.9104484186924	NaN	-0.842433242455162	-0.59730367086902	-0.575478963703966	0.150876005002353	1	2	2	1	9
23.4322412121013	NaN	-0.90161756918324	-1.12651132347263	-0.644352547487088	0.688038059143647	1	2	2	1	9
37.4446922704767	NaN	-0.619498273440247	-1.29905482415919	-0.320019272881952	1.14326480508486	1	2	2	1	9
48.7506714523241	NaN	-0.0943025996647303	-1.04034434481301	0.267015219122062	1.38517053041149	1	2	2	1	9
61.3124824973426	NaN	0.491108780773247	-0.462219335250364	0.880539233147321	1.34393737766558	1	2	2	1	9
72.3219398027573	NaN	0.932909516287397	0.185399199558568	1.27368218580942	1.03146589354591	1	2	2	1	9
13.1355299830996	NaN	-0.603140397700248	-0.750340620168187	-0.285383527145294	-0.509778792903192	1	2	1	2	10
21.9218173222486	NaN	-0.0871444810572084	-1.22322095258334	-0.986278034870404	-0.916969217421226	1	2	1	2	10
35.4309147278066	NaN	0.772551603500216	-1.14666909489288	-0.90561793102485	-1.03845127442896	1	2	1	2	10
49.7898386851713	NaN	1.33963597515367	-0.56453595584957	-0.111552275975604	-0.834589112861158	1	2	1	2	10
60.1059891960548	NaN	1.19437597536106	0.189717358150311	0.72501936926379	-0.371896672905907	1	2	1	2	10
71.9750430946079	NaN	0.444287114936075	0.68403479717496	0.897284481095793	0.198663762686612	1	2	1	2	10
12.6507660456545	NaN	-0.403038367308015	-1.26520236804906	-0.24164373146692	-1.35498699345397	2	1	2	1	11
23.0928459992965	NaN	-0.80935392373622	-1.09928682199227	0.466501580364077	-1.23050357710419	2	1	2	1	11
36.1676846083808	NaN	-0.992770339064118	-0.656759113474205	1.01321364366945	-0.496212570087864	2	1	2	1	11
47.468623507803	NaN	-0.902956580346831	-0.0843772214103211	1.12400046715926	0.309623606564426	2	1	2	1	11
60.3266044793362	NaN	-0.564558311064489	0.428036594417248	0.743238445960865	0.596297280752244	2	1	2	1	11
73.4242933088809	NaN	-0.0704349102933357	0.710547628154606	0.0620997389149454	0.153666064185877	2	1	2	1	11
12.2918370711501	NaN	-0.755148500047805	-0.656843620705547	-0.860756348139745	-0.413589726761772	2	1	1	1	12
22.7923068963702	NaN	-0.91454489822626	-1.22991480206875	-0.748715704983453	0.256815665738315	2	1	1	1	12
35.6044754722833	NaN	-0.545084173794091	-1.10431166829475	-0.138705752774108	0.808005971447043	2	1	1	1	12
49.0026456706215	NaN	0.155474840187964	-0.371719513821116	0.615473507426656	0.990817064556768	2	1	1	1	12
60.0234214204299	NaN	0.812148487992502	0.433098511999376	1.07640523988807	0.722609671969146	2	1	1	1	12
71.6532096708672	NaN	1.07344334771074	0.722657244992549	0.976753400593874	0.124626239019483	2	1	1	1	12
11.1242081438854	NaN	-0.344572871582572	-1.02816270522648	-1.01980440075094	-0.770360825034338	2	1	1	2	13
22.1884048791819	NaN	0.222458471126629	-1.2000050550855	-1.06148757303778	-0.388307416314099	2	1	1	2	13
37.5767684674445	NaN	0.740710206894654	-1.09422869057183	-0.407871747726167	0.102991135790275	2	1	1	2	13
47.5416244954868	NaN	1.0401864665564	-0.740261199848864	0.4473051280133	0.580218732762178	2	1	1	2	13
58.923214461896	NaN	1.02265366295357	-0.236578358560047	0.858046952580609	0.923591090461223	2	1	1	2	13
72.2264998559571	NaN	0.69386287028748	0.276692392853957	0.514081518012793	1.04692163392494	2	1	1	2	13
11.0804350019989	NaN	-0.537770751679239	-1.3509076509671	-0.883813480333653	-1.47641725210268	1	1	1	2	14
23.5197062669919	NaN	-0.0257674224021874	-1.0909464183582	-1.3308184348433	-1.32247522937951	1	1	1	2	14
35.9455998892644	NaN	0.496015591917462	-0.515795622485389	-1.0248930583479	-0.963897180974536	1	1	1	2	14
47.590223080799	NaN	0.877169187172336	0.128628551354118	-0.197318256150006	-0.487657654077849	1	1	1	2	14
60.5623157713858	NaN	1.00782207737521	0.566790824967032	0.526255848669552	-0.00927046050839953	1	1	1	2	14
72.0866244548513	NaN	0.850312277323154	0.61134694769554	0.598804109216299	0.355229662729366	1	1	1	2	14
12.3923289609597	NaN	-0.337007026260045	-0.969696602644077	-1.31573630689456	-1.17103697011511	2	2	2	1	15
23.6491721154971	NaN	0.607137644420547	-0.871992297286687	-1.36150649611256	-1.2566167264573	2	2	2	1	15
36.0830494279863	NaN	1.0656373831091	-0.0923477476656163	-0.957385268687116	-0.892714039171968	2	2	2	1	15
47.6791546331687	NaN	0.627231253407712	0.735130575218901	-0.292679075580272	-0.246927402454858	2	2	2	1	15
59.7165495388731	NaN	-0.314843191398891	0.937431669868148	0.321237273349032	0.383320626325948	2	2	2	1	15
72.255317363064	NaN	-0.915572561693779	0.35001846195785	0.596780950680943	0.707763928551004	2	2	2	1	15
10.8711126600228	NaN	-0.591121915800176	-0.700316101005224	-0.906429268585068	-0.672596145109093	1	2	1	1	16
23.4013456749711	NaN	-0.210462122039006	-0.154522444066579	-0.193456374365138	-0.435700287030778	1	2	1	1	16
34.8257770349118	NaN	0.477184241905325	0.55428355193613	0.451048768754208	0.259755050976821	1	2	1	1	16
46.0756986099495	NaN	1.12014129245511	1.06961969030969	0.678106184357253	0.993663063159353	1	2	1	1	16
61.2189110225114	NaN	1.38958814039974	1.13230622415744	0.364771172330887	1.32268866548564	1	2	1	1	16
71.367591256394	NaN	1.14772436491735	0.710816003010652	-0.3192948669861	1.04807589585365	1	2	1	1	16
