age	diseaseAge	x1	x2	x3	x4	z1	z2	z3	z4	id
13.5200881902118	-34.6063723637449	0.00957323704697793	-0.521791802643888	-1.07441258349959	-0.92416429438753	2	2	2	2	1
24.1244427616629	-24.0020177922938	0.556234737518642	-0.0110912456940754	-0.685398531282097	-0.950769122977418	2	2	2	2	1
35.1026921160722	-13.0237684378845	1.05326312995421	0.374519807603855	0.0727067302298888	-0.41522553010885	2	2	2	2	1
48.1264605539567	0	1.3501787687711	0.52981247905565	0.736555270704916	0.36031186894797	2	2	2	2	1
59.094296945462	10.9678363915053	1.35708787571222	0.412409161824306	0.900408121033088	0.909320916617493	2	2	2	2	1
72.5893055897118	24.4628450357552	1.07189865888074	0.05434788817804	0.464119717091754	0.901546894353879	2	2	2	2	1
11.9899492868235	-36.010396755687	-0.372981967140969	-0.189709893761029	-0.422617523863458	-0.555103638399511	2	1	2	2	2
23.9811278757482	-24.0192181667622	-0.580227750880506	0.6971559982877	0.179396583767142	-0.0989540771750347	2	1	2	2	2
35.004486642063	-12.9958594004474	-0.461181724922047	0.941040131548097	0.715070267747018	0.396622331189766	2	1	2	2	2
48.0003460425104	0	-0.0548139154563712	0.327392617828575	0.987087140321464	0.808887018918397	2	1	2	2	2
59.0632261631085	11.0628801205981	0.505850118280365	-0.603948203666583	0.895249285651221	1.03573509065557	2	1	2	2	2
71.234475452807	23.2341294102965	1.03727554677128	-1.03366265662741	0.473385346592216	1.0209834695681	2	1	2	2	2
11.7431057448762	-34.0891955826681	-0.281810146468109	-0.232105730606625	-0.733768848442348	-0.134882607175949	2	2	2	1	3
24.3293793917925	-21.5029219357518	0.450693370118362	0.325725444054397	0.154313484207392	-0.613919343873683	2	2	2	1	3
36.243928656727	-9.58837267081734	1.18070237980028	0.764567334583183	0.557464951755776	-0.804495810505104	2	2	2	1	3
45.8323013275443	0	1.44407248410349	0.946383615450781	0.148126718319694	-0.638675054068998	2	2	2	1	3
60.7913516210833	14.959050293539	1.073351285843	0.813984551871249	-0.741115659505603	-0.175569078978864	2	2	2	1	3
72.7807152950354	26.9484139674911	0.304245694503668	0.409015849586057	-1.38775656895454	0.41973347910952	2	2	2	1	3
11.5133296344396	-37.2392910621987	-0.963179193005407	-1.0139355722099	-0.229210625163101	-0.714492099500596	2	1	2	1	4
26.0908218808378	-22.6617988158004	-0.754757877098444	-0.663177644851357	-0.694143562234923	-0.388005691982515	2	1	2	1	4
37.7680371801235	-10.9845835165147	-0.249324210761615	-0.120842629876549	-0.584009975972919	0.459538085744706	2	1	2	1	4
48.7526206966383	0	0.363323191209977	0.434713216845039	0.0357881832410658	1.16954529942871	2	1	2	1	4
59.3416422598752	10.5890215632369	0.853125201384691	0.820785740110988	0.797188729914965	1.19029643145162	2	1	2	1	4
70.7472884753983	21.99466777876	1.0361531477198	0.910408308886058	1.24804003197706	0.505666568813888	2	1	2	1	4
11.8894322410062	-38.3316064728931	-0.224146460594907	-1.02502334283897	-0.353996665182826	-0.246708022448089	1	2	2	2	5
22.79236963008	-27.4286690838193	0.430862374936153	-0.524853931283855	0.242540504506043	-1.02982372218806	1	2	2	2	5
33.3897117557093	-16.83132695819	0.856275303841317	0.316696343779328	0.708512965163379	-1.08600953645542	1	2	2	2	5
50.2210387138993	0	0.862124660097754	0.901084011706291	0.877283929208787	-0.367666106218952	1	2	2	2	5
60.1649970632875	9.94395834938818	0.445798420233045	0.812669706285112	0.688499076033492	0.516642159703793	1	2	2	2	5
74.8658801452462	24.6448414313468	-0.206793400524311	0.114337139623694	0.209669909284275	0.817749173879404	1	2	2	2	5
12.0196232936163	-34.5961826137981	-0.547750063252037	-1.0307776492345	-1.37456513216576	-0.935393907374049	2	1	1	1	6
23.9904112182878	-22.6253946891266	-0.372615156600625	-0.437234816165062	-1.23591752211439	-0.706363440920455	2	1	1	1	6
37.5670243881471	-9.04878151926725	0.201935671168064	0.289846788537632	-0.768243563573633	-0.270134550355468	2	1	1	1	6
46.6158059074144	0	0.895895286067991	0.760157997724736	-0.151017474897599	0.253351362966552	2	1	1	1	6
59.1723575985497	12.5565516911354	1.37106272574946	0.72122814624492	0.378894508815773	0.720161525698587	2	1	1	1	6
70.6132345914469	23.9974286840325	1.3958653137525	0.193955408127119	0.618133749916046	1.00194619692361	2	1	1	1	6
12.5857178806009	-34.925143781566	-1.28883727602921	-1.0331617531706	-0.0464687885338785	-0.659500351010684	1	1	1	2	7
24.9917337061375	-22.5191279560293	-1.36505746976943	-1.01418960539347	0.652491112481095	-0.982535426535312	1	1	1	2	7
34.5168044003663	-12.9940572618005	-0.78363501031183	-0.378413289297349	1.21723398958273	-1.04272526264101	1	1	1	2	7
47.5108616621669	0	0.0499357570302097	0.438761755437118	1.36999982116983	-0.823015435210869	1	1	1	2	7
59.1720581729943	11.6611965108275	0.554307780594712	0.877700873286092	1.0356531032776	-0.38565938805001	1	1	1	2	7
73.6545435678386	26.1436819056718	0.377723056949086	0.63780073134534	0.378637081406804	0.145420701926604	1	1	1	2	7
10.9025768865711	-38.439352174968	-0.964879850231343	0.0542085895865566	0.264709039597633	-1.32869246243225	2	1	1	1	8
23.5938657091365	-25.7480633524026	-0.275942336919385	-0.461673665731184	-0.360227079669236	-0.944963425354096	2	1	1	1	8
33.6235741356407	-15.7183549258984	0.467796802453645	-0.655093518658145	-0.618531957337883	-0.0884725018567282	2	1	1	1	8
49.341929061539	0	0.812298969649037	-0.448718121898947	-0.382496905554562	0.583737703362215	2	1	1	1	8
58.9774917353711	9.63556267383204	0.547252144224445	0.074939810357091	0.231179827382811	0.555992438797037	2	1	1	1	8
73.7070500857453	24.3651210242062	-0.16553762824231	0.706512117099816	0.919089916253443	-0.150423982551618	2	1	1	1	8
13.0809196775434	NaN	-0.532955455426418	-0.566716111819637	-0.119154642867382	0.0411078753798053	1	2	1	2	9
22.6068704835002	NaN	-0.772720849713549	-0.0844684924229192	-0.803727755829629	0.581284745344995	1	2	1	2	9
36.2009559804033	NaN	-0.72126801258	0.746765885063527	-0.710150390187914	1.01065718839592	1	2	1	2	9
47.7958999893408	NaN	-0.393829276857432	1.34757045455141	0.0834134429966632	1.20242531468612	1	2	1	2	9
60.5689704450575	NaN	0.112658899090182	1.29915103479491	0.91410973186595	1.09995722414096	1	2	1	2	9
71.8663854566001	NaN	0.648253443099295	0.635258652805358	1.08806818560414	0.7335132252739	1	2	1	2	9
10.5385826778164	NaN	-0.747760454549936	-0.562429790362633	-0.470776249159383	-0.570544219153471	2	2	2	2	10
23.9826977966701	NaN	-0.237482998473278	-0.0774492922386096	0.230739080204491	-0.0476501453537418	2	2	2	2	10
35.8368894300176	NaN	0.296142234692118	0.477093001614928	0.601557868888443	0.551895264451628	2	2	2	2	10
48.764820050988	NaN	0.695135722691366	0.930170068463695	0.442924814721875	1.01071626210411	2	2	2	2	10
59.7078833518271	NaN	0.841375613896446	1.14204789221695	-0.160134291862589	1.16245921365973	2	2	2	2	10
71.8593069385523	NaN	0.691567651005953	1.04738099105737	-0.884385573257727	0.952107039373201	2	2	2	2	10
12.5415828702691	NaN	-0.508805350851202	-0.189806246496004	-1.43005238812365	-0.950539479295006	2	1	2	2	11
24.5752779339562	NaN	-0.914291145426688	0.464905877946826	-1.11955835632489	-0.994681847583815	2	1	2	2	11
35.2032866086722	NaN	-1.10103296648182	0.859528249264426	-0.403290848803543	-0.725600996871556	2	1	2	2	11
48.4527854635055	NaN	-1.0184674037239	0.813141420468007	0.297067468723719	-0.229449517142895	2	1	2	2	11
59.5108554249447	NaN	-0.688950437201674	0.347011999898576	0.56920002571508	0.33491797638074	2	1	2	2	11
70.6909227527566	NaN	-0.201704189107858	-0.325157285168033	0.252896313030571	0.786805900414573	2	1	2	2	11
12.4865438565386	NaN	-0.612239227571181	0.258083093969477	-0.708094287696529	-0.567622637468858	2	1	1	1	12
24.0316079736656	NaN	-1.05113962411238	-0.414419611560182	-0.0473518012680645	0.260687126102957	2	1	1	1	12
36.5931400470855	NaN	-0.885829038519791	-0.59353501476599	0.807526245964427	0.932785964485912	2	1	1	1	12
49.2657749039707	NaN	-0.218034595719623	-0.169663849988985	1.20827284360551	0.964569499678714	2	1	1	1	12
60.2317135831324	NaN	0.54130324052872	0.597830547389847	0.850995758581754	0.333144449240624	2	1	1	1	12
75.0118038725127	NaN	0.924910976199868	1.23932456686821	0.00662363216655706	-0.506681629011101	2	1	1	1	12
12.012448271331	NaN	-1.04886362479588	-0.778388264578005	-1.13534412052519	-0.958629886460917	1	1	2	2	13
22.3684333981581	NaN	-0.473412829346346	-1.20083888033012	-0.390718884467524	-0.320474732944784	1	1	2	2	13
35.4945100299175	NaN	0.147125061003702	-1.12137295427904	0.35001343528799	0.430619573749557	1	1	2	2	13
48.4962151092983	NaN	0.562875589266708	-0.581241138143586	0.597426618256517	0.853572241531969	1	1	2	2	13
59.8832788436635	NaN	0.606426838930357	0.139174893352653	0.188046632309455	0.700003944318675	1	1	2	2	13
72.5793372758593	NaN	0.260241855313776	0.665908179970521	-0.6076356935175	0.0600977996903271	1	1	2	2	13
11.999628556803	NaN	-0.58360280997084	-0.504634176662285	-0.739756322108389	-1.28033355723373	2	1	1	1	14
24.4712344823013	NaN	-0.0272456599985109	-0.456900024904501	-0.454018674103433	-1.3323309920917	2	1	1	1	14
34.7959272873304	NaN	0.864734501695325	0.105799376816237	0.319249398529787	-0.754014271031687	2	1	1	1	14
48.3480962453402	NaN	1.38212171211475	0.861499010981562	1.05019662681074	0.0652228431039427	2	1	1	1	14
60.0135915574556	NaN	1.11295988560869	1.37780309894194	1.23797042136041	0.573769423436439	2	1	1	1	14
71.2055603177489	NaN	0.271562113457929	1.35929306691424	0.753906238995696	0.429209525060525	2	1	1	1	14
10.8159774118517	NaN	0.311763136216084	-0.182396636418684	-0.400913894536797	-0.385018959822623	1	1	1	2	15
24.6886069369155	NaN	-0.410014052143296	0.315074957156011	-0.734698911058368	0.520593652357987	1	1	1	2	15
35.8289937459235	NaN	-0.444670717659993	0.849441241698205	-0.752231869366474	1.0018313386387	1	1	1	2	15
47.8939361319288	NaN	0.234885823275913	1.26478411007853	-0.447664981895781	0.662086731672907	1	1	1	2	15
60.4077132992369	NaN	1.09741547343819	1.43991426626379	0.0774192102864542	-0.218642948911183	1	1	1	2	15
70.7130713620952	NaN	1.46863977678896	1.3237319997304	0.647888778167587	-0.914512886885454	1	1	1	2	15
10.6853070952063	NaN	-1.02640071300767	-0.337347447015277	-1.26562489185081	0.133397876399382	1	1	1	1	16
23.8143797379989	NaN	-0.858342395744943	0.138703359685185	-1.19566410375344	0.700216530615565	1	1	1	1	16
35.5368845181396	NaN	-0.314940391121024	0.739854691022246	-0.693599654579762	1.09100506529282	1	1	1	1	16
48.7907562236082	NaN	0.357411375142537	1.24837956341233	-0.000970374991620393	1.17234539947626	1	1	1	1	16
58.741029061775	NaN	0.853849487478934	1.48009875147393	0.549005825339767	0.916467344616356	1	1	1	1	16
71.4991282741299	NaN	0.949274784796527	1.35108743091551	0.691740189854304	0.410729551258138	1	1	1	1	16
