age	diseaseAge	x1	x2	x3	x4	z1	z2	z3	z4	id
11.2319706669472	-35.0640277652503	-0.126469403697043	-0.153540970666822	-0.940074182453697	-0.996562928683288	2	1	2	2	1
25.6309451913418	-20.6650532408557	0.700618303571033	-0.741509214125336	-1.32920815250018	-1.40507534313583	2	1	2	2	1
36.0220744844296	-10.2739239477679	0.883588474289782	-1.01517630007281	-1.26130848253318	-1.20971400917966	2	1	2	2	1
46.2959984321975	0	0.271585069304948	-0.85543278252292	-0.768416466408313	-0.529769144410987	2	1	2	2	1
60.8415732826141	14.5455748504167	-0.630804692263218	-0.331804603221278	-0.083123778509692	0.219575912537371	2	1	2	2	1
71.2837321827793	24.9877337505819	-1.07957458978992	0.327807019373533	0.471185617724452	0.580761146652046	2	1	2	2	1
10.870456149361	-37.2996983267379	-0.651396400061599	-0.951975242444591	-1.23066647465119	-0.138964294077958	2	1	2	1	2
24.9572826038428	-23.212871872256	-0.687390092953157	-0.837900407105344	-0.537222222691688	-0.580747615914048	2	1	2	1	2
35.6640050816039	-12.506149394495	-0.425610112324977	-0.502414706639544	0.213532016012206	-0.629039698451416	2	1	2	1	2
48.1701544760989	0	0.0541656916728677	-0.0293868491130003	0.553972832274465	-0.263145000160906	2	1	2	1	2
57.7734290486989	9.60327457260005	0.605724907743222	0.462930032077529	0.27204934856495	0.3601325366568	2	1	2	1	2
71.1734626072474	23.0033081311485	1.06097901978581	0.851460703838326	-0.456636335540524	0.973687716498489	2	1	2	1	2
12.3262114601437	-34.4529641337827	-1.23994875727414	-0.625998547853215	-0.796185882275594	-1.11029548163387	2	2	1	1	3
23.5429849827068	-23.2361906112196	-0.96439637337388	-1.01873805050784	-1.12649030862382	-1.35340705445798	2	2	1	1	3
36.1106839287025	-10.6684916652239	-0.144204353040205	-1.01517269314442	-0.843396705767463	-1.20528849863636	2	2	1	1	3
46.7791755939264	0	0.596766245934714	-0.61679282993205	-0.120647323592086	-0.724073800299255	2	2	1	1	3
59.5457516204733	12.766576026547	0.694912401076545	0.00987486886889849	0.598186868811013	-0.0986314536311211	2	2	1	1	3
71.3947992163736	24.6156236224472	0.0755813936961835	0.602877190062439	0.871937760885309	0.425563175335794	2	2	1	1	3
12.5072317612492	-34.9128911322056	-0.153268964371285	0.156308596642681	-0.594444406782599	-1.05987497245044	2	1	2	1	4
23.7724393420811	-23.6476835513738	-0.536021348100789	-0.419862480137668	-0.0416522745292166	-0.379134560292766	2	1	2	1	4
36.2787426379291	-11.1413802555258	-0.682436434598546	-0.722502082822213	0.622831681362216	0.493388985365103	2	1	2	1	4
47.4201228934549	0	-0.551969520244496	-0.630214721377541	1.10342150635625	0.859759102673172	2	1	2	1	4
59.8902424228301	12.4701195293752	-0.180749002058641	-0.180018913430191	1.1863338563986	0.426914244683985	2	1	2	1	4
73.174675969596	25.7545530761411	0.328428159293625	0.447501768242275	0.834686387058287	-0.458910517351001	2	1	2	1	4
14.6048968999973	-31.4035706157793	-0.0993067064832851	-0.138968511166069	-0.00067019401307658	-1.25390364073243	1	1	2	1	5
23.1484102858163	-22.8600572299603	0.613627871753092	0.774857640977137	-0.591754246319938	-0.953481437428017	1	1	2	1	5
35.2082309262138	-10.8002365895628	1.0885387869433	1.30230439784015	-0.828444155245836	-0.426919890616691	1	1	2	1	5
46.0084675157766	0	1.08089813237151	1.00289402007089	-0.600844500340935	0.147782356036703	1	1	2	1	5
58.5519151279737	12.5434476121971	0.59464002117058	0.126668060911118	-0.0146300857551758	0.576353196954166	1	1	2	1	5
71.3587480834586	25.350280567682	-0.119865057684898	-0.594625630912635	0.658019003365415	0.713918725448883	1	1	2	1	5
12.4575907949302	-35.7319271338468	0.0478528540327714	-0.730167755417439	-1.07208927780495	-0.81653040199838	2	1	2	1	6
23.323811175075	-24.865706753702	0.895011921729547	-0.1077341184419	-1.41733972422265	-0.0872503025189366	2	1	2	1	6
36.5640767565202	-11.6254411722568	1.25678338235396	0.484863072446999	-1.33586567948893	0.69477046738082	2	1	2	1	6
48.189517928777	0	0.857911194697197	0.802398675524211	-0.863238631669655	0.985943469540262	2	1	2	1	6
60.6804573514406	12.4909394226636	0.00187971635120032	0.713471944271589	-0.205807086550375	0.583872190247	2	1	2	1	6
72.2178272248398	24.0283092960628	-0.659994236611954	0.254882024229897	0.34939498771666	-0.231960641711233	2	1	2	1	6
11.4028635830053	-25.6917328459761	-0.0456826062122638	-1.47930200769123	-1.02733030507014	-0.774361132206397	1	1	2	2	7
24.4207112189875	-12.673885209994	0.750041671313669	-1.41241511378431	-0.982818629889661	-0.234065122785688	1	1	2	2	7
37.0945964289814	0	1.27587054194912	-1.08248589516292	-0.450743564660475	0.476986937469568	1	1	2	2	7
46.8660167183857	9.77142028940425	1.1985508069863	-0.583573243832291	0.28267288895267	0.999158493447488	1	1	2	2	7
57.7106214839986	20.6160250550172	0.567085194191857	-0.0579112165019863	0.822900073294166	1.06834514257887	1	1	2	2	7
71.5949754956668	34.5003790666854	-0.218323973797524	0.344640201505985	0.879330673418078	0.649553598796296	1	1	2	2	7
12.4290741645318	-34.8124789943814	-0.318068941417413	-0.596621432526224	-0.639264782833016	-0.800665859023285	1	2	1	1	8
24.3571103286948	-22.8844428302184	-0.496028781569817	-0.58030153494879	-0.46002946859415	-1.22790803307542	1	2	1	1	8
35.0155241719791	-12.2260289869341	-0.0642864130544785	-0.0902127406692378	0.365464567850726	-0.932322997583545	1	2	1	1	8
47.2415531589132	0	0.709779209554401	0.622741931150006	1.15662662438174	-0.128351427518501	1	2	1	1	8
59.8345147582748	12.5929615993616	1.34678762226227	1.19356233814011	1.26117150477384	0.600742352336754	1	2	1	1	8
72.3344873899194	25.0929342310062	1.45223817869869	1.33001457251732	0.59290564443689	0.726016266112144	1	2	1	1	8
13.3279657414626	NaN	-1.23512433209718	-0.660117805997367	-0.249326101203293	-1.0146019047323	1	1	2	1	9
23.641230151172	NaN	-0.542344336952882	-1.14622674254969	-0.968276314384011	-1.08123862152507	1	1	2	1	9
35.9566886758071	NaN	0.213497755386006	-1.23353171976892	-1.07012544878273	-0.363690481835343	1	1	2	1	9
48.8499623039674	NaN	0.557123968161078	-0.882940920124225	-0.480665925662161	0.524956795699877	1	1	2	1	9
59.4309850720634	NaN	0.272460107007853	-0.251435446002107	0.370620313548749	0.825427387443064	1	1	2	1	9
70.7423228153367	NaN	-0.461495509037897	0.378220792103269	0.863483612363782	0.280993948595005	1	1	2	1	9
12.0911617740061	NaN	-0.92212825475043	-1.29329227755681	-0.714117263532665	-0.575401022397499	1	1	2	1	10
23.8669693111303	NaN	-0.924045183580202	-1.43671641406291	-0.790693921159439	-0.064571174874038	1	1	2	1	10
36.4793318878271	NaN	-0.64415145457316	-1.27994106919796	-0.213018067065681	0.505709410043955	1	1	2	1	10
47.8909974113714	NaN	-0.164294700977456	-0.870033897041948	0.618394921491071	0.947739968830102	1	1	2	1	10
58.6770188866664	NaN	0.375203464002913	-0.330058693120681	1.12710813026413	1.11603163936913	1	1	2	1	10
74.2552400255732	NaN	0.816580849332029	0.177871257904696	0.960419501025231	0.955193310880291	1	1	2	1	10
11.5623902631271	NaN	-0.632302070816738	-0.349926676095671	-0.30066218738848	-0.753779154316282	2	2	1	2	11
25.6524206972226	NaN	-1.04462815118321	0.359810725066573	0.562716233480503	0.113154018405472	2	2	1	2	11
33.6640335638643	NaN	-1.18140750070781	0.671291967152474	1.36005622018914	0.738731084240829	2	2	1	2	11
48.2059845688363	NaN	-0.998934124168422	0.404218233022764	1.37982941134968	0.644571238726188	2	2	1	2	11
61.3380361061563	NaN	-0.555514926451719	-0.286816646791747	0.604390653651891	-0.0973211798954674	2	2	1	2	11
69.9752032355561	NaN	0.00716147201712855	-1.0018117907029	-0.274275858183463	-0.919618640887771	2	2	1	2	11
12.8439420395067	NaN	-0.592331845467322	0.217394431589031	-0.475069296786103	-0.932881657374217	1	2	2	2	12
26.2704863874537	NaN	-0.933694414720838	-0.345815321358849	-0.927143574799514	-0.379038875594227	1	2	2	2	12
36.9735176371319	NaN	-0.554324228993835	-0.702498960712583	-1.12224137615817	0.227714539550893	1	2	2	2	12
48.1897658206416	NaN	0.272270614361527	-0.726786906043485	-0.997909847807053	0.657168344051965	1	2	2	2	12
59.5691624265142	NaN	0.950154031295884	-0.410108218987758	-0.59394881637744	0.74638210336489	1	2	2	2	12
71.4213209155778	NaN	0.990603896118223	0.135784810546843	-0.0396704461281663	0.461506941178862	1	2	2	2	12
11.6057490937255	NaN	-0.788547201512781	-0.793814968743127	-0.607355045811631	-0.806605445126951	1	1	2	2	13
23.8223173884626	NaN	-0.377491933558946	-0.0109836535759841	-0.484998008075992	-0.0672477147365578	1	1	2	2	13
36.1281060270929	NaN	0.44379308454198	0.498100510722178	-0.150769683980672	0.601922928899446	1	1	2	2	13
46.632408298037	NaN	1.0999901989116	0.420389130725766	0.31464350442614	0.805973878021605	1	1	2	2	13
57.7528700296932	NaN	1.13142733956152	-0.196331151660337	0.798885654788677	0.424477893002769	1	1	2	2	13
73.2289602453607	NaN	0.51608250243136	-0.97282384248604	1.18505534463345	-0.317412883506873	1	1	2	2	13
12.5861240521959	NaN	-0.476250616781055	-1.09300493448811	-0.800768195890535	0.0802477184876218	1	2	2	2	14
24.2904887045371	NaN	0.0682755986546729	-0.540312601796975	-0.535057659194841	0.708294107695521	1	2	2	2	14
37.3775166826571	NaN	0.557729322556622	0.312840096612986	0.166862806781612	1.17477259432706	1	2	2	2	14
48.2416403340907	NaN	0.845755934730773	0.845323035001175	0.887457654069383	1.29394767465815	1	2	2	2	14
59.5675991910597	NaN	0.846230795866048	0.669466813631543	1.198082927961	1.01836797802325	1	2	2	2	14
70.5964042595015	NaN	0.559011914763477	-0.0866980319362607	0.913963999087219	0.457759751693095	1	2	2	2	14
12.2681680656418	NaN	-0.630532579920254	-1.0728556077968	-0.610162370638261	-0.0129277302185645	1	1	1	2	15
23.9128039445308	NaN	-0.0170790543458728	-0.700620875219066	-1.10241621290451	0.75988346138269	1	1	1	2	15
33.454183969517	NaN	0.680395868729826	0.113642953695941	-1.2295670370043	1.16230126544528	1	1	1	2	15
48.6498660972723	NaN	1.10912364634663	0.79626935514021	-0.937875356568726	0.941589237631018	1	1	1	2	15
58.1014314427942	NaN	1.05226254207407	0.866333227359058	-0.35062280343672	0.236364438540369	1	1	1	2	15
72.8187366266138	NaN	0.538571738847185	0.274473053123027	0.283992069235935	-0.510460302468971	1	1	1	2	15
14.6004728609243	NaN	-1.40169478064971	0.0699050509141	-1.02377726722335	-1.29690336095971	2	1	2	2	16
24.8535937390245	NaN	-1.44180611138639	-0.353472263950609	-0.29036735484026	-0.542815265660976	2	1	2	2	16
35.7955815646166	NaN	-1.24131257533067	-0.560071713952547	0.425760279022948	0.334738124281036	2	1	2	2	16
47.9112718862894	NaN	-0.849145314116613	-0.492763248734032	0.678741951263341	0.574533717976968	2	1	2	2	16
59.5349453208244	NaN	-0.361014105626427	-0.170159386418399	0.311070347808765	-0.0314362765856167	2	1	2	2	16
71.8899405077582	NaN	0.103950938673329	0.318531625346541	-0.448340846772742	-0.957530505234957	2	1	2	2	16
