age	diseaseAge	x1	x2	x3	x4	z1	z2	z3	z4	id
12.1376795028867	-37.3744832491097	-1.25822188091237	-0.933906336101587	-0.255657239341513	-0.404636503120184	1	2	2	1	1
24.0226002900185	-25.489562461978	-1.23772612447836	-0.67060840725392	0.657028226403792	0.1103482437756	1	2	2	1	1
38.0734034110799	-11.4387593409166	-0.545667118600391	0.195470906006897	0.987830975550415	0.49815653300063	1	2	2	1	1
49.5121627519965	0	0.295921327390721	0.93919994505683	0.445552556588399	0.651261659863997	1	2	2	1	1
59.9340026795368	10.4218399275403	0.652212387143406	0.937885772429622	-0.492451155126412	0.527212521023377	1	2	2	1	1
72.909117797486	23.3969550454895	0.254448660532158	0.192628689405185	-1.00047593232691	0.16040393342797	1	2	2	1	1
11.5745792268894	-37.6671698442352	-1.15020846068356	-1.0184183164443	-1.38972356732391	-0.551429335579318	2	1	1	1	2
23.2840285678282	-25.9577205032965	-0.848308898057015	-1.35646748062076	-1.33884712102328	-0.941907440782587	2	1	1	1	2
35.3004784846131	-13.9412705865116	-0.37766286184686	-0.979257065438802	-0.632814329198465	-0.643606989495277	2	1	1	1	2
49.2417490711247	0	0.136230876312862	-0.156678511798916	0.199433750576648	0.137625833618938	2	1	1	1	2
61.2152766222855	11.9735275511609	0.556341452614618	0.522718919301908	0.534398911735315	0.862690952518935	2	1	1	1	2
71.6672475161842	22.4254984450595	0.770645483836297	0.572831068901245	0.121134132205457	1.03124756076549	2	1	1	1	2
11.1716726544469	-36.3791347106326	-0.61167577326868	-0.527279370800471	-0.210292669929415	-0.136227063360825	2	2	1	1	3
24.028853863082	-23.5219535019975	-0.797039188723726	-0.933772687808324	-0.538187501172149	0.795865408283278	2	2	1	1	3
36.2444773320372	-11.3063300330423	-0.128672479603734	-1.13884873137305	-0.469245094767036	1.23684014848935	2	2	1	1	3
47.5508073650795	0	0.797183311057197	-1.08970210722494	-0.0314751331707028	0.799288291887773	2	2	1	1	3
60.1390241923731	12.5882168272936	1.15458455861374	-0.798987666803771	0.597266717522011	-0.132388396859892	2	2	1	1	3
71.0658853123894	23.51507794731	0.624698368313593	-0.341561987111368	1.16153739253598	-0.739685418583482	2	2	1	1	3
11.1266430743735	-37.7796129934839	-0.821372432754363	-0.563124175094356	-1.02607343920015	-0.626392166868934	1	2	2	1	4
23.3589589429478	-25.5472971249096	0.120589746639091	0.0263548092048166	-0.361481303971314	-0.462027347376715	1	2	2	1	4
35.7787709706643	-13.1274850971931	0.558206720013283	0.685866558534638	0.424322833561965	0.0203756386828057	1	2	2	1	4
48.9062560678574	0	0.0989648654922463	1.11838946459297	0.820048157214578	0.637001599156601	1	2	2	1	4
59.2413831791777	10.3351271113203	-0.845226099973999	1.1291299557482	0.568212281680438	1.15289092001556	1	2	2	1	4
71.7685168616119	22.8622607937545	-1.42748902548293	0.713250880941054	-0.167325423769713	1.37146875121992	1	2	2	1	4
12.8704252221969	-35.7990492400805	-0.73528158654553	-1.09092748721873	-0.657643053709486	-0.979611100070507	2	2	2	1	5
23.6451251765431	-25.0243492857343	-0.971830495212209	-0.826121342826869	-1.18821648531163	-0.741693158347349	2	2	2	1	5
36.4316401622561	-12.2378343000214	-0.647131255976938	-0.262587822695975	-1.23478676678984	-0.0115258093084758	2	2	2	1	5
48.6694744622774	0	0.0562119359943395	0.369088906940998	-0.772464826737042	0.735035301262614	2	2	2	1	5
58.8696199886057	10.2001455263283	0.742653289470803	0.810442141213915	-0.0483345008909892	1.01145058781025	2	2	2	1	5
71.373408800228	22.7039343379506	1.02615226066982	0.880880905666811	0.550599219240394	0.63757809403128	2	2	2	1	5
13.2787276086629	-34.1411627723262	-0.929752184486933	-0.908880994778707	-0.983819480387847	-0.428743338950678	2	1	1	1	6
22.4450790190128	-24.9748113619763	-1.40409845535828	-1.39429784228194	-1.05809730076056	0.214541120033557	2	1	1	1	6
35.9141183055363	-11.5057720754528	-1.42922118821277	-1.45716279674868	-0.585545093160808	0.877604026166766	2	1	1	1	6
47.4198903809891	0	-0.992907680351607	-1.06810315863523	0.164272277038086	1.23785416372835	2	1	1	1	6
60.8429453384	13.4230549574109	-0.307259345495868	-0.408901161808263	0.763625523628981	1.12002380357142	2	1	1	1	6
72.4520724564839	25.0321820754948	0.29441536149754	0.212441026934233	0.870616810499795	0.58143939056301	2	1	1	1	6
11.9159396115615	-36.5174306961677	-0.535783862187271	-0.651537155569355	-0.691115141392146	-1.35183410227629	2	2	2	2	7
24.0453289320602	-24.388041375669	0.106238067867464	-0.943918767386241	0.170178316734853	-0.817130489619654	2	2	2	2	7
36.6654748434801	-11.7678954642492	0.886167065203616	-0.739733011625641	0.932439552540793	-0.0868532056922009	2	2	2	2	7
48.4333703077293	0	1.312494194323	-0.140598869091269	0.949436593920824	0.449536164789998	2	2	2	2	7
60.761449607639	12.3280792999097	1.11654936586728	0.555307126294328	0.206759641379699	0.50597771163863	2	2	2	2	7
72.5699739161124	24.1366036083831	0.421816428211868	1.0016471130929	-0.665962551667062	0.0523707939556576	2	2	2	2	7
13.3579335995114	-22.7731251378231	0.354723563416155	-0.341957937427674	-0.486818861610628	0.00341262895328587	1	2	1	1	8
23.7218357769638	-12.4092229603707	-0.418001791542819	-0.575016644562419	0.285082534168716	0.827495773012489	1	2	1	1	8
36.1310587373345	0	-0.579586357696341	-0.257936489128579	0.75882659109927	1.41287934484469	1	2	1	1	8
49.1211739374183	12.9901152000837	-0.00713668427564984	0.434519586993576	0.648236940298177	1.36015911281305	1	2	1	1	8
61.2985282149338	25.1674694775993	0.863969534965516	1.12069521423277	0.0201178914750582	0.705305822902823	1	2	1	1	8
72.2936719745662	36.1626132372316	1.37121079926102	1.42239557589103	-0.746100299752756	-0.104877458184252	1	2	1	1	8
11.3813801719926	NaN	0.00859402611262911	-0.101299671516731	-1.28641691360164	-0.379718414404342	1	1	2	1	9
23.3455370210772	NaN	-0.586690302816376	-0.705395177176	-0.825398105799392	-0.838844195931861	1	1	2	1	9
34.8677202364957	NaN	-0.646245745503843	-0.659937517855079	-0.235190261362128	-0.846802884974543	1	1	2	1	9
46.8210945566332	NaN	-0.134187686038431	0.00331960055356556	0.277383854655917	-0.399748440925867	1	1	2	1	9
59.4349249400617	NaN	0.640947729107901	0.821068744634849	0.532706168775628	0.286279844326364	1	1	2	1	9
73.1221768694354	NaN	1.21210937250466	1.22208459828406	0.441305713296413	0.879758446222896	1	1	2	1	9
12.9512785289418	NaN	-0.333263970758172	-0.510435778964008	-0.874432284918671	-1.08875257219787	1	1	2	2	10
23.8064786152641	NaN	-0.701420226668511	0.13551567728471	-0.873425275805009	-0.432778531680737	1	1	2	2	10
36.9270946906201	NaN	-0.796466500736043	1.02115323223258	-0.584333655049659	0.317526315161156	1	1	2	2	10
48.4089790431871	NaN	-0.58954002566065	1.43295650918897	-0.0937925660996632	0.715068471667423	1	1	2	2	10
60.1669458776726	NaN	-0.143478306193876	1.03915318475274	0.451192354918929	0.522959540314825	1	1	2	2	10
72.1242831119162	NaN	0.40626278907007	0.157013788864662	0.887299712921899	-0.144326136608109	1	1	2	2	10
13.3525305581324	NaN	-0.963077859964878	-0.638914883046077	-0.223723348167233	0.0254606889866089	1	1	2	1	11
23.7301605347437	NaN	-0.563085663565885	0.192306518399055	-0.642567043588516	0.692462713096735	1	1	2	1	11
36.1073326790428	NaN	0.240979244211967	0.694892732719036	-0.453076389140115	1.21619153518875	1	1	2	1	11
48.5500288889987	NaN	0.904467875820306	0.52016888964972	0.227992688935221	1.36360982205248	1	1	2	1	11
62.2112345104533	NaN	0.977953315646026	-0.210648368612136	0.980994951259023	1.0691226264786	1	1	2	1	11
71.3078892653123	NaN	0.411658773266526	-0.990546303852	1.34196304885345	0.463764384278662	1	1	2	1	11
10.9379871518059	NaN	-0.866567585816567	-0.266748180124508	-1.39506097981975	-0.551662739717939	2	1	1	1	12
24.4951768636417	NaN	-1.39765090559065	0.435654262998452	-0.996574944663543	-1.15921062521618	2	1	1	1	12
35.3314714873188	NaN	-1.19670485461072	1.01560353602948	-0.387638960926858	-1.09744210777337	2	1	1	1	12
47.1379550543707	NaN	-0.41423477215789	1.18323429554016	0.191898603443284	-0.410596213706304	2	1	1	1	12
60.0416303308554	NaN	0.363701916590314	0.854762752267733	0.513768861912699	0.409403422726691	2	1	1	1	12
71.2057450399147	NaN	0.554443224954828	0.194362776453472	0.451193206801078	0.775267564261516	2	1	1	1	12
12.7872206870936	NaN	-0.69894823021229	-0.730280532784027	-1.06954152662863	-0.664570433309542	1	2	2	2	13
22.7047117952694	NaN	-1.20360754674016	0.202469276307424	-0.988642146508161	-1.02579094902438	1	2	2	2	13
37.6890554279044	NaN	-1.03322498804188	0.793139126412467	-0.59503321871758	-0.559616956691011	1	2	2	2	13
49.0664068217655	NaN	-0.305729714620659	0.523992799317237	-0.0245194439618863	0.347431174869099	1	2	2	2	13
58.6845245633306	NaN	0.475347234196039	-0.369056526894679	0.526057980930177	0.943289658067549	1	2	2	2	13
73.927003829692	NaN	0.769388617030377	-1.10322980780588	0.866736387118491	0.733912397500188	1	2	2	2	13
13.2291570593297	NaN	-0.545746923028509	-0.00566768032873255	-0.0449694624271021	-0.757036798029145	2	2	1	2	14
24.5825585616628	NaN	0.0503871016700481	-0.549949998565249	0.523130591343213	-0.680325962376108	2	2	1	2	14
36.2505472330999	NaN	0.478122332268074	-0.430149111443887	1.03998988774819	-0.109303966615763	2	2	1	2	14
47.5318926294502	NaN	0.580925212676367	0.270847740483297	1.33576089424869	0.636815695415152	2	2	1	2	14
60.5651732674814	NaN	0.32117410386364	1.06803834990324	1.31324892749441	1.14093619398762	2	2	1	2	14
72.1702530418459	NaN	-0.206072738847716	1.40986645211239	0.979851749376108	1.1212434013468	2	2	1	2	14
10.7277670007022	NaN	-0.66272755867293	-1.45485079988236	-0.0694111023482672	0.184436487090363	1	1	1	1	15
23.8073399298669	NaN	-0.987739399328758	-1.24748984663908	-0.649920110212883	-0.408214774312707	1	1	1	1	15
36.4199166925886	NaN	-0.987906431102557	-0.68447170386836	-1.00178093766457	-0.528802019604206	1	1	1	1	15
46.4862870807772	NaN	-0.663171928373071	-0.0185384242774796	-0.991904593992132	-0.110815262953828	1	1	1	1	15
61.4340484391223	NaN	-0.123818898924758	0.451368748035098	-0.624026739742955	0.61520458565355	1	1	1	1	15
71.8796313401981	NaN	0.446983102282074	0.514305805603317	-0.0372946982539779	1.24882073270241	1	1	1	1	15
11.8839283791764	NaN	-0.692141093575924	-0.227902272866317	-1.46577494502539	-0.0280058509217125	2	2	1	1	16
23.8564068696007	NaN	-0.731716891370164	-0.75236594205752	-1.26667906780837	-0.502442982036399	2	2	1	1	16
36.1155375366259	NaN	0.0196615996530035	-0.579030041030976	-0.693523531965476	-0.813265337274712	2	2	1	1	16
45.9980890777058	NaN	0.903637986221001	0.167853351801748	-0.0144817373606997	-0.877845825127254	2	2	1	1	16
59.5896829613127	NaN	1.14567385320493	0.952897087321807	0.45272985804467	-0.679016768335347	2	2	1	1	16
71.1002281062523	NaN	0.533697837990776	1.21335960302156	0.489507901128554	-0.269633652977771	2	2	1	1	16
