age	diseaseAge	x1	x2	x3	x4	z1	z2	z3	z4	id
10.0089247115346	-38.0279874957125	-0.172195622671009	-0.704867397623422	-0.459945190921921	-1.23670426483985	2	2	1	2	1
24.5563709615528	-23.4805412456943	0.448390140029667	-0.537235217534821	-0.633595539948285	-1.15014047952791	2	2	1	2	1
34.5998985296128	-13.4370136776343	0.981257894412776	-0.153118707295237	-0.452172606758599	-0.635086667892895	2	2	1	2	1
48.0369122072471	0	1.21955721479073	0.34723223529725	0.0199036687664044	0.0596731326471152	2	2	1	2	1
62.5581549354041	14.521242728157	1.07078425671847	0.833231890751478	0.615007701736387	0.598552340050457	2	2	1	2	1
72.0436840786833	24.0067718714362	0.592690215412667	1.17804005696627	1.12182901804152	0.721258647241728	2	2	1	2	1
12.4139899219798	-34.7513935481293	-0.410552911130652	-0.996276721882662	-0.806832733480855	-0.813182033371615	2	1	2	2	2
23.8042923412095	-23.3610911288996	-0.027648946826496	-1.23715794174919	-0.312439537325676	-0.0751820638910228	2	1	2	2	2
36.1851819486114	-10.9802015214977	0.522183675895901	-1.19092831537721	0.453273519781389	0.642174832339785	2	1	2	2	2
47.1653834701091	0	1.06140608726604	-0.871099181265212	1.03823603954306	0.887674197602248	2	1	2	2	2
61.1902101339032	14.0248266637941	1.4159054145417	-0.371145655519471	1.09709118516107	0.506897968099691	2	1	2	2	2
71.2551297562302	24.0897462861211	1.47121516865337	0.162812947256065	0.595091385238495	-0.260647216153881	2	1	2	2	2
12.0533761387307	-35.9723127951637	-0.188877743176476	-1.22669884268166	-0.689360563200183	-0.508423389619402	2	1	1	1	3
23.2624799291099	-24.7632090047845	-0.599145983290602	-0.806802664563667	-0.599458434336464	-0.40244024881951	2	1	1	1	3
36.4274364787485	-11.5982524551459	-0.833914193912584	-0.166549223364381	-0.249928513123541	0.048327360576462	2	1	1	1	3
48.0256889338944	0	-0.836995077209403	0.419979605080891	0.258938755850504	0.667906703263057	2	1	1	1	3
60.9961710566274	12.9704821227329	-0.607651282468505	0.701700560320409	0.781134342901936	1.21442354205315	2	1	1	1	3
71.3605604766758	23.3348715427814	-0.200771876941036	0.558013575403299	1.1668249307411	1.47452611651023	2	1	1	1	3
11.1747389282175	-36.1994411915785	0.176875294854999	-0.580595369053674	-0.573246889299176	-0.288213454556233	2	1	1	2	4
25.2058040201128	-22.1683760996832	0.727884561374127	-1.25839627956742	-1.07600988004392	0.553838866651713	2	1	1	2	4
36.3742247634915	-10.9999553563045	1.18715566495287	-1.46278548435594	-1.4123177140731	1.05025459502835	2	1	1	2	4
47.374180119796	0	1.41514330728372	-1.07080965121353	-1.48587074343657	0.847285698350082	2	1	1	2	4
60.1282589743603	12.7540788545643	1.34257554133675	-0.318267607572555	-1.27560751753261	0.0895687054338481	2	1	1	2	4
71.5281202979547	24.1539401781587	0.991501414978629	0.342137912162391	-0.841735597953932	-0.682943920684893	2	1	1	2	4
12.4155256228001	-35.0559008135389	0.134589028636141	-0.616264129319233	-1.11189969669168	-0.589693515133476	2	2	2	2	5
23.1316441485691	-24.3397822877699	-0.641370874436847	-0.214580625166526	-0.588457988512053	-0.703431449409214	2	2	2	2	5
35.7798619136319	-11.6915645227071	-0.619797262841207	0.281087089934851	0.0902980192732056	-0.575451200462887	2	2	2	2	5
47.471426436339	0	0.180014336010653	0.746793471141881	0.611657032064233	-0.236691375476939	2	2	2	2	5
59.2022932012326	11.7308667648936	1.04270912109286	1.06608503682369	0.735422499154744	0.23095447368635	2	2	2	2	5
72.9411972278807	25.4697707915417	1.19668930960951	1.15912046210376	0.404574137855946	0.71443522119403	2	2	2	2	5
12.3721987082572	-25.6708426308115	-0.345476533950254	-0.704207295997543	-1.03755030590095	-1.40687392610334	1	1	2	1	6
24.0350871711073	-14.0079541679614	0.523451216531839	0.132464451217651	-1.23213157050087	-1.19596782801614	1	1	2	1	6
38.0430413390687	0	1.25150564651139	0.678847669442492	-0.770833665756792	-0.702274187370037	1	1	2	1	6
47.3558635783331	9.31282223926441	1.23586900324668	0.552457191930441	0.0388253727249646	-0.103062446002468	1	1	2	1	6
58.9701307493986	20.9270894103299	0.489488184339212	-0.158229734481689	0.657097251132075	0.386509812132985	1	1	2	1	6
71.9423087109817	33.899267371913	-0.369645092262196	-0.955710261085484	0.671819348383765	0.590653000552721	1	1	2	1	6
13.2081209353088	-34.8989866367162	-0.303624830964323	-0.80363588605875	-0.393877970932471	-0.938919873908479	2	1	1	1	7
22.6722568021867	-25.4348507698383	0.544150024729021	-0.444952931879404	-0.647850621597362	-0.868266874329788	2	1	1	1	7
37.0848524379064	-11.0222551341186	1.34870812104123	0.301843332393702	-0.217897411638734	-0.507931753002411	2	1	1	1	7
48.107107572025	0	1.40517076766281	0.982681155614486	0.599908133159753	0.0282241173248402	2	1	1	1	7
60.9221058225491	12.8149982505242	0.664070664986133	1.18359325188971	1.24241038226515	0.570782215421191	2	1	1	1	7
74.0207969274244	25.9136893553994	-0.225309466253811	0.782419787612119	1.26717071256572	0.948300996488934	2	1	1	1	7
12.0114043641171	-35.6755093490874	0.087183540059041	-0.538809301015536	-1.40637361563414	-0.967952666190564	2	2	1	2	8
24.8682839735708	-22.8186297396337	-0.445147699088463	-0.519918845727875	-1.07473623808986	-0.511206196383616	2	2	1	2	8
35.9765119349613	-11.7104017782432	-0.788815907823006	-0.23931227740232	-0.398383659484425	0.194394711139806	2	2	1	2	8
47.6869137132045	0	-0.833912137099487	0.226115871036975	0.27073969438059	0.789901237120392	2	2	1	2	8
60.5092771923132	12.8223634791086	-0.56601410682419	0.748824465048659	0.584451171415647	0.972371077937523	2	2	1	2	8
73.4343033338769	25.7473896206723	-0.0707986128439894	1.1855758269411	0.379508981547121	0.648979333263856	2	2	1	2	8
10.0170254301577	NaN	-0.43945884714967	-0.752736546614834	-0.639512126772243	-0.759029834303957	2	2	2	1	9
23.5568685802851	NaN	0.277452740897544	-0.247282457855056	-0.61940219424418	-0.0415512504186419	2	2	2	1	9
35.5643797934719	NaN	0.889766564444438	0.647524645380998	0.1623990131382	0.82925184917206	2	2	2	1	9
48.4148248423429	NaN	1.07308074204778	1.21393467931345	1.02465860216626	1.13715678187037	2	2	2	1	9
59.6253767437673	NaN	0.730276015864805	0.997614136934451	1.21603519732946	0.628916290074743	2	2	2	1	9
71.3383164425636	NaN	0.0429692200496256	0.17207984310415	0.569770253892429	-0.277449331374609	2	2	2	1	9
12.0966031114877	NaN	-0.371529587388261	-1.4287617937384	-0.364573314950248	-1.17513534703797	1	2	1	2	10
24.3787261008259	NaN	0.213210657930035	-0.801257149086397	-0.796769775341079	-0.806738136451197	1	2	1	2	10
36.5302922093381	NaN	0.598206361614325	0.0613785847527615	-0.931046665624066	-0.0341754624415851	1	2	1	2	10
48.1640362042381	NaN	0.641988152733053	0.505404099632335	-0.721073830694429	0.646502950996286	1	2	1	2	10
59.8234954905659	NaN	0.328468105139119	0.194318356282802	-0.239299135479474	0.798244744909433	1	2	1	2	10
72.2233522969231	NaN	-0.22714864125787	-0.636124904956298	0.348048545433173	0.323619021428563	1	2	1	2	10
12.1108413524684	NaN	-0.122144096758425	-0.0839482387102015	-0.666086603995738	-0.564630543291177	2	2	1	2	11
22.7693486130198	NaN	-0.628777296755176	0.852181105105558	0.108525428189822	0.276674895423467	2	2	1	2	11
34.7822582192206	NaN	-0.790048451506839	1.39139273262056	0.895866852142735	0.675768112642057	2	2	1	2	11
47.5855940177448	NaN	-0.539336487399456	1.0610137336633	1.10451804050412	0.33856320449621	2	2	1	2	11
59.5966864869281	NaN	0.0197895460217034	0.150654337182955	0.577748502136933	-0.486458507051112	2	2	1	2	11
73.4429234051365	NaN	0.656354824465271	-0.541664414100344	-0.288753393711071	-1.19135069446676	2	2	1	2	11
11.4228320209662	NaN	-0.137483502036009	-1.39605633623656	-1.22464649997034	-0.523476392047689	2	2	2	1	12
24.4489568329745	NaN	0.542959514811197	-1.26285014087821	-1.32121176086447	0.311737115393891	2	2	2	1	12
33.4783914766401	NaN	0.988228421897368	-0.517322023350019	-0.915451072031364	1.13842368286926	2	2	2	1	12
49.3213990086396	NaN	0.986457081344207	0.287199626056932	-0.216832041140542	1.22296469415571	2	2	2	1	12
59.5667589603212	NaN	0.538488325597217	0.553601621730514	0.413994186686153	0.490336721809108	2	2	2	1	12
72.8390656735301	NaN	-0.142527075865118	0.0841613238793191	0.651373440321298	-0.409311144509709	2	2	2	1	12
12.223709026936	NaN	-0.951015973290121	-1.24066527684288	-1.17407359715133	-0.933753751932048	1	2	1	1	13
24.5041260515662	NaN	-1.16606190456697	-0.731506008513315	-1.47378956438539	-0.311567565331168	1	2	1	1	13
34.6631482524266	NaN	-1.12665295462721	0.00230711127847633	-1.41933325325786	0.408745851690148	1	2	1	1	13
48.0200360456	NaN	-0.842980705703787	0.564523516813515	-1.03044710362548	0.839254647534781	1	2	1	1	13
59.002759512907	NaN	-0.388405880589943	0.651552875974325	-0.448116820565726	0.748104090145292	1	2	1	1	13
72.3884063972322	NaN	0.119513536595225	0.216400345153565	0.116541191743043	0.184384205705615	1	2	1	1	13
13.9740488362308	NaN	-1.17780401811262	-1.31449312971561	-0.516115022055495	-0.0598856009199645	2	1	2	2	14
24.4418808932383	NaN	-0.853661009394318	-1.32582775522833	-1.02054878801335	0.749049272224736	2	1	2	2	14
35.7624649188224	NaN	-0.374865690080792	-0.921759464213881	-1.37780050065831	0.979912054712365	2	1	2	2	14
46.710572090657	NaN	0.132488807173845	-0.279114605222085	-1.48872509983966	0.455141669090339	2	1	2	2	14
59.6520131106664	NaN	0.534788147925573	0.320875786407582	-1.32253861540758	-0.421650726176475	2	1	2	2	14
71.8487594866332	NaN	0.726084796570243	0.615646910426868	-0.9253613832823	-0.976106965911981	2	1	2	2	14
11.6108821107473	NaN	-1.30135535306677	-0.496579668342052	-0.807958504197822	-0.847902802882723	2	2	2	2	15
23.7646569979483	NaN	-0.723770957110374	0.210481307319373	-1.05590067982315	-0.329860875498572	2	2	2	2	15
37.4241084695911	NaN	-0.0241759000489779	0.542722447099406	-0.875351907698712	0.158958580859	2	2	2	2	15
49.5829265896041	NaN	0.450781460385729	0.312893114898402	-0.343790609478071	0.483995658575196	2	2	2	2	15
60.0893373400973	NaN	0.465760426277955	-0.349475202973764	0.310675707301323	0.555775688464832	2	2	2	2	15
73.5155397162512	NaN	0.0133389412900398	-1.07107266013283	0.807197626424457	0.354539403451044	2	2	2	2	15
10.9251499517719	NaN	-1.01679914396708	-0.419790306737148	-1.14962407644078	0.00420379798577242	2	1	2	2	16
23.9882069162527	NaN	-1.37242475651279	-1.16339092835779	-1.09900684226284	0.690241917904637	2	1	2	2	16
36.3558542505052	NaN	-1.00072820778844	-1.38791549532577	-0.403037475398711	1.04111957173931	2	1	2	2	16
48.0029017417477	NaN	-0.172067302399892	-0.940905399453237	0.425791756027897	0.873058057192416	2	1	2	2	16
61.2242919393153	NaN	0.510821819345811	-0.125893291901528	0.777154316217073	0.274082720740175	2	1	2	2	16
70.7586313999673	NaN	0.55123181814723	0.503704275851082	0.392316697663371	-0.442081956054414	2	1	2	2	16
