age	diseaseAge	x1	x2	x3	x4	z1	z2	z3	z4	id
12.2197746842892	-36.7522330614979	-0.952568897287	-0.225431452830441	-0.0413214844180528	-0.389137451777892	1	2	1	1	1
23.3965683774663	-25.5754393683209	-0.683139647758452	-0.855295125531471	-0.525668297648516	0.284205681488514	1	2	1	1	1
35.8773813311876	-13.0946264145995	0.127278462077345	-0.808583932592313	-0.782627910353762	0.891140133653098	1	2	1	1	1
48.9720077457871	0	0.871437178521685	-0.11942404157695	-0.731557842835979	1.14386405049317	1	2	1	1	1
60.9261644338022	11.9541566880151	0.991736571919673	0.708699527343947	-0.388485582215069	0.922538441795553	1	2	1	1	1
71.1029994365844	22.1309916907973	0.398036015259969	1.07077795511731	0.138921376525078	0.33211355439986	1	2	1	1	1
12.6218270852229	-35.8670319620358	-0.235180758821818	-0.790844014702213	-1.06634179186176	-1.16901634446586	1	2	1	1	2
23.4853231376246	-25.0035359096341	-0.5624327266155	-0.661356654055588	-0.532133659231618	-1.22960500880344	1	2	1	1	2
35.625067230311	-12.8637918169477	-0.360151452636841	-0.202620466109669	0.0182877954294144	-0.900520343473963	1	2	1	1	2
48.4888590472587	0	0.264091990392593	0.410816461293751	0.408486439945344	-0.313334980461007	1	2	1	1	2
61.0162922594259	12.5274332121672	0.978331447201487	0.945542756862477	0.513385137450017	0.297186195045461	1	2	1	1	2
70.9773665491706	22.4885075019119	1.40274182059816	1.19809626770167	0.299358889678385	0.686948315049464	1	2	1	1	2
11.6910733973433	-36.8322246665102	-0.34485564305267	-0.643352313461971	-0.771685886595312	-1.14080044932271	2	2	2	2	3
24.6358032147092	-23.8874948491443	0.145273848549934	-1.29013225946557	-0.220031161996042	-1.46662801556497	2	2	2	2	3
37.2705982098399	-11.2526998540136	0.602003011506687	-1.07468320477876	0.312334190028783	-1.11179088502985	2	2	2	2	3
48.5232980638535	0	0.91423999697623	-0.189333372423761	0.654772644107086	-0.317859152614243	2	2	2	2	3
61.3887280739882	12.8654300101347	1.00603829922657	0.57557837880333	0.697523393728987	0.374665223355061	2	2	2	2	3
73.1983544992345	24.675056435381	0.855069492694793	0.537226505313175	0.42688366485869	0.494317548726628	2	2	2	2	3
12.4763210059489	-35.3536897391827	-0.991222891632013	-1.42726248195089	-0.0741819440159762	-0.451999134589222	1	1	2	2	4
25.1024825112844	-22.7275282338472	-0.4664583487688	-1.34070686663134	-0.852741706505277	-0.70691254872788	1	1	2	2	4
34.7776346309442	-13.0523761141874	0.359852719036393	-0.824294228680113	-0.858290182339903	-0.596803030084136	1	1	2	2	4
47.8300107451316	0	0.922976971935987	-0.128313511200055	-0.0859573971343013	-0.162182168525333	1	1	2	2	4
61.1796861724802	13.3496754273486	0.83805324507368	0.409915349392971	0.786369425091787	0.437043950551605	1	1	2	2	4
72.2341630339571	24.4041522888254	0.163121738770931	0.529529773903127	0.993036903717744	0.980407532237987	1	1	2	2	4
12.4866454496157	-46.7951953283892	-0.553771308623685	-1.11295933542841	-1.37509460512173	-0.144810371258977	1	1	1	1	5
24.6756867594358	-34.6061540185691	-0.261079270673677	-0.326063586891039	-1.38663693033032	0.758683921257788	1	1	1	1	5
35.8597845066592	-23.4220562713456	0.562844186571388	0.527671445012906	-0.671480132840539	1.0485102870415	1	1	1	1	5
47.3967876205176	-11.8850531574873	1.29413039363636	0.711220635931361	0.192254032732386	0.468677991672927	1	1	1	1	5
59.2818407780048	0	1.37905491289858	0.0661268999934296	0.506336152818103	-0.468672895292777	1	1	1	1	5
71.2250670013015	11.9432262232966	0.753313534577322	-0.850703611382837	0.0168670727213462	-0.935622038471325	1	1	1	1	5
11.2776698170663	-38.9624933333809	-0.887571792830466	-1.11953720121116	-1.35277184438648	-0.448917016950463	2	1	2	2	6
25.4818729993328	-24.7582901511144	-0.907396219101927	-0.363947076715967	-1.27763716738224	-0.038892691287721	2	1	2	2	6
36.4978447627399	-13.7423183877072	-0.296711166621226	0.434200639175665	-0.535188880781732	0.477413964025441	2	1	2	2	6
50.2401631504472	0	0.525939448730968	0.681222012661416	0.296131938549226	0.959707947226941	2	1	2	2	6
59.1498094531801	8.90964630273289	0.996737323964453	0.193375841675146	0.568643669367263	1.27693645369613	2	1	2	2	6
73.50557519274	23.2654120422929	0.793012720417583	-0.666464651051463	0.0700325628526302	1.34289959928261	2	1	2	2	6
14.1607094943906	-23.4135745991831	-1.11323082276032	-0.716056208072161	-0.669642475836154	-0.509077922445819	2	1	2	2	7
23.0266968741972	-14.5475872193765	-1.31068768331283	-1.10415300618242	-0.991851911631428	0.204616599456987	2	1	2	2	7
37.5742840935738	0	-1.21017274051595	-0.737222872963785	-0.66212118016666	0.884173270999834	2	1	2	2	7
48.5663954859561	10.9921113923824	-0.841764509364976	0.107666726692722	0.104582224693265	1.14388374274013	2	1	2	2	7
59.745629792308	22.1713456987342	-0.315707021212171	0.792543060931533	0.808407079653979	0.836339414949932	2	1	2	2	7
71.691820508572	34.1175364149983	0.210580064680734	0.800258769771889	0.990495744972288	0.136098819713223	2	1	2	2	7
11.6550555240568	-35.1891047021482	-0.240717624563379	-0.155304940227091	-0.353943660032116	-0.356945150112811	1	2	1	2	8
24.0080949644664	-22.8360652617386	-0.724745406986524	-0.891269845138021	0.535262904660598	0.281281802899975	1	2	1	2	8
36.8673764676299	-9.97678375857513	-0.504351875956513	-0.89580867755597	1.25269607691118	1.00755323320071	1	2	1	2	8
46.844160226205	0	0.262863995099348	-0.165186919672142	1.18470158554317	1.41927453355958	1	2	1	2	8
59.7169011752115	12.8727409490066	1.02828159508392	0.699445239420264	0.389438310935001	1.28821591509795	1	2	1	2	8
71.2578867445807	24.4137265183757	1.24456622031058	0.986674841749759	-0.452867735559279	0.687027203793117	1	2	1	2	8
13.2556665318287	NaN	-0.18520573329342	-0.877754503888562	-0.668187366873919	-1.04911890134309	2	1	1	1	9
23.3980076483431	NaN	-0.703610349530395	-1.11206431708268	0.19968794002294	-0.402448276955963	2	1	1	1	9
37.6386199945032	NaN	-0.94369064539365	-0.902307217633632	0.668594223240518	0.207416632384296	2	1	1	1	9
47.9129448719273	NaN	-0.816955841463926	-0.341647175233472	0.381746388833144	0.507582340964489	2	1	1	1	9
59.4764545203364	NaN	-0.370118899081775	0.320897706154128	-0.442596531042731	0.363735060187347	2	1	1	1	9
70.5811977395595	NaN	0.232121328968831	0.791056999395327	-1.17720202396865	-0.159758519454796	2	1	1	1	9
10.9278988767142	NaN	-1.00883500792719	-0.675776877167139	-0.296338920836246	-1.29298647069818	2	2	2	2	10
24.7258494121599	NaN	-1.36052354337878	0.143951847178256	-0.973701972181707	-1.17438696780738	2	2	2	2	10
35.2611355029225	NaN	-1.14587673819301	0.721780273581263	-1.09391444774161	-0.754468743140579	2	2	2	2	10
49.2747020145811	NaN	-0.487045558413293	0.668215418433584	-0.577579058355971	-0.177504564486895	2	2	2	2	10
61.5482211612251	NaN	0.241043078227009	0.0193633891794135	0.234277775683611	0.358275974676069	2	2	2	2	10
71.8231584889475	NaN	0.624049297189008	-0.787408420597462	0.805445220114514	0.668792887408193	2	2	2	2	10
10.974174979042	NaN	-0.63320677544831	-1.3327553714545	-0.684480730215412	-1.07079335889301	1	2	1	1	11
23.117434054556	NaN	0.02299345173455	-0.728171280758545	-0.344110240005036	-1.44025966941892	1	2	1	1	11
35.6753387203422	NaN	0.682766765657735	0.0864572954940477	0.506929293529341	-1.36828421567189	1	2	1	1	11
46.9256782628141	NaN	1.02020421149448	0.564704329010664	1.20800871467572	-0.887550866002085	1	2	1	1	11
60.5329940507118	NaN	0.868621440285388	0.385777455411758	1.21490711732002	-0.216359397544216	1	2	1	1	11
72.1344356164889	NaN	0.302895961459789	-0.330305069442776	0.522269537638473	0.340503870883384	1	2	1	1	11
13.1118362091394	NaN	-0.631037477038792	-1.08367217549385	-0.344019180208819	-0.421989754768416	1	2	2	1	12
22.5654453794544	NaN	-0.800685993759274	-0.926255482362899	0.318208769990413	-0.51658375546298	1	2	2	1	12
33.4009535011788	NaN	-0.498429157217019	-0.225296692932787	1.08822857665807	-0.154477897213058	1	2	2	1	12
46.1243506919702	NaN	0.132340622893457	0.552979176056976	1.4835150909264	0.495246218438706	1	2	2	1	12
60.6074429274907	NaN	0.792382476564976	0.890921607173382	1.25636600372342	1.12920660654951	1	2	2	1	12
71.8079401016618	NaN	1.16856869102217	0.563756736417473	0.549122000533726	1.45138199241689	1	2	2	1	12
12.4688715488778	NaN	-1.11408629714667	-0.431312973936003	0.00742018425715649	0.150462151202059	2	2	2	1	13
25.5413232894157	NaN	-0.590283591463393	-0.664880498086726	0.637797090652953	-0.388267380432252	2	2	2	1	13
35.3858373813426	NaN	0.248568765014577	-0.274582399784799	1.09286602629951	-0.514754072167319	2	2	2	1	13
48.5574566830973	NaN	0.811635658210682	0.494662180042921	1.188898875176	-0.168301838811772	2	2	2	1	13
60.2618208315517	NaN	0.702327998870824	1.16013830511124	0.887123633706478	0.484840254360915	2	2	2	1	13
71.2859417918954	NaN	-0.00236473699438428	1.30424762798219	0.309378098835161	1.13125450636197	2	2	2	1	13
10.7316784807806	NaN	-0.99170144509988	-0.346316472629267	-0.118512704862575	-0.138220720969709	1	1	1	2	14
24.4654364388809	NaN	-1.34861526482957	0.491935720080726	0.732617104882803	-0.612054565274439	1	1	1	2	14
34.2701280464388	NaN	-1.27939588919904	1.26517181344321	1.17250387547114	-0.810614998811639	1	1	1	2	14
49.1069550215035	NaN	-0.814355136817249	1.3374925296605	0.875705223022965	-0.6656045172569	1	1	1	2	14
60.0255213603281	NaN	-0.157138747097086	0.649422255000688	0.0618023385246809	-0.226901406100639	1	1	1	2	14
70.7420368803635	NaN	0.404452013183553	-0.233178991214642	-0.66705324111064	0.35459655961923	1	1	1	2	14
12.220294258443	NaN	-1.11228280797542	-1.01876858858433	0.272382068630655	-0.510438202889709	1	2	1	2	15
24.779336572624	NaN	-0.656819230470233	-1.01725173939524	0.892279350151384	-1.02648112889649	1	2	1	2	15
36.2179002328076	NaN	-0.0750303711843438	-0.43919792346601	1.33126003251715	-1.2092603188578	1	2	1	2	15
49.4992098357312	NaN	0.43478296878299	0.352086032603998	1.41636353235982	-0.984182454249023	1	2	1	2	15
59.5481635442235	NaN	0.698852605127412	0.859278157924117	1.11405864529901	-0.443103204477373	1	2	1	2	15
71.5288903572624	NaN	0.627171279034506	0.763608198845846	0.543455008094309	0.193159640238129	1	2	1	2	15
12.2171501129345	NaN	-0.294446114854468	-1.09290919430191	-0.659751523499986	-1.04755489442987	2	1	2	1	16
22.8913503834916	NaN	-0.952597911042308	-0.584069657031198	-0.130598836247233	-1.25896898854295	2	1	2	1	16
36.6986962804515	NaN	-1.04241017306006	0.326912759555778	0.799423591106955	-1.13457251348198	2	1	2	1	16
47.932557950337	NaN	-0.504770743654438	0.883243415828427	1.32589810489031	-0.716267887486603	2	1	2	1	16
60.03623312837	NaN	0.30645971513817	0.622753063661521	0.993453543462486	-0.144959226862741	2	1	2	1	16
71.3068189922948	NaN	0.857349851724411	-0.238157081503285	0.0896359554071338	0.386910600296596	2	1	2	1	16
