age	diseaseAge	x1	x2	x3	x4	z1	z2	z3	z4	id
11.7529380721108	-37.6083733335058	-0.508334058343593	-0.528105068533409	-0.38606083557673	-0.899487554271707	1	1	1	2	1
23.2313912704426	-26.129920135174	0.273532765901644	0.201414074015698	0.46574497101881	-0.99233868117388	1	1	1	2	1
37.0104381188056	-12.350873286811	1.08795691156799	0.512035338942057	0.744370172688718	-0.718400261579841	1	1	1	2	1
49.3613114056166	0	1.28597271649314	0.214998859870762	0.224899780384919	-0.179395472997366	1	1	1	2	1
59.7364836554971	10.3751722498805	0.709793284689723	-0.509190766672053	-0.673333435936527	0.424523840711082	1	1	1	2	1
72.9390047178135	23.5776933121969	-0.181458617806538	-1.22045440711926	-1.22524749230312	0.869100740194759	1	1	1	2	1
13.3909208197644	-34.5366477691517	-0.507822862132482	-1.29385025772846	-0.17724722136019	-1.27154340379679	1	1	1	2	2
22.1018860324849	-25.8256825564312	-0.245877287566106	-0.889969479083663	-0.556102459949556	-1.12154704909315	1	1	1	2	2
37.9215260818461	-10.00604250707	0.209331009136195	-0.221641576759068	-0.724624756710018	-0.60851849610037	1	1	1	2	2
47.9275685889161	0	0.732966368735753	0.394575987984197	-0.639993490506078	0.0470525300981559	1	1	1	2	2
59.9184813888212	11.9909127999051	1.18142779408502	0.666808123292045	-0.323713016880003	0.563414313158516	1	1	1	2	2
72.4297701368437	24.5022015479277	1.43172987810298	0.466110469177403	0.143851474552092	0.718644570341507	1	1	1	2	2
13.1171320601665	-35.1042185143714	-0.493429411344518	-1.17448621545825	-0.56966531630967	-1.07095703046356	2	2	2	1	3
23.8994206702612	-24.3219299042767	-0.755678199581185	-0.7479832364862	-0.105721993661738	-1.10547036523965	2	2	2	1	3
35.0949831231671	-13.1263674513708	-0.14971853971279	-0.203840710019407	0.403123646403944	-0.573364511964224	2	2	2	1	3
48.2213505745379	0	0.78672518992061	0.294314257573794	0.824158665854713	0.203836689527107	2	2	2	1	3
59.5929975071941	11.3716469326562	1.22265935110071	0.596683310337738	1.04757217107903	0.756511052050864	2	2	2	1	3
72.8241564288556	24.6028058543177	0.771239007864824	0.612342157755465	1.0150952877073	0.750706257429193	2	2	2	1	3
12.7097074021766	-34.4057026609382	-0.0900519939065688	-0.0245394282680226	-0.872020660517632	-1.08315767841877	1	2	1	1	4
24.193712810584	-22.9216972525308	-0.729816126948381	0.894846336590727	-0.212053020628444	-0.932769125191556	1	2	1	1	4
36.4975586815387	-10.6178513815761	-0.841323672875379	1.27794586966887	0.630828599071867	-0.263755271496942	1	2	1	1	4
47.1154100631148	0	-0.35563434223842	0.790642653483998	1.03485628628023	0.503983848643023	1	2	1	1	4
61.3881188884701	14.2727088253553	0.426971173121304	-0.142066569625247	0.701991211205224	0.88858424857616	1	2	1	1	4
73.2357703316108	26.120360268496	1.02264175528288	-0.706728556985728	-0.122222272152913	0.648655230449249	1	2	1	1	4
13.15321918956	-34.0964849313837	-0.580156547834975	-0.762390169411868	-0.640639818974233	-1.04401700461832	2	2	1	1	5
22.5734577850313	-24.6762463359123	0.181133018412436	-0.129236845248322	0.0962773690757074	-1.20695010618159	2	2	1	1	5
36.8049949684409	-10.4447091525027	0.82032076339383	0.739882090460699	0.891489614682297	-0.975632034216419	2	2	1	1	5
47.2497041209437	0	0.952638549308116	1.17473676110004	1.17204373973394	-0.441410365366663	2	2	1	1	5
58.7698606275184	11.5201565065748	0.498435806375228	0.839984579742443	0.73579952510205	0.184750601618857	2	2	1	1	5
71.356398573591	24.1066944526473	-0.268873675865545	-0.00622691592793936	-0.102927561126644	0.655579711325556	2	2	1	1	5
12.956888019999	-35.9558736026426	-0.433332658412185	-1.07932285506263	-1.01726173752485	-0.760423165462418	2	2	2	1	6
22.9592519245178	-25.9535096981238	-0.0895511940489156	-1.46134601075889	-0.353342832764569	-0.0968291339289825	2	2	2	1	6
35.5502502329128	-13.3625113897289	0.38547920548247	-1.41480505022544	0.359853258562913	0.453520227674595	2	2	2	1	6
48.9127616226417	0	0.873892043223038	-0.960396016369706	0.726614185730985	0.646676858187541	2	2	2	1	6
58.2212138291142	9.30845220647249	1.25450031659139	-0.300187554840775	0.543444962705426	0.397022078273722	2	2	2	1	6
70.918781355777	22.0060197331353	1.43286593501527	0.272235876906278	-0.0880241229875157	-0.184782042173581	2	2	2	1	6
12.366368652095	-36.9428112609112	-0.580009643331246	-0.916908991836831	-1.14615552492536	-0.23741549757591	2	1	1	2	7
23.6288702636239	-25.6803096493824	-0.710118653587131	-0.279957211665651	-0.823893167134069	0.618016744177887	2	1	1	2	7
37.3062867256908	-12.0028931873154	-0.218088469256703	0.656028503883562	-0.265985065032683	0.814568114121073	2	1	1	2	7
49.3091799130063	0	0.580222999976059	1.0514416928246	0.323826963122654	0.183572233436198	2	1	1	2	7
61.3427611006279	12.0335811876216	1.17234111336987	0.55158520211954	0.730150141007154	-0.73349519982076	2	1	1	2	7
74.4944028814511	25.1852229684449	1.17815669157204	-0.39515512997611	0.804599774528748	-1.14967226753356	2	1	1	2	7
11.9467023134958	-36.4302746814321	-0.393867281442921	-0.591772525924364	-0.908131801036042	-1.11325102538678	2	1	1	2	8
25.2459197150046	-23.1310572799233	-0.513836041666043	-0.386496155701058	0.0315231488748846	-1.1314187428831	2	1	1	2	8
36.5478509636294	-11.8291260312986	-0.133097512350894	0.476790657847612	0.618224761754883	-0.555764326650673	2	1	1	2	8
48.3769769949279	0	0.553963827830247	1.25147967176627	0.33038882586078	0.244201212960917	2	1	1	2	8
60.4789258988113	12.1019489038834	1.19657165826907	1.2675859002527	-0.576095333741956	0.7549821631569	2	1	1	2	8
71.9140835032797	23.5371065083518	1.46664521357715	0.511179971559104	-1.29535329048895	0.648709615696274	2	1	1	2	8
13.8339150853655	NaN	-0.775618077563059	-0.775267905653653	-0.520139870820662	-0.974367548202881	1	1	1	2	9
22.6332596409775	NaN	-0.649598601063793	0.0698534161919278	-0.451709760514961	-0.767381622492353	1	1	1	2	9
35.7578986876897	NaN	0.168830297230294	0.829705311667856	-0.021737087431237	-0.101282848491954	1	1	1	2	9
49.0456998548593	NaN	0.985456143713377	0.882303822330911	0.598794704069155	0.634892117014983	1	1	1	2	9
60.833096466319	NaN	1.1075958597709	0.184593939612701	1.1631242040447	1.01117844213368	1	1	1	2	9
71.382869460809	NaN	0.431647392021621	-0.692307310548165	1.44683947261905	0.807805156504439	1	1	1	2	9
12.3323410008771	NaN	0.0591958305688685	-0.389261119501115	-0.998717480459172	-0.112531315579494	2	2	1	1	10
23.7450834522338	NaN	0.552790997713042	-0.438198291087002	-0.812571578859335	0.75114870718725	2	2	1	1	10
35.988942890143	NaN	0.962474921336419	0.233987872915674	-0.339390526229568	1.0337310125415	2	2	1	1	10
48.9271114806267	NaN	1.18747799704078	1.10027638454961	0.253910624336156	0.502470878995681	2	2	1	1	10
59.0323505541927	NaN	1.17245641068135	1.48146220850324	0.758044344317799	-0.40506716985214	2	2	1	1	10
72.1126904956679	NaN	0.921105009010927	1.07868032747378	0.995176998641562	-0.941402890489629	2	2	1	1	10
11.4806217327971	NaN	-0.0557219438115331	-0.913958570345023	-0.50036700947991	-0.491408886712462	1	2	2	2	11
25.2470136384776	NaN	-0.472801587260449	-0.508292205283711	-0.292997052161556	0.395083165971996	1	2	2	2	11
36.805515186625	NaN	-0.48535737527032	0.148502082029211	0.445135991613751	0.814577779490466	1	2	2	2	11
48.5377724604565	NaN	-0.0879751151274942	0.756483435464433	1.21038523742932	0.429471630275065	1	2	2	2	11
60.0944450978188	NaN	0.547989629048274	1.03800259530308	1.48060172893174	-0.450307307126273	1	2	2	2	11
71.0975474052814	NaN	1.14830192422463	0.864497088561016	1.07140990508784	-1.11672540438989	1	2	2	2	11
11.1717269778273	NaN	-1.01354750472188	-0.856714461796013	-0.576624812400171	-0.00764342494887921	2	1	2	2	12
24.8599661432061	NaN	-1.31709046262329	-0.609863864392622	-0.967946890594119	-0.46366450213481	2	1	2	2	12
34.8451122119153	NaN	-1.36010089698043	-0.192318967780686	-0.819296879299641	-0.664720149560871	2	1	2	2	12
48.5256447168078	NaN	-1.13065797420944	0.296048398203759	-0.212219817547478	-0.546413417488953	2	1	2	2	12
60.1981804869827	NaN	-0.692354423382343	0.7384265017713	0.520259612967727	-0.146637261309513	2	1	2	2	12
70.9530985134069	NaN	-0.166671084363042	1.02900370196744	0.976324666788403	0.406562350781255	2	1	2	2	12
13.1436224583066	NaN	-0.540370670079767	-0.959825051039963	-0.942462248187247	0.172379651499061	2	1	2	2	13
25.1326941769246	NaN	-0.21029970870016	-0.248905575167392	-0.474052052281189	-0.536802237371558	2	1	2	2	13
36.4708039906193	NaN	0.297757210868668	0.360475290384707	0.160961034079824	-0.659637655200292	2	1	2	2	13
47.6551032771102	NaN	0.833154474736022	0.550931988391455	0.704089336040175	-0.11007283002597	2	1	2	2	13
61.0303815150246	NaN	1.237139694372	0.223268418940335	0.934247690258526	0.726888246799582	2	1	2	2	13
69.9916903514037	NaN	1.38992589498946	-0.451857475700779	0.757748109655075	1.26490281747387	2	1	2	2	13
11.5886182711855	NaN	-0.102258962950115	-0.25336805037729	-0.405489077732049	-0.536883481010497	2	1	2	2	14
24.5548404050196	NaN	0.822855507506799	-0.570471970811005	0.152977790131297	-0.88753481023694	2	1	2	2	14
37.7943583830689	NaN	1.30272777891113	-0.570537256571857	0.756169413184703	-1.03120948415609	2	1	2	2	14
48.0746450547675	NaN	0.925040203552181	-0.253542295199519	1.17617049342312	-0.933134416407022	2	1	2	2	14
60.7203467503398	NaN	0.0143109124439139	0.275573628897273	1.25428407998304	-0.617046377762648	2	1	2	2	14
72.4536714064715	NaN	-0.646939866870454	0.841649856370485	0.960995039234259	-0.159447067274138	2	1	2	2	14
10.7411214342629	NaN	-0.464664336786969	-0.334564174781094	-0.9580967022692	-0.480394612557336	2	1	2	2	15
25.3344131389429	NaN	-0.385936729117487	-0.748686372075002	-1.19113641376407	-0.677845488884811	2	1	2	2	15
34.8117652738675	NaN	0.215226938828368	-0.770698108987263	-0.889112589745832	-0.460954539823633	2	1	2	2	15
48.6725421124696	NaN	0.981315307373895	-0.391363876650085	-0.213834742145974	0.0803998121952537	2	1	2	2	15
62.432086875547	NaN	1.45673648220674	0.23015829571917	0.472916467216974	0.721883286067935	2	1	2	2	15
71.2699313125145	NaN	1.35875802340025	0.833095096258533	0.8032135135307	1.19766864051595	2	1	2	2	15
11.8684474673465	NaN	-0.849479840983795	-0.950767635588124	-0.378315156054714	-0.816745878642087	2	2	1	2	16
25.910796797534	NaN	-1.16513205788769	-0.867729916382726	0.496382606926864	-0.467168826041002	2	2	1	2	16
36.0334836274253	NaN	-1.06564106178398	-0.49890910053713	1.10220496800476	0.39666257347678	2	2	1	2	16
48.2372832171001	NaN	-0.592964556470478	0.0395808033525551	0.971001649935326	1.09000171462453	2	2	1	2	16
58.604245653997	NaN	0.0535586075155309	0.578209718233026	0.204160243662227	1.06324872932803	2	2	1	2	16
72.1199702307848	NaN	0.601274336082298	0.947403802917598	-0.605741227926894	0.33761032050788	2	2	1	2	16
