age	diseaseAge	x1	x2	x3	x4	z1	z2	z3	z4	id
11.1925428539749	-36.2517047452401	-1.22176702811321	-0.115132079023276	-1.07236970410586	-0.486976565690305	2	2	2	1	1
24.8931254395342	-22.5511221596808	-0.939461852269025	-0.503201777150131	-0.725953398157912	-1.06671931832858	2	2	2	1	1
36.3585584318467	-11.0856891673683	-0.481048057854721	-0.167209592605702	0.133154817464868	-1.28553449464294	2	2	2	1	1
47.444247599215	0	0.0323431700288184	0.649426203784912	0.829299118508398	-1.04230022088413	2	2	2	1	1
60.9021475686045	13.4578999693895	0.465053418367684	1.35507258424515	0.814988580118258	-0.449423259402099	2	2	2	1	1
74.2307681344571	26.7865205352421	0.702743402818236	1.43850568808159	0.101477894585455	0.219107947787194	2	2	2	1	1
10.8300688611409	-36.525175552293	-0.910543363573083	-0.740736908772597	-0.418902846674533	-1.07544345185762	2	2	2	2	2
23.5447842880665	-23.8104601253674	-0.77389683406052	-0.97978581868045	0.43658227842727	-0.890861466915981	2	2	2	2	2
36.328759422033	-11.0264849914009	-0.412061124164905	-0.652010312243521	0.596081242035191	-0.248925533942377	2	2	2	2	2
47.3552444134339	0	0.0805771671061016	0.0564221432038469	-0.080832313772189	0.486023395055338	2	2	2	2	2
60.4125409143756	13.0572965009417	0.575510953297635	0.743141408898812	-0.998188966250938	0.896853362332103	2	2	2	2	2
70.4384389702797	23.0831945568458	0.943634356976871	1.0181098403149	-1.34832795881305	0.750391283624496	2	2	2	2	2
10.6715960727135	-36.5987331443659	-0.208065846655902	-0.484003147542954	-0.860223267686924	0.213189186382428	1	1	2	2	3
24.6075664419816	-22.6627627750978	-0.636900362503698	-1.01181252187786	-0.834078686964898	0.774287555200248	1	1	2	2	3
36.8964227287638	-10.3739064883155	-0.399649745599042	-1.18461433430958	-0.502721382681279	1.21701054505166	1	1	2	2	3
47.2703292170794	0	0.344343315463243	-0.928041885218119	0.0267914435304104	1.40068189918219	1	1	2	2	3
59.3831085598387	12.1127793427593	1.09539685486892	-0.352513265616791	0.583381138293756	1.26693961886035	1	1	2	2	3
72.8820267183314	25.611697501252	1.3490869355639	0.294287988226431	0.987220866922729	0.858280623823232	1	1	2	2	3
11.935952050694	-35.701260963209	-1.37919209924012	-0.672707174850169	-1.26491499022213	-1.03330747691841	1	2	1	2	4
23.4620262962917	-24.1751867176113	-1.45053190310549	-0.381741363636598	-0.575191932495115	-0.277350215191266	1	2	1	2	4
37.3191876068818	-10.3180254070211	-1.05372910757593	0.157259020872354	0.161011656665885	0.426003750380797	1	2	1	2	4
47.637213013903	0	-0.380616390249837	0.750202725228727	0.500536345702372	0.628215312082366	1	2	1	2	4
60.9931268332795	13.3559138193765	0.243392677333102	1.18357378523251	0.239004472770888	0.200331200443218	1	2	1	2	4
71.2200674605085	23.5828544466055	0.516623480909231	1.30131752140358	-0.466154254029981	-0.584780630370593	1	2	1	2	4
12.4271573113479	-34.629668950421	-0.613739428166898	-0.80581224451502	-1.41192245356405	-0.862170531398954	2	2	1	2	5
23.2859079098507	-23.7709183519182	-1.08328643502341	-0.977196303606396	-1.10640801182629	-0.625395425187779	2	2	1	2	5
36.9121780728436	-10.1446481889253	-1.26651848384357	-0.711345441474533	-0.29899900712511	0.240952819710345	2	2	1	2	5
47.0568262617689	0	-1.09919648290373	-0.124832483585038	0.424551795871042	0.998884937815492	2	2	1	2	5
59.881399698541	12.824573436772	-0.639981640409379	0.525162765847436	0.539328424259513	1.00276475404678	2	2	1	2	5
73.4804411272705	26.4236148655015	-0.0498695058716628	0.953624181022318	-0.0379363718992169	0.249287289433469	2	2	1	2	5
10.6119010998038	-37.7516937334047	-0.378435255581971	-0.835925509861289	-1.08859072942408	-0.797733219150717	1	1	2	1	6
24.4121660297496	-23.9514288034589	0.107112041645487	-0.181686154360454	-0.463294293653498	-1.23445408100889	1	1	2	1	6
35.1274558668485	-13.23613896636	0.617029092288898	0.49099007314339	0.203809137508747	-1.21296080770425	1	1	2	1	6
48.3635948332085	0	1.01479760798861	0.842832214328586	0.59391794806568	-0.743642894972882	1	1	2	1	6
61.5572563398839	13.1936615066754	1.19392443096892	0.696385179306196	0.520603297434765	-0.0533609230563203	1	1	2	1	6
71.6025357767379	23.2389409435294	1.10645257049631	0.125510989482541	0.0189014753509646	0.524214126326674	1	1	2	1	6
10.4225150045373	-37.8174630553758	-0.931094200265165	-0.195955922947287	-0.848090409902227	-1.12140111379949	1	1	2	1	7
23.3845756002667	-24.8554024596465	-1.33083653121992	0.355390671666967	-0.925952256408729	-0.717243062655114	1	1	2	1	7
36.417668890634	-11.8223091692792	-1.25087187496015	0.874685479443945	-0.764135024005888	-0.122661538183504	1	1	2	1	7
48.2399780599131	0	-0.730743878241594	1.19872866731388	-0.401574911044091	0.440950758742028	1	1	2	1	7
60.7539946279018	12.5140165679886	-0.0276631480003985	1.22568252502861	0.0744894598491588	0.763732533200416	1	1	2	1	7
70.2081713270013	21.9681932670882	0.51068700993998	0.947076209025375	0.549508256759136	0.725495844768304	1	1	2	1	7
12.0115243478498	-34.4509276775623	0.0831651800271788	-0.421018801268234	-0.631235620652182	-0.468726256182537	1	2	1	2	8
22.8544110259274	-23.6080409994846	0.949291261063687	0.331268133235356	-0.838792274928459	-0.561381041182478	1	2	1	2	8
35.3096527214869	-11.1527993039252	1.15454603119712	1.01656948727071	-0.713995479040324	-0.149860467222606	1	2	1	2	8
46.4624520254121	0	0.520534925847724	1.21109117108743	-0.298438598863175	0.552259936671721	1	2	1	2	8
59.2770027899616	12.8145507645495	-0.401699392229309	0.794539915973287	0.269377939880999	1.1805859064221	1	2	1	2	8
72.0104619121906	25.5480098867786	-0.810608732427247	0.0245132867893387	0.800207282911913	1.40902183495229	1	2	1	2	8
11.0307730774526	NaN	-0.655243196129638	-0.989293158831715	-0.652349533193762	-0.79187791307794	2	2	2	1	9
23.4129349653483	NaN	-0.0262244125878396	-0.435893048106039	-0.822039209442455	-0.737611122805256	2	2	2	1	9
36.7514056757961	NaN	0.52430217446189	0.263081326220999	-0.462672362721618	-0.357944285710951	2	2	2	1	9
47.5340303121421	NaN	0.775012712736383	0.765061064183297	0.233751204225194	0.213391740040393	2	2	2	1	9
61.0888939058913	NaN	0.625116026215861	0.824024776506637	0.895151571672882	0.775154049988595	2	2	2	1	9
70.2476276345297	NaN	0.134873894958927	0.4110742162589	1.16816075021669	1.12947190996882	2	2	2	1	9
10.1571040720211	NaN	-0.428546183205623	-0.537905035015477	0.179328771714054	-0.97930254444042	1	2	1	2	10
24.974986171907	NaN	-0.878841489351537	-0.405044078444694	0.919059454111084	-1.06860807813725	1	2	1	2	10
37.6622852327996	NaN	-1.11032425678354	0.0224266399489396	1.37597752478155	-0.390864999135396	1	2	1	2	10
49.9323581705341	NaN	-1.05580589446635	0.598903627606177	1.29457273956095	0.495815110631178	1	2	1	2	10
61.2437604501697	NaN	-0.73111052611459	1.12802942851611	0.720366949921163	0.86126405902096	1	2	1	2	10
71.0469527941599	NaN	-0.230481989216665	1.42957517248802	-0.0255418816601146	0.40453994486056	1	2	1	2	10
12.6988226269332	NaN	-1.36883911977004	-0.954835799330534	-0.914046304959978	-1.17602088038545	2	1	2	2	11
23.8248121892215	NaN	-1.34347849928649	-1.05620982077943	-0.104725223421678	-0.955362776651634	2	1	2	2	11
36.332583108145	NaN	-1.06944024605801	-0.768674317295851	0.515352402116311	-0.462277932464036	2	1	2	2	11
49.8764497528907	NaN	-0.618235557251973	-0.205444726794152	0.532796536057605	0.130144992785434	2	1	2	2	11
60.5245449794324	NaN	-0.107607802941389	0.411710563996271	-0.0640223835331772	0.613946474213365	2	1	2	2	11
74.1162003623303	NaN	0.329192999449409	0.839790236415672	-0.877220310767153	0.819296611713723	2	1	2	2	11
12.8571296559883	NaN	-0.467329056520243	-0.183065948977412	-0.503127095561446	-0.756025771250317	1	1	2	1	12
24.9813045626828	NaN	-0.872462344160932	0.486005679513937	0.0400136508474012	-0.55984396573242	1	1	2	1	12
36.3755563115372	NaN	-1.09158834692063	1.02489647783375	0.472588723083899	-0.0291604298225221	1	1	2	1	12
47.8549063000448	NaN	-1.07102108673638	1.19183203781808	0.665615107487726	0.61513347837482	1	1	2	1	12
58.2154690029801	NaN	-0.815799552432701	0.911916394750948	0.561537187995203	1.10485729579665	1	1	2	1	12
72.0311358203231	NaN	-0.388453144990115	0.310734248073114	0.191388384174953	1.23616871001664	1	1	2	1	12
12.104804231605	NaN	-0.626282944759204	-1.16717674966597	-1.0042376395709	-0.853036535089319	2	2	2	2	13
26.0114621270405	NaN	-0.21638752343935	-0.827222729202313	-0.693983951075187	-0.622054008423715	2	2	2	2	13
33.2520067741319	NaN	0.3563785793842	-0.0889267224885568	-0.229730974216381	-0.0563253263195342	2	2	2	2	13
47.7505800137041	NaN	0.89635760524924	0.601193678838468	0.270775175917065	0.597819811343128	2	2	2	2	13
59.0727339178268	NaN	1.21909191028241	0.825757239152682	0.680593676770091	1.05555339330075	2	2	2	2	13
72.9848115637977	NaN	1.21433497257824	0.448949083107252	0.89578435181801	1.11756896853642	2	2	2	2	13
12.3371326958019	NaN	-0.529435801764028	-0.705640999653341	-0.255882567050033	-0.901832781704462	1	2	1	2	14
25.2467212651644	NaN	-0.760136330407159	0.000969890581819899	-0.786959717309884	-0.900947912806902	1	2	1	2	14
36.0757201186818	NaN	-0.5219858203423	0.470965319198801	-0.811224460702775	-0.646408588212227	1	2	1	2	14
46.7280035441084	NaN	0.0733567427857762	0.466158038911513	-0.315245641563985	-0.205039681677747	1	2	1	2	14
59.870176286483	NaN	0.746759701052278	-0.0110156864594991	0.426439786700696	0.307285074882871	1	2	1	2	14
72.3291740001907	NaN	1.18249208571081	-0.71873074713004	1.0032899823755	0.756063724907803	1	2	1	2	14
11.8613748158737	NaN	-0.772759257455549	-0.162802982451406	-0.266606539993105	-0.887075015823791	2	1	2	2	15
24.0428938173878	NaN	-0.0307706354162	0.313498136020435	0.508031838055741	-0.717060981191464	2	1	2	2	15
35.3882147773453	NaN	0.826639668154865	0.804141130716562	1.23997598419538	-0.260532202165379	2	1	2	2	15
48.4241361904576	NaN	1.0956423594373	1.18638616627181	1.42567334919961	0.324913595737191	2	1	2	2	15
59.7945941434543	NaN	0.555419035091978	1.36461036976151	0.937370494468446	0.83717540508377	2	1	2	2	15
72.8221113419042	NaN	-0.350572838490015	1.29422896237321	0.111003090218175	1.09941597106951	2	1	2	2	15
12.5841042529308	NaN	-1.00737293751234	-0.607725671179404	-1.13284097999765	-0.60165081595965	2	2	2	1	16
24.1503429751292	NaN	-1.18840403563322	-0.914354081436099	-1.37988234295726	0.322786618590925	2	2	2	1	16
36.3389590818841	NaN	-0.578461809395779	-0.974324928021583	-0.854227808162362	0.865869910303774	2	2	2	1	16
47.7354990669239	NaN	0.322037999495689	-0.771727602302677	0.0315563353558501	0.563335003576883	2	2	2	1	16
58.6633324004453	NaN	0.77429709115828	-0.360312333652032	0.582251740215334	-0.326190953781142	2	2	2	1	16
71.6647013318598	NaN	0.407267915411808	0.15077005385648	0.365638489093283	-1.04228145845475	2	2	2	1	16
