age	diseaseAge	x1	x2	x3	x4	z1	z2	z3	z4	id
10.7670738082552	-37.4134939374065	-1.22819926118459	-1.27335077924916	-0.90205665229474	-0.385128225429707	2	2	1	1	1
23.5795629442238	-24.601004801438	-0.791026177022244	-1.15347461706788	-1.09155036112277	0.149577014595488	2	2	1	1	1
33.6820207534241	-14.4985469922376	-0.266511523204403	-0.808335169959081	-0.85398103756592	0.693361759393198	2	2	1	1	1
48.1805677456617	0	0.200585545362364	-0.326282890093323	-0.290882632937246	1.07439684903492	2	2	1	1	1
59.2756064216433	11.0950386759816	0.481352373115641	0.169284166315424	0.357084126268605	1.17227997363098	2	2	1	1	1
69.6678060223503	21.4872382766885	0.49830100349306	0.551508365689433	0.812986913955462	0.95608129332943	2	2	1	1	1
13.2523099575346	-34.4153060902772	-0.609313986638552	-0.684342866563238	-1.10261124758778	-0.0688140110984557	2	1	1	1	2
21.975937546765	-25.6916785010467	-0.0638585363312821	-1.06697240818114	-0.672102014584801	-0.804817880771674	2	1	1	1	2
36.1039226673815	-11.5636933804303	0.796455949440071	-1.12792553284728	-0.116495219964156	-0.864551411230713	2	1	1	1	2
47.6676160478118	0	1.33485769380892	-0.845883521755889	0.389925101416889	-0.201317027374157	2	1	1	1	2
59.9197565890086	12.2521405411969	1.15284238108606	-0.319492250057829	0.688303842316049	0.66639193527983	2	1	1	1	2
71.5937681206917	23.9261520728799	0.385130762829627	0.267139796183073	0.685044863551761	1.06023110066106	2	1	1	1	2
12.0557636304413	-36.3738537299843	-0.253797264563624	-1.15454272589906	-0.478832130806554	-0.498310837371125	1	1	1	2	3
22.9882483726245	-25.441368987801	-0.891671029618621	-0.563657500386515	-0.614281606202072	0.0581927100522223	1	1	1	2	3
37.3475718768585	-11.082045483567	-1.18167641483771	0.307907373441399	-0.316251492507493	0.950749217477737	1	1	1	2	3
48.4296173604255	0	-0.981254911783707	0.794235373523294	0.284957962400199	1.46775177470617	1	1	1	2	3
58.5548686498592	10.1252512894337	-0.388928106573134	0.523749053222021	0.926494994887685	1.19701068926011	1	1	1	2	3
71.7041169948713	23.2744996344458	0.304132766872313	-0.296887327475538	1.32787642384579	0.354379216004022	1	1	1	2	3
12.3649186853796	-36.792069762148	-0.572698142175687	-0.603863514837789	-0.661154742211634	-0.489014314668816	1	1	1	2	4
24.4524590354473	-24.7045294120802	0.206720855859561	-1.26350249925089	-0.630570423705777	-0.861669966425426	1	1	1	2	4
34.5917834964483	-14.5652049510793	0.696024142160882	-1.30901461585503	-0.243175469019103	-0.896289296383076	1	1	1	2	4
49.1569884475276	0	0.595472384562474	-0.708818354247425	0.353134727607105	-0.580353997756018	1	1	1	2	4
60.7685216686081	11.6115332210805	-0.0333380256698884	0.120601492202625	0.930707403654402	-0.0281058827774455	1	1	1	2	4
71.2623526348461	22.1053641873185	-0.805207933536291	0.603698597298585	1.26904320157154	0.560762814947583	1	1	1	2	4
11.3016793746468	-35.9034106404503	-0.486590456271564	-1.3631041561261	-0.90945214543908	-1.1272312998309	2	1	2	2	5
26.6360808967572	-20.5690091183398	0.140535602160204	-1.18454838806218	-1.43696943868544	-0.901064312107154	2	1	2	2	5
38.0862547140804	-9.11883530101669	0.662555639216787	-0.773115968109488	-1.21689243783316	-0.286562102300701	2	1	2	2	5
47.2050900150971	0	0.87366228468218	-0.245810740690478	-0.416993245007076	0.407618226153409	2	1	2	2	5
59.9872507386702	12.7821607235731	0.690626351065165	0.247411345659813	0.352938072913124	0.832798204694873	2	1	2	2	5
72.6219594790368	25.4168694639397	0.185610095518075	0.566286963458153	0.505956968341933	0.775415020170391	2	1	2	2	5
13.4498720788481	-35.3992012726734	-0.361144958513573	-0.558435038168015	-0.349518782423103	-0.00425708019831801	2	2	1	2	6
25.5129346627455	-23.3361386887761	0.0370446049278675	-0.95155202392919	-0.946345103636354	0.637663522766957	2	2	1	2	6
36.0309766468186	-12.8180967047029	0.545058413626265	-0.615128627138896	-0.918176825320306	1.01063105630963	2	2	1	2	6
48.8490733515215	0	1.0280984261249	0.205235301902883	-0.28404215473949	0.946550826150421	2	2	1	2	6
58.0802054040269	9.23113205250534	1.35799322953074	0.910647830927359	0.527688888112258	0.474303487384552	2	2	1	2	6
72.7601446176639	23.9110712661424	1.44720746038626	0.986135229863856	0.968676559032756	-0.193271329471014	2	2	1	2	6
11.4460269492752	-34.660154690525	-0.348749751595173	-0.811424844710215	-0.571313383614352	0.148212301552616	1	2	1	2	7
24.2793087561651	-21.8268728836351	0.28418447374467	-0.335871877090678	0.0570134879897438	0.816792579984138	1	2	1	2	7
35.3040781400965	-10.8021034997037	0.885949776840056	0.466514454039092	0.543884641344733	1.27204594634966	1	2	1	2	7
46.1061816398002	0	1.19827265006389	1.07284908006984	0.696683505669583	1.30630496070447	1	2	1	2	7
59.0499248155381	12.9437431757379	1.08710627555419	1.08800647327	0.454959604359386	0.903942101471088	1	2	1	2	7
74.1188856168145	28.0127039770143	0.60016249267278	0.502109129155846	-0.0856559523314457	0.248498383563722	1	2	1	2	7
14.3971354191957	-34.7372085284529	-0.502704780935665	-0.659649225723453	-1.08559977741267	-0.305035261362725	1	1	1	2	8
24.3659443880588	-24.7683995595898	0.141892859314199	-0.105548639932066	-0.608659065636021	0.512660585669386	1	1	1	2	8
36.25260549315	-12.8817384544986	0.956600350057464	0.483697270649829	0.0247255992370246	0.877632034948122	1	1	1	2	8
49.1343439476486	0	1.38367254235857	0.894301494196022	0.559019539744185	0.529658470622462	1	1	1	2	8
59.7899788932217	10.655634945573	1.13073770009427	0.977290828824676	0.778665548189382	-0.283158795855302	1	1	1	2	8
71.0077090306437	21.873365082995	0.370953898859275	0.702555533347797	0.59504895636752	-0.981290022980234	1	1	1	2	8
12.5596970153683	NaN	-0.647238055268427	-0.0110817105165119	-0.38073398118491	-0.489816149766038	2	1	1	2	9
24.1925305986304	NaN	-1.01670532129885	-0.512674521114237	0.511873980118885	0.322816485128416	2	1	1	2	9
35.2139191449436	NaN	-1.05005224049151	-0.365024474049972	1.15515762844926	1.16644896703203	2	1	1	2	9
48.9317046128605	NaN	-0.735302557921198	0.333191595700364	1.02340500838455	1.29830084594137	2	1	1	2	9
60.2542106017999	NaN	-0.185495874467175	1.11534497204634	0.224288571581058	0.602282473756231	2	1	1	2	9
70.6378052469957	NaN	0.401909539060361	1.45871032453171	-0.589128191707832	-0.308793282792849	2	1	1	2	9
11.18020980022	NaN	-0.965893168778088	-0.411123213838503	0.00186131762988151	-0.33302396882713	2	2	2	1	10
23.3288405257452	NaN	-0.940620432865163	0.413428815232468	-0.42184188173977	-0.503965080793759	2	2	2	1	10
33.8996970230267	NaN	-0.512050202511917	1.22257330651684	-0.625261876290327	0.152838779260374	2	2	2	1	10
46.3972088273957	NaN	0.134159399365284	1.33122538987897	-0.551565807521734	1.06842062259043	2	2	2	1	10
58.8880569343023	NaN	0.718068112809129	0.647391732580534	-0.221343383233312	1.44964283836383	2	2	2	1	10
72.3172767412279	NaN	0.986724640658497	-0.249940726270673	0.273145614764426	0.96626550360974	2	2	2	1	10
11.6198174338427	NaN	-0.906442963946607	-0.554252873419906	-0.767107558808669	-0.504914268372027	1	2	2	1	11
24.3882300703381	NaN	-0.213028081587518	-0.934148750078454	-0.615312324369238	0.0702957661210191	1	2	2	1	11
36.0499559345203	NaN	0.488775449802739	-0.941700821950537	0.23031575532168	0.554754099339854	1	2	2	1	11
47.2777640133281	NaN	0.800910506197305	-0.5739355491757	1.03342837091595	0.788138397080529	1	2	2	1	11
60.6678307925122	NaN	0.546336680560539	0.0243437988373278	1.09469844126324	0.693214534518043	1	2	2	1	11
71.5527227371219	NaN	-0.130553871250573	0.617571735009368	0.360773773127075	0.301395770903318	1	2	2	1	11
11.6794307176097	NaN	-0.483610880560726	-0.410616995054689	-1.42838087569044	-1.3982850279883	2	2	2	2	12
23.3705675273362	NaN	-0.631777233756844	0.222554183546123	-1.17719186152111	-1.13499856186188	2	2	2	2	12
36.4783722789864	NaN	-0.211483936374892	0.8517204487424	-0.567375235973877	-0.555722006196498	2	2	2	2	12
48.0987075386169	NaN	0.533756440450712	1.19454357809856	0.10894642734211	0.0900403346404956	2	2	2	2	12
58.2481749841624	NaN	1.17216113595644	1.09718176809383	0.527792415867226	0.524147593283791	2	2	2	2	12
72.6612556346841	NaN	1.33384661929549	0.603326109446922	0.488521482728229	0.559622360533391	2	2	2	2	12
12.716866098386	NaN	-0.366052835411937	-0.172780179031826	-0.931121522851254	-0.578526625193877	1	1	2	1	13
23.4430017411329	NaN	0.417252241440477	0.367346092876392	-0.94898039396284	-0.858505086299286	1	1	2	1	13
35.659190208786	NaN	0.741136770586135	0.890705372510529	-0.267582313034272	-0.837977012027783	1	1	2	1	13
47.4072607370635	NaN	0.385448197857309	1.23652895996563	0.587889732275468	-0.52330129238627	1	1	2	1	13
61.2307652235681	NaN	-0.408042905051579	1.29858465354939	0.958086417116125	-0.0119536215181984	1	1	2	1	13
71.9292138841393	NaN	-1.09998044887145	1.05780980630516	0.557681136662042	0.537668113306049	1	1	2	1	13
10.5400986149936	NaN	-0.984179530239147	-1.06572388111367	-1.12723919553901	-0.192221508961726	1	2	1	1	14
24.3962354033453	NaN	-0.699830479121987	-1.26659026502713	-1.3895092233555	-0.761847630272123	1	2	1	1	14
34.9762345821631	NaN	0.118950494053798	-0.763852780656492	-0.980187652222333	-1.08612185703508	1	2	1	1	14
47.3565125419543	NaN	0.854983215560443	0.0817131425714639	-0.175505585532695	-1.04202344413542	1	2	1	1	14
60.9087507828881	NaN	0.953461433407446	0.663310879091573	0.481496416825443	-0.646282119579813	1	2	1	1	14
72.0884693325317	NaN	0.340154302484335	0.563573155386598	0.547439845528727	-0.0490312846739331	1	2	1	1	14
14.0126292287595	NaN	-0.840132184472727	-0.654386983116423	-0.642435047926845	-1.10328953216317	2	1	2	1	15
24.1481138271335	NaN	-0.436618433448161	-1.19924626697999	-0.152740301554159	-1.12023686181599	2	1	2	1	15
36.3535655176446	NaN	0.123862998229905	-1.44046643067693	0.345754352997076	-0.753304408369203	2	1	2	1	15
48.7671966194062	NaN	0.657381344617976	-1.2812218031591	0.722691471125504	-0.149733105003805	2	1	2	1	15
59.1436355427706	NaN	0.988854198789088	-0.78543311013995	0.879501170394063	0.4482787877721	2	1	2	1	15
70.8546078812838	NaN	1.00950354864276	-0.152109721996889	0.775177370800231	0.800763863645619	2	1	2	1	15
12.0552403464014	NaN	-0.138161573416175	-1.29904252299326	-0.428315377722133	-0.474592334753899	1	1	2	2	16
23.9749342312513	NaN	0.606106232932094	-0.493708203211095	-0.725241468017726	-1.30709157075739	1	1	2	2	16
36.2520061427584	NaN	0.859805325829699	0.361822122717461	-0.251567116549123	-1.39301674870531	1	1	2	2	16
49.2017042413561	NaN	0.455005173885268	0.506365555460825	0.625392277655104	-0.655495674045282	1	1	2	2	16
61.4531162557261	NaN	-0.340345670752561	-0.188681165298536	1.22558999301237	0.24565499771203	1	1	2	2	16
71.9043477090907	NaN	-0.99978221975009	-1.10492069928598	1.08359685306639	0.504228850534113	1	1	2	2	16
