age	diseaseAge	x1	x2	x3	x4	z1	z2	z3	z4	id
12.8202930490191	-34.9090499850071	-0.702013509122595	-1.15812468641526	-0.605509371149433	-0.513862573601494	1	1	1	2	1
23.3878948562105	-24.3414481778156	-1.19005020256068	-0.706214951450727	-0.302073048324813	0.236623895632425	1	1	1	2	1
36.6694517102282	-11.0598913237979	-0.883689680851757	-0.0809326806013541	0.147548763285268	0.945590399145555	1	1	1	2	1
47.7293430340261	0	-0.0278887741074124	0.46905232448475	0.635492079874176	1.16223308676224	1	1	1	2	1
59.1512562740855	11.4219132400594	0.693079373882965	0.725015387769006	1.04469961320532	0.748797414077266	1	1	1	2	1
71.3844159187283	23.6550728847021	0.702749913281629	0.58516202835293	1.2770027388725	-0.0318291734196363	1	1	1	2	1
11.0855295479115	-37.0107556288832	-1.1989712676279	-0.612239393369654	-0.90992828619525	-0.612914760050216	1	1	2	1	2
23.3406123445806	-24.7556728322141	-0.900471053272525	-0.217590100464766	-0.144484788580557	-0.0761575208294456	1	1	2	1	2
34.9753716696969	-13.1209135070978	-0.0138116441368644	0.660907337880795	0.709488565618071	0.472782787267504	1	1	2	1	2
48.0962851767946	0	0.705432513330916	1.32105984990255	0.935522391070142	0.857780969801747	1	1	2	1	2
59.2395832351968	11.1432980584022	0.644351320235502	1.23519996610555	0.343978082321138	0.955311975401969	1	1	2	1	2
69.5491339157067	21.4528487389121	-0.145004359037141	0.471956475730553	-0.568848562637833	0.734083390172186	1	1	2	1	2
12.908287043871	-35.3625157116826	-1.01312374381077	-0.681476644497489	-0.557824120266377	0.284721233512911	1	2	1	2	3
25.2364905518357	-23.034312203718	-1.33785919234719	-0.841238885667342	-0.308509869124094	1.07597360074662	1	2	1	2	3
34.853633599775	-13.4171691557787	-1.03290916583402	-0.395641516161679	0.565775537522296	1.31404028783861	1	2	1	2	3
48.2708027555536	0	-0.290313977717675	0.380133511273871	1.31549436971537	0.822991285921683	1	2	1	2	3
59.1737271898629	10.9029244343093	0.422281839157399	1.00700058808233	1.29790165274048	-0.0342908181259162	1	2	1	2	3
72.981288776221	24.7104860206674	0.656125662605811	1.09783331246409	0.528079881449869	-0.624279133124707	1	2	1	2	3
11.1723082477346	-35.7393904379605	-0.638063431570759	-0.231474686968143	-0.751152680621447	-1.382517111301	1	1	1	1	4
24.5383550586225	-22.3733436270726	-0.320607495089166	-1.01983805545119	-0.947083049065233	-1.12299006251572	1	1	1	1	4
35.108611272358	-11.8030874133371	0.269079540248348	-1.10682899206962	-0.756123212590911	-0.393110228171611	1	1	1	1	4
46.9116986856951	0	0.889235442255203	-0.420011172405767	-0.25215431435156	0.34149316426722	1	1	1	1	4
58.8197362031861	11.908037517491	1.28560623180661	0.468710325437651	0.369841292279641	0.612177478001264	1	1	1	1	4
70.268434259797	23.3567355741019	1.29568623875391	0.819307617669785	0.869217473002696	0.246258769784029	1	1	1	1	4
10.0317117695564	-38.1369828405714	-0.71780391639798	-0.550430300400838	-0.591923586596545	-0.772523225712471	2	1	1	2	5
22.448380249051	-25.7203143610768	-0.97475548924392	-0.998042523916385	-1.06942133362723	-0.288184338313925	2	1	1	2	5
35.2661384423975	-12.9025561677303	-0.989058130819699	-1.23468653026256	-1.28397101227592	0.237674327627492	2	1	1	2	5
48.1686946101278	0	-0.75709806496182	-1.19335564042457	-1.16341708693677	0.657543662862849	2	1	1	2	5
59.5966706380438	11.4279760279159	-0.337483469218411	-0.885752858047126	-0.748303235451753	0.853645725042123	2	1	1	2	5
72.8550162757059	24.6863216655781	0.163763757174719	-0.39897711802856	-0.17823704185437	0.770971740159171	2	1	1	2	5
11.8543808830699	-35.3676006147641	-0.788478894881677	-0.523821660091022	-0.168907999688637	-0.581073322461537	1	1	2	1	6
23.0221409017507	-24.1998405960833	-0.99648134330071	-0.162763566442819	-0.67743328857643	-0.829935355255938	1	1	2	1	6
36.4850811173657	-10.7369003804684	-0.916853961588272	0.624904743867409	-0.973047545149766	-0.777592901502815	1	1	2	1	6
47.221981497834	0	-0.572677492125078	1.31272769585082	-0.961708978269907	-0.440087767562204	1	1	2	1	6
60.8737146521554	13.6517331543213	-0.0637147081474882	1.44098357297125	-0.647024650568707	0.0791421750872402	1	1	2	1	6
72.25367353732	25.0316920394859	0.462506760454812	0.923949716780577	-0.129102987679447	0.620964413560265	1	1	2	1	6
12.5850793752708	-36.4704859628125	-0.433818156363559	-0.972566751704781	-0.501326393242884	-1.26389540565675	1	2	2	2	7
23.7909884022996	-25.2645769357837	-0.589862292413499	-0.414252815008502	-0.332367129458991	-0.875449961802309	1	2	2	2	7
35.7363597112575	-13.3192056268258	-0.0641309499061026	0.172198394588997	0.472134378843975	-0.388441379957005	1	2	2	2	7
49.0555653380833	0	0.773883754359385	0.574227136803899	1.26804050497489	0.0783589062881414	1	2	2	2	7
59.6962802651082	10.6407149270249	1.33521212816114	0.646117751691567	1.4180956591508	0.411107853371229	1	2	2	2	7
70.6682970497476	21.6127317116643	1.22534391067603	0.361813424670862	0.802155665274953	0.528654797948272	1	2	2	2	7
11.7722526185543	-38.2628136344939	-0.617168152829878	-0.270883955159436	-0.502441864110439	-0.335644307243243	2	1	2	1	8
24.5670828873998	-25.4679833656485	-0.939646212855232	0.553133029201445	-0.688938450334801	0.587754383028198	2	1	2	1	8
35.3897663486562	-14.6452999043921	-0.920949362204603	0.908522222474297	-0.460194055218182	1.14577297757417	2	1	2	1	8
50.0350662530482	0	-0.56769750429081	0.53689582665681	0.0887503063634674	0.861916080924442	2	1	2	1	8
59.4410772110873	9.40601095803905	-0.00496481462533497	-0.291553006876567	0.72981372686025	-0.0214292152576405	2	1	2	1	8
71.241237738707	21.2061714856587	0.568004667117322	-0.974495693277933	1.19664074845734	-0.749969110810251	2	1	2	1	8
11.4889346331926	NaN	-0.501827345452433	-0.855778897064389	-0.97433371330308	-0.561100880028417	2	2	1	2	9
23.6788048703238	NaN	0.250888175805846	-1.23581663016308	-1.11820292045955	-0.533978816280766	2	2	1	2	9
35.6740196390733	NaN	1.10040449761936	-1.22481105954753	-0.745920308109934	0.0313147183354785	2	2	1	2	9
45.9337287821614	NaN	1.35156396663576	-0.827279673504799	-0.0524541676721708	0.800057493005308	2	2	1	2	9
59.6601765255559	NaN	0.798843248440523	-0.206398325692855	0.599020042016133	1.3170606886401	2	2	1	2	9
70.1393012132447	NaN	-0.105467303557246	0.382978027760043	0.86731847472557	1.27619580317084	2	2	1	2	9
12.0962111801513	NaN	-0.671873814829279	-1.0410705667867	-0.293164317826787	-0.84560643672548	1	1	2	2	10
23.5001343107302	NaN	-0.198379587462827	-1.44899046780936	-0.833800429487725	-0.667301273837738	1	1	2	2	10
34.7067455370464	NaN	0.340151258795616	-1.28497146087494	-0.981970022975853	-0.18902818562311	1	1	2	2	10
47.5959124406963	NaN	0.78718677531213	-0.644260018120965	-0.668733240310524	0.414608730290781	1	1	2	2	10
61.6029228510579	NaN	1.0127894831195	0.101080245868771	-0.0398318548400801	0.923238556963344	1	1	2	2	10
73.1194946282498	NaN	0.951384621337218	0.518227355068871	0.612120978620831	1.15117480251151	1	1	2	2	10
11.4957427332481	NaN	-0.624723365252663	-0.494329936407543	-0.628755642597839	-0.395002574182525	1	2	2	1	11
23.8350381340311	NaN	-0.711853142586669	0.284933642263311	-1.08422658434783	-0.905234343842329	1	2	2	1	11
38.1564108491067	NaN	-0.554233105658834	0.997528210405759	-1.39014396000762	-1.21999992861417	1	2	2	1	11
46.4602247083168	NaN	-0.190545168564985	1.16161456982015	-1.47140284743183	-1.2422586849801	1	2	2	1	11
58.9489699189767	NaN	0.289957133328725	0.666241496079079	-1.30805360368026	-0.965148350525948	1	2	2	1	11
71.4504693411689	NaN	0.769352569149796	-0.153631729155669	-0.94019964624598	-0.474100644861058	1	2	2	1	11
11.3711762828221	NaN	-0.63126419275274	-1.33347063112421	-1.07545192585797	-0.749642312529468	2	2	2	1	12
25.1858836425495	NaN	-0.0663528032955407	-1.20206047177829	-0.781935268702633	-0.506906376881262	2	2	2	1	12
37.308153303149	NaN	0.550313731856027	-0.592122044748028	-0.303863994189552	0.107636218332775	2	2	2	1	12
48.4323016139601	NaN	0.975791792101742	0.151623503584437	0.224322532197633	0.792249652172376	2	2	2	1	12
59.2132869743404	NaN	1.04245888692224	0.608830763460124	0.654091936208192	1.21079384566648	2	2	2	1	12
73.0085750679116	NaN	0.724050666839555	0.521098224539753	0.864587916575523	1.15776672815758	2	2	2	1	12
12.7344654672255	NaN	-1.381325949808	0.136449504430866	-0.802138385623585	-0.934666341706716	2	1	2	1	13
22.3522096118839	NaN	-1.0041217079163	0.946610771051699	-0.283524172162074	-0.806040961303615	2	1	2	1	13
35.9083900181599	NaN	-0.377397248756271	1.37739740303513	0.255503235171076	-0.0383452648147742	2	1	2	1	13
49.0020220615886	NaN	0.230794559436712	1.13752812820532	0.65106559825196	0.77293169290884	2	1	2	1	13
60.1328246841855	NaN	0.560327346547979	0.389193280107739	0.782901753644489	0.998495582112931	2	1	2	1	13
72.0442417958918	NaN	0.470258458318979	-0.361612037454662	0.610930108886326	0.463380165778084	2	1	2	1	13
12.051664334705	NaN	-0.8005578659383	-0.34098278602562	-0.648204599581579	0.119731669049188	2	2	2	1	14
24.7075486877514	NaN	-0.311406982696778	0.544010744558035	-0.302463184652215	-0.381998787226015	2	2	2	1	14
36.0845406456634	NaN	0.534452062483209	1.2963571578619	0.472652595623701	-0.68423048005862	2	2	2	1	14
46.0994359863948	NaN	1.12792823577806	1.25474483811723	1.16823424861177	-0.694691208620005	2	2	2	1	14
60.4578256078274	NaN	1.04166780963506	0.455750965622381	1.32759205190654	-0.410187282541091	2	2	2	1	14
71.8903940683543	NaN	0.337785686574806	-0.398309781881928	0.846098359512453	0.0824214352774268	2	2	2	1	14
12.7370469529236	NaN	-0.799552276297896	0.0148286375788258	-0.443116182526775	0.0827144187670425	2	1	2	2	15
22.708004235704	NaN	-0.769858968062497	0.860089982435712	-0.597574592080704	-0.442155534611316	2	1	2	2	15
35.6958979881172	NaN	-0.512428415443989	1.27693743521607	-0.509906338355515	-0.803758689321513	2	1	2	2	15
46.0078220014238	NaN	-0.0887763672946887	0.958080522590627	-0.201390350080689	-0.893251490874352	2	1	2	2	15
58.9857505376337	NaN	0.399861045981944	0.138573317581655	0.253090054695898	-0.683696357295435	2	1	2	2	15
71.4835411471148	NaN	0.836718754780844	-0.577462083719608	0.743222924597852	-0.238169966160949	2	1	2	2	15
11.9545108740181	NaN	-0.207557175557517	-0.661752668926764	-1.01701294936953	-1.27065505534368	2	2	1	2	16
25.0896393764286	NaN	0.47330013537392	-0.0227927915957069	-1.39550297508059	-0.65021871641412	2	2	1	2	16
34.7603491561776	NaN	1.09130545321481	0.430562280899568	-1.12860389237389	0.241230977333677	2	2	1	2	16
47.1514647682405	NaN	1.34454858227766	0.50983111264082	-0.389065823714777	0.684402253310137	2	2	1	2	16
58.0388402228017	NaN	1.10931427215169	0.18205785039822	0.344446071642376	0.321709647193954	2	2	1	2	16
73.6883181700747	NaN	0.500520039810154	-0.416486448391823	0.597167068140289	-0.554197901441342	2	2	1	2	16
