age	diseaseAge	x1	x2	x3	x4	z1	z2	z3	z4	id
12.3621453718649	-35.8462099467442	-0.267290245800908	0.101128793752044	-0.877862495953663	-0.968798497188181	2	1	1	1	1
24.5764161688941	-23.631939149715	-1.02757017744534	0.986717451794184	-0.0501871976430123	-0.396128485839478	2	1	1	1	1
35.2117766533876	-12.9965786652215	-1.14534956957049	1.47599137620383	0.665408166776009	0.203835908658441	2	1	1	1	1
48.2083553186091	0	-0.529588579522595	1.18348645571366	0.732608563937038	0.601898828800766	2	1	1	1	1
59.3553924368618	11.1470371182526	0.343748512064923	0.339646504295785	0.101049521070033	0.645993963387085	2	1	1	1	1
72.9354200793258	24.7270647607167	0.799599031092475	-0.390727022877982	-0.75593636914808	0.319276275818585	2	1	1	1	1
11.5073369434712	-36.7974211242642	-1.21389376340448	-0.191315004501141	-0.908143897432038	-0.757807687496704	2	1	1	1	2
23.4231171882049	-24.8816408795304	-1.49306434295422	0.604964803812896	-0.916764288324997	-0.0378769019574293	2	1	1	1	2
35.8798502614538	-12.4249078062815	-1.03458591235234	1.2173002475897	-0.523601487452638	0.767899524164579	2	1	1	1	2
48.3047580677353	0	-0.178924846458376	1.2514972329545	0.105042777621226	1.07943814119993	2	1	1	1	2
61.0808674434907	12.7761093757554	0.438504401683704	0.685541274552718	0.703261795801595	0.672460365392033	2	1	1	1	2
71.6067235362079	23.3019654684726	0.359198478772821	-0.116230566185442	1.01801826049643	-0.160047976823842	2	1	1	1	2
11.4343225163988	-25.8151837663213	-0.334069890180762	-0.43805725967689	0.277958639996422	-0.28576666864965	1	2	1	1	3
22.7821511266679	-14.4673551560522	-0.693510018732534	-0.907443646179032	-0.174108580502569	-0.756447342088397	1	2	1	1	3
37.2495062827201	0	-0.563758934989889	-1.11404774410005	-0.477779220906248	-0.501894164954345	1	2	1	1	3
47.5670920904719	10.3175858077518	-0.0092742463813974	-0.989202158593871	-0.559342469553428	0.291453858710248	1	2	1	1	3
61.0760547852208	23.8265485025007	0.694487724474714	-0.574400844528798	-0.399000254258025	1.04253536853969	1	2	1	1	3
72.7483872470556	35.4988809643355	1.19791284309788	-0.00750808389245278	-0.03567288294729	1.20124570576002	1	2	1	1	3
12.1779862424092	-48.1269693621128	-0.647473739124921	-0.676714332348381	0.0480551934420299	-0.876002392105738	1	2	1	1	4
24.4268795306693	-35.8780760738527	-0.658623794559851	-0.895859315807268	-0.665529667903894	-1.01367957281165	1	2	1	1	4
37.370862766332	-22.93409283819	-0.107032595284087	-0.647547676751063	-0.81337340216036	-0.356832682930504	1	2	1	1	4
47.0113203391983	-13.2936352653237	0.672245823721463	-0.0478842389115229	-0.29364369234142	0.543908854292188	1	2	1	1	4
60.304955604522	0	1.20585296978292	0.62274213630571	0.535678240208181	0.933460709806854	1	2	1	1	4
73.0237869609464	12.7188313564244	1.16965889373271	1.05076194655911	1.1033691756238	0.485264720926493	1	2	1	1	4
11.1330982781706	-37.1422672608297	-1.33462823070357	-0.868435077145718	-0.457366011919608	0.010996892312517	2	2	1	2	5
24.0366370168726	-24.2387285221277	-1.11701756600623	-0.167402426926951	-0.898180032799227	0.862756716619098	2	2	1	2	5
35.6349493184879	-12.6404162205124	-0.627482513610798	0.371147477698816	-1.04223373483517	1.34178540662842	2	2	1	2	5
48.2753655390003	0	-0.0368192129913747	0.482424699568891	-0.839503701804464	1.09755919637102	2	2	1	2	5
60.3513378550339	12.0759723160336	0.448893096007662	0.111717338572383	-0.360389018769574	0.308787822347671	2	2	1	2	5
70.9987699733405	22.7234044343402	0.660192008465253	-0.558708156107653	0.228735185624724	-0.447354282515312	2	2	1	2	5
11.8686076164715	-49.3640102703521	-0.485858471273274	0.320772812316918	0.225102947518169	-0.457292126151594	2	2	1	2	6
24.3929071765749	-36.8397107102487	-0.912607855598968	1.01606348472116	1.0862302656252	-0.476537762174684	2	2	1	2	6
36.3743939783689	-24.8582239084547	-0.982737841276562	1.43253637285064	1.3999253598997	-0.229878218309531	2	2	1	2	6
47.8208999956009	-13.4117178912227	-0.668724094771668	1.35897458717285	0.913837182999533	0.215364798351809	2	2	1	2	6
61.2326178868236	0	-0.0938094630587308	0.832685457893849	0.0189978638302458	0.737669454586274	2	2	1	2	6
72.559935504586	11.3273176177624	0.51636588120037	0.120579883776703	-0.564741877858992	1.19448119714675	2	2	1	2	6
13.3175652960341	-34.6652078527267	-0.83732329537507	-0.869865068340973	-0.628990742944532	-0.945934188221309	1	1	2	1	7
24.3850061728775	-23.5977669758833	-0.389056821990083	-0.757111080643208	-0.0572983381385307	-0.420913532423307	1	1	2	1	7
36.2173799858656	-11.7653931628951	0.386178406511877	-0.320471273688762	0.495013783998778	0.33584189465496	1	1	2	1	7
47.9827731487608	0	1.01089414757428	0.279330070956021	0.836335056320112	0.89061328476757	1	1	2	1	7
60.5548555951049	12.5720824463441	1.10031116216059	0.821509967715532	0.848252791601013	0.925444826090938	1	1	2	1	7
73.0363065491252	25.0535334003644	0.599355104343623	1.10649551233673	0.526632436343998	0.420373537123278	1	1	2	1	7
12.1647030811946	-36.4264624014124	-0.0451578166747544	-0.660970096032382	-0.538595337268386	-1.16767456089626	1	2	2	2	8
23.09397409387	-25.497191388737	0.795311481621971	-0.145808971515812	-1.08327933140586	-1.33264792075775	1	2	2	2	8
35.899588811885	-12.691576670722	1.07406725118643	0.370929383322703	-0.752918075896069	-0.81173291393173	1	2	2	2	8
48.591165482607	0	0.570966285172946	0.741059038869869	0.160963357502427	0.0276246589829778	1	2	2	2	8
60.6616569710958	12.0704914884887	-0.316674940427991	0.858437289496944	0.851916434020657	0.593354284895277	1	2	2	2	8
72.5540755661157	23.9629100835087	-0.887855021277589	0.689403376286601	0.710214250596279	0.486398588625251	1	2	2	2	8
12.1483556884764	NaN	-0.819392780334813	-0.266436039501805	-0.922217315363224	-1.19712120052821	1	2	1	2	9
23.072058629802	NaN	-1.01136759090756	-0.724304252409801	-0.179284445205826	-0.594957738024795	1	2	1	2	9
35.7699783866503	NaN	-0.855379819090308	-0.93750903111284	0.69801498082671	0.0796929526010088	1	2	1	2	9
49.1530407136874	NaN	-0.405735038972078	-0.83926469991518	0.958638931332667	0.507471674095114	1	2	1	2	9
58.4603891812494	NaN	0.181027441038616	-0.460345963221786	0.379471403483751	0.485880939984912	1	2	1	2	9
71.3379519484338	NaN	0.700632164220612	0.0805521665113012	-0.543671529290359	0.0251411496702229	1	2	1	2	9
11.1280600086252	NaN	-0.989164283217885	-0.515505095327926	-0.743425831061738	-0.488553285185123	2	2	2	1	10
25.1506700332116	NaN	-1.17353503803144	-0.853132670172234	-0.203807784270683	0.196686537666475	2	2	2	1	10
35.966053723562	NaN	-0.752714680719167	-0.86565531255736	0.528224946704878	0.754676890648703	2	2	2	1	10
48.1523673832209	NaN	0.0151226533462729	-0.548786565748266	1.06037458302528	0.921806723158143	2	2	2	1	10
60.0669205313658	NaN	0.658907215792195	-0.0109894946565529	1.10746108901012	0.619118987820194	2	2	2	1	10
72.892924859599	NaN	0.783675883072729	0.563649842315078	0.644250713585787	-0.0103877285781983	2	2	2	1	10
11.3720250396511	NaN	-0.605007810196297	-0.311001440499291	-0.526599891396533	0.176735216711399	1	2	2	2	11
23.8714968929162	NaN	-0.558273508063139	-0.708694614099028	0.142828998870904	0.910704773483157	1	2	2	2	11
35.7952581476206	NaN	-0.264866120910035	-0.83969971325861	0.916443086235216	1.35962926685722	1	2	2	2	11
47.9495259047134	NaN	0.198154841738763	-0.663771034606132	1.30214683143063	1.27530960155035	1	2	2	2	11
58.2179005337396	NaN	0.709183142810077	-0.234955126413994	1.05459427244732	0.704364006134689	1	2	2	2	11
70.7606853182898	NaN	1.13400406257356	0.315012697555451	0.331253469910362	-0.0375460165542555	1	2	2	2	11
10.0819517430563	NaN	-0.434518818043677	-0.931852802867769	-1.09725293132914	-0.744890914305924	2	1	1	1	12
24.3267690915216	NaN	-0.484042009598148	-0.428331405120681	-0.591176036350049	-0.0595632731647134	2	1	1	1	12
34.4942922440238	NaN	-0.115925816903545	0.0758233803793323	0.329013872069528	0.458986328048373	2	1	1	1	12
47.5240103102883	NaN	0.510764606386144	0.443277084846836	0.883344613918166	0.567166417774204	2	1	1	1	12
61.1710262128206	NaN	1.12523267361612	0.573933347486134	0.601953877937081	0.214158815479874	2	1	1	1	12
72.1326369012725	NaN	1.46196314946369	0.43220070127334	-0.276645672596278	-0.434209253988099	2	1	1	1	12
12.1354319613607	NaN	-0.729781337020915	-0.06582935786381	-1.28602244443306	-0.326330135016746	1	1	1	2	13
23.7580753674114	NaN	-0.250437650533486	0.672649022425756	-1.4812107712256	-0.823448942744088	1	1	1	2	13
37.5229195198393	NaN	0.257534962543261	1.00184567284634	-1.22448009252571	-1.09095463869973	1	1	1	2	13
49.6232943919547	NaN	0.660018989675517	0.720738174617356	-0.631989008727914	-1.04258393001432	1	1	1	2	13
58.9035740874128	NaN	0.850748551239149	0.000983527161957248	0.0281880319222042	-0.693935051315058	1	1	1	2	13
71.5411919438128	NaN	0.77936625845951	-0.717903408189425	0.457351857814705	-0.157437759375388	1	1	1	2	13
11.224429258612	NaN	-0.596359678289314	-0.477040020437245	-0.774358738375488	-0.346938563855145	2	1	1	2	14
25.1213180440238	NaN	-0.607465851804545	0.25767940993004	-0.985533071807492	0.21893035070575	2	1	1	2	14
36.0386070386906	NaN	0.125825720251812	1.12130192632087	-0.728400716833568	0.722112830842605	2	1	1	2	14
48.1323136466593	NaN	0.993982164045531	1.40159704452674	-0.123455395545903	1.0000904203959	2	1	1	2	14
59.917448459814	NaN	1.27536707696619	0.867405057647764	0.545821984210997	0.963081597781532	2	1	1	2	14
70.6044114071117	NaN	0.736085292122474	-0.0407252873181996	0.965804136570317	0.623039515092425	2	1	1	2	14
12.6764212923013	NaN	-0.601196726179033	-0.202992709930015	-1.37631055611016	-0.103529832574032	2	2	2	2	15
24.1644278571613	NaN	-1.09934425073722	-0.788849351203948	-1.02138341373496	0.657454036226456	2	2	2	2	15
37.4432010460019	NaN	-1.33127879947046	-0.504486491281617	-0.355859743627005	0.902290758141719	2	2	2	2	15
48.1475513041901	NaN	-1.2160466599989	0.398454094653029	0.292357052123637	0.461752378818353	2	2	2	2	15
58.7921973604097	NaN	-0.793868099318736	1.12093144888741	0.603890665557728	-0.359666709873541	2	2	2	2	15
73.5952891862114	NaN	-0.212099007101939	1.02360229009639	0.42524853690819	-0.994212328908982	2	2	2	2	15
11.7324293030354	NaN	-0.600898758863531	-0.977191438626396	-0.455255454787159	-0.956081219223506	2	1	2	1	16
23.3784073580997	NaN	-1.09342514220714	-0.383718086900841	-0.636959353337799	-0.356009081127007	2	1	2	1	16
36.4177062501681	NaN	-1.34888704856985	0.173089265850584	-0.454058928821781	0.208735233660554	2	1	2	1	16
49.7676457624181	NaN	-1.28423142706921	0.488352766638386	0.0267594972771246	0.524740333690413	2	1	2	1	16
60.2724516042104	NaN	-0.920478423913258	0.446070877680802	0.630187353516297	0.472590960877776	2	1	2	1	16
71.6166324119442	NaN	-0.375887536613407	0.061801264635739	1.13621211603249	0.0719938567049574	2	1	2	1	16
