age	diseaseAge	x1	x2	x3	x4	z1	z2	z3	z4	id
13.600403216575	-34.9811005443974	-1.24332430225074	-0.624317849560098	-0.564964230663861	-1.05722002078241	2	1	2	2	1
22.7208017688191	-25.8607019921533	-0.643395233981976	0.157119544749108	0.0876398188190949	-0.711829119291478	2	1	2	2	1
36.0323226570725	-12.5491811038999	0.0439529737919013	0.822211683171888	0.67144552669838	0.00664226122021749	2	1	2	2	1
48.5815037609724	0	0.483681357044216	0.942235897845572	0.929468594726342	0.686416179413881	2	1	2	2	1
61.396086311762	12.8145825507896	0.461450021800225	0.439823808435594	0.748130350796913	0.937893394175363	2	1	2	2	1
71.3110080713602	22.7295043103879	-0.0119046560757929	-0.361166522550948	0.207253723553508	0.616944615741798	2	1	2	2	1
10.0613151147508	-37.2273004823853	-0.384025844777858	-0.906608804585393	-0.0434841998205826	-0.915201156202175	2	1	2	1	2
22.8230105008116	-24.4656050963246	-0.931697870798168	-0.670730886584137	-0.464434912120621	-1.43825047727473	2	1	2	1	2
35.0715104149481	-12.217105182188	-1.17117205219831	0.0929593494738035	-0.687232510240516	-1.40047819102031	2	1	2	1	2
47.2886155971361	0	-1.00516644349265	0.849491603510404	-0.653687307480004	-0.824414835825522	2	1	2	1	2
61.7473699353249	14.4587543381887	-0.501117744879899	1.06890979143353	-0.372560551067077	-0.0536725894099646	2	1	2	1	2
71.735613684517	24.4469980873809	0.136213606694888	0.597509952797488	0.082723817192904	0.452013660799267	2	1	2	1	2
13.2968878609208	-36.302183289934	-1.0012461944416	-1.26857416240184	-0.108798743102722	-0.294442206520406	1	1	2	2	3
25.4190447833616	-24.1800263674932	-1.32637097556272	-1.11133013264203	-0.907181256930554	-0.645908960044704	1	1	2	2	3
37.0424993087573	-12.5565718420974	-1.22623465214257	-0.372776473011367	-0.994113371908427	-0.369979822360511	1	1	2	2	3
49.5990711508548	0	-0.744137640808009	0.418138368650636	-0.296007588399349	0.359994768239518	1	1	2	2	3
60.5264747402377	10.9274035893829	-0.0885457682678227	0.694965127060313	0.596193849713246	1.0854136785621	1	1	2	2	3
72.1166439871431	22.5175728362883	0.457053413223085	0.259441858387521	0.927247922977378	1.35053784782663	1	1	2	2	3
10.4796468393732	-39.3766679257651	-0.807187240361171	-0.245903630665543	0.130939776227409	-0.379967621491092	1	2	2	2	4
25.4232500368044	-24.4330647283339	-0.260644599432643	-0.907122860050106	-0.34816456175501	-0.818032143883962	1	2	2	2	4
34.9444110403526	-14.9119037247857	0.264357548927598	-1.11762912178712	-0.604860206238828	-0.968306261876862	1	2	2	2	4
49.8563147651383	0	0.603548791468108	-0.756359454568546	-0.560215704629642	-0.779859004601847	1	2	2	2	4
60.2613521734635	10.4050374083252	0.650797970902331	-0.0310814344434443	-0.227958813662291	-0.316559000260557	1	2	2	2	4
72.2784509982414	22.4221362331032	0.391321067287314	0.641094757810465	0.289744654339885	0.264571907735893	1	2	2	2	4
11.0084999525228	-35.858038764688	0.0263061649030343	-0.291758882435256	-1.1230946218656	-0.580360213375814	2	2	2	1	5
23.8822351077351	-22.9843036094757	0.51815182334605	-1.02659458862721	-1.43211832960981	-0.731588286326362	2	2	2	1	5
36.0588197280101	-10.8077189892008	0.944281570291773	-1.08402390663817	-1.43160848568273	-0.189321689355808	2	2	2	1	5
46.8665387172109	0	1.20153781535025	-0.419141991668105	-1.12172964007983	0.657539427323635	2	2	2	1	5
61.1924801785878	14.325941461377	1.2276439055931	0.448170018283375	-0.602493894418599	1.20164728067417	2	2	2	1	5
71.9975099373546	25.1309712201437	1.01628007249147	0.839747858882795	-0.0414824143557741	1.05278121708773	2	2	2	1	5
11.2105465341507	-36.5919177808506	-0.853992181251231	-0.208508196080153	-0.525981851631795	-0.898713766338816	1	1	2	2	6
23.8704770378927	-23.9319872771087	-0.480798757083281	-0.675347191196603	0.0271937553758892	-1.36628995113812	1	1	2	2	6
35.124424158543	-12.6780401564583	0.0145081196114781	-0.926687449370317	0.631535548446467	-1.01174041470703	1	1	2	2	6
47.8024643150013	0	0.503558002093745	-0.888108548610437	1.05936421700399	-0.127263417348146	1	1	2	2	6
60.7814913416322	12.9790270266309	0.85960209109187	-0.57103348217461	1.14949988333905	0.558208653923146	1	1	2	2	6
72.5355804740654	24.733116159064	0.990363172389536	-0.0693463751862574	0.867984898643021	0.479751222621299	1	1	2	2	6
13.222821487373	-34.5082804262314	-0.166067503671876	-1.24394863099181	-0.780113299259261	-0.222673187903696	1	2	1	1	7
24.1743649256392	-23.5567369879651	-0.651687646471403	-1.29800244991672	-0.812386673706128	-0.730218287839489	1	2	1	1	7
35.9937176774341	-11.7373842361703	-0.279120853888413	-0.837135871909028	-0.147381781191335	-1.09300650105034	1	2	1	1	7
47.7311019136043	0	0.631141718463599	-0.109934221309199	0.708280497137634	-1.20991701092483	1	2	1	1	7
59.7772754403813	12.0461735267769	1.29606972667704	0.491359569108739	1.10273070544509	-1.0483630745687	1	2	1	1	7
71.5580134463713	23.8269115327669	1.14367567751704	0.642415597703606	0.735464720602224	-0.65337500271486	1	2	1	1	7
10.6248210280805	-36.9583652006628	-0.789777271296125	-0.98847620073888	-0.88121323331268	-0.356885078725881	1	2	1	1	8
24.7110639107883	-22.872122317955	-0.231390130637882	-0.449994658235215	-1.08132439089449	-0.820689083965425	1	2	1	1	8
35.7520901206093	-11.831096108134	0.537981293812944	0.126472084186926	-1.01135994998158	-0.621252777300308	1	2	1	1	8
47.5831862287433	0	1.06248359256775	0.542485592001593	-0.690375224359436	0.107037747192612	1	2	1	1	8
60.4084192607202	12.8252330319769	1.03134858062063	0.654840606071843	-0.205792690178481	0.873438749938712	1	2	1	1	8
71.5139932500588	23.9308070213155	0.463023786563769	0.424860908911889	0.310408148068583	1.16152652164529	1	2	1	1	8
12.2137438923752	NaN	-0.904373762947351	-0.215071468464542	-0.0884290495876178	-0.857250626448514	1	1	2	1	9
23.9468678469436	NaN	-0.387339171851582	-0.741510923952859	0.534533700408826	0.0111109248346156	1	1	2	1	9
35.5129241478697	NaN	0.219099442362072	-1.06192982445799	0.993428424973998	0.641693864125775	1	1	2	1	9
46.4440134440422	NaN	0.690991773799095	-1.07201461142595	1.10791840737378	0.549636169148896	1	1	2	1	9
59.2037743167809	NaN	0.854073800516183	-0.768482145147355	0.833011307492507	-0.194278005671011	1	1	2	1	9
70.6114992079507	NaN	0.648121340026959	-0.250148543036848	0.276740277915358	-1.01804502888703	1	1	2	1	9
11.3677750131289	NaN	-1.0687966269435	-0.938611417646352	-1.19597544748635	-0.70081406138215	1	1	2	2	10
23.7002398370341	NaN	-0.80371839472912	-0.503345725346635	-0.713796411069312	-1.1996637183666	1	1	2	2	10
36.7685908811267	NaN	-0.0385195085458973	0.283870827443445	-0.0445016279904349	-1.23023380706084	1	1	2	2	10
48.0639240408875	NaN	0.702456556799988	0.920344853220459	0.509913574959676	-0.776928827729745	1	1	2	2	10
58.1584645534688	NaN	0.911464727619758	0.999642718263403	0.699289171697465	-0.0710048213942229	1	1	2	2	10
71.9200732526085	NaN	0.445284630061119	0.4711271331772	0.438176199121937	0.527407177851058	1	1	2	2	10
11.8629409560459	NaN	-0.680465375573603	-0.550343335368692	-0.590586257180153	-0.616887379599356	2	1	1	1	11
25.2297819786954	NaN	-0.815678930778294	0.281970276423523	-0.12585871297916	-0.47399363904857	2	1	1	1	11
35.1384758762344	NaN	-0.521908321907735	0.665506618317985	0.485542576234069	-0.0982535510447049	2	1	1	1	11
49.3796127682748	NaN	0.0737841469356245	0.320912166758741	1.01328983102028	0.408245483499617	2	1	1	1	11
60.5948455877608	NaN	0.713748270652262	-0.500823370824098	1.25856951361854	0.907889268888431	2	1	1	1	11
71.4254898063813	NaN	1.12118537147462	-1.20117856952192	1.12897958688705	1.26492615907442	2	1	1	1	11
11.7671683592658	NaN	-1.29657230774508	-0.310103099940782	-0.447127244563611	-1.32469757213429	2	1	2	1	12
22.1686826483281	NaN	-0.596068827108495	-1.0046263544608	-0.420542142746774	-0.850624332299571	2	1	2	1	12
35.4878290270565	NaN	0.2440506753987	-1.14981718898864	0.272825844227028	0.0464201821315214	2	1	2	1	12
48.3822280542678	NaN	0.587150684389085	-0.649104520533397	1.11203969283563	0.639664687566147	2	1	2	1	12
59.8723461853512	NaN	0.173232889620897	0.16447158803019	1.46658635285761	0.448471864715238	2	1	2	1	12
70.9721524531783	NaN	-0.684039274342263	0.74977556051362	1.07008998167917	-0.372256884047414	2	1	2	1	12
11.8738993255973	NaN	-0.683530237790811	-0.665655185784731	-0.502891035663046	-0.618205309421608	1	2	2	1	13
25.1690354434586	NaN	-0.708472800804778	-0.542699049090092	-0.93209050473159	-1.28676568768372	1	2	2	1	13
34.6959711981844	NaN	-0.485479259734804	0.137075005270075	-1.18683550577066	-1.44615298952515	1	2	2	1	13
48.4146276267409	NaN	-0.0710173204751915	0.923907777692539	-1.20405483022238	-0.997451612437923	1	2	2	1	13
60.1706668050737	NaN	0.429960583023745	1.29720676295229	-0.979485220321973	-0.219125189019939	1	2	2	1	13
71.8821309775522	NaN	0.890593947186051	1.00998599307038	-0.568726890574196	0.405797669096578	1	2	2	1	13
13.0787955581286	NaN	-0.312926954408971	-0.0818538310289542	-0.723629958811677	-0.287319866342818	2	2	2	1	14
23.9185744644137	NaN	0.275138480817236	-0.598396285385261	0.128594067624612	-0.796496643184464	2	2	2	1	14
36.7657794768193	NaN	0.889751477178337	-0.520571866700766	0.685558502878642	-0.803342684566821	2	2	2	1	14
48.1362965970663	NaN	1.28262282644073	0.103091833444928	0.542554645074182	-0.304145315365799	2	2	2	1	14
58.6078893410385	NaN	1.29504173527015	0.88370790994829	-0.196506192979469	0.430375854189516	2	2	2	1	14
70.4214056431819	NaN	0.921991256321444	1.33452144987381	-0.994598065918615	1.00188281794077	2	2	2	1	14
14.7929340553583	NaN	-0.835602550782959	-1.36839711046275	-0.0578043152357369	-0.585883334738733	1	2	2	2	15
22.6783196040637	NaN	-1.02744108775704	-1.02899172797956	-0.771579527573107	0.0752841294456194	1	2	2	2	15
35.2011623248063	NaN	-0.878173108677469	-0.473834969179227	-1.03266435375622	0.796342540072332	1	2	2	2	15
49.2252872104846	NaN	-0.438751876035835	0.101824664853736	-0.680675670281067	1.17197434306422	1	2	2	2	15
61.6266486898314	NaN	0.140824294727258	0.495527816653031	0.0681616072986027	0.991031368760582	1	2	2	2	15
71.0578095966105	NaN	0.662714601151351	0.568809180622506	0.753840425603773	0.355224328376156	1	2	2	2	15
13.6678321778273	NaN	-0.833017103072327	-0.850677504897583	-0.462677832858403	-1.37819024561671	1	2	1	1	16
23.4590180204161	NaN	-0.0590834331946447	-1.11289909437522	0.209828794856224	-0.838388438675614	1	2	1	1	16
35.3822947910607	NaN	0.681583399662682	-0.748627109922912	0.560643169146079	-0.0837840126241533	1	2	1	1	16
48.1998782763942	NaN	0.87356863651336	0.0133611716141829	0.412724503406681	0.455930261335486	1	2	1	1	16
58.5743669728283	NaN	0.383273714291479	0.694506839645993	-0.159279072595341	0.473426047947452	1	2	1	1	16
72.8872826383089	NaN	-0.448115252060682	0.8670233563154	-0.866702183500242	-0.0412592408332207	1	2	1	1	16
