age	diseaseAge	x1	x2	x3	x4	z1	z2	z3	z4	id
12.6341224781306	-34.4616815405892	-0.400563968965679	-0.736028304084824	-1.21123534476041	-0.727748915691852	1	1	1	2	1
23.1486077025056	-23.9471963162143	-0.677936189783186	-0.368936079663763	-1.39195432993135	-0.0812286337372513	1	1	1	2	1
35.4347669316903	-11.6610370870295	-0.719519757517838	0.117075548281217	-0.920884800367406	0.627872379154263	1	1	1	2	1
47.0958040187199	0	-0.514929513800235	0.600237233017549	-0.111075306385517	1.01797334875451	1	1	1	2	1
60.5431930875209	13.447389068801	-0.115260210658378	0.959493676001613	0.499316465698675	0.87915350594734	1	1	1	2	1
72.1032658512818	25.007461832562	0.379673988895029	1.10483381606475	0.504655577974356	0.28611445478292	1	1	1	2	1
12.6226621773272	-35.7881445149587	-1.14443606857724	0.270426766895089	-1.01409601350493	-0.175683803101838	1	2	1	1	2
23.7348610603269	-24.675945631959	-0.415627868900194	-0.332943768892665	-0.672908492359687	-0.619744298369328	1	2	1	1	2
35.9538604880753	-12.4569462042106	0.327798313099598	-0.526303429580044	0.186118570148093	-0.897192846412882	1	2	1	1	2
48.4108066922859	0	0.605067948590137	-0.210855450243351	0.885552577778678	-0.938695257129468	1	2	1	1	2
59.8541831797144	11.4433764874285	0.236870459614914	0.452222601110764	0.87381673351672	-0.733880108305313	1	2	1	1	2
73.0000356033492	24.5892289110632	-0.538680433102636	1.1241322070831	0.160165976809918	-0.333930556474094	1	2	1	1	2
12.6464367635863	-35.2453960478442	0.12397468853787	-0.541134624702737	-0.0695628678599205	-0.884043872415671	2	1	2	1	3
24.6483907311294	-23.2434420803012	0.815089819426267	-1.0830771160061	-0.696062651090839	-0.120576967502675	2	1	2	1	3
36.4939693071894	-11.3978635042411	1.27247175994766	-1.12824739414182	-1.01198358336453	0.702334789196889	2	1	2	1	3
47.8918328114305	0	1.27310894065938	-0.65183694310805	-0.871868390316275	0.936255403497365	2	1	2	1	3
60.0060061707436	12.1141733593131	0.816690683202798	0.0844990783112192	-0.340229334337818	0.396860681632464	2	1	2	1	3
74.5017908551181	26.6099580436876	0.125758681728893	0.676348638044158	0.338154717048802	-0.49081844217742	2	1	2	1	3
11.3103912872483	-35.7750444064221	-0.936509925763956	-0.112003968723931	-0.990302156133632	-0.859572511573352	2	1	2	2	4
23.0234114847189	-24.0620242089515	-0.938278115541896	-0.806172529686262	-1.15270827830409	-1.25998856984233	2	1	2	2	4
35.3527202086121	-11.7327154850582	-0.693439096501586	-0.815807349679973	-0.767367762996741	-1.30656985040663	2	1	2	2	4
47.0854356936704	0	-0.264333981313283	-0.133534218490696	-0.0481474720297351	-0.981497719551406	2	1	2	2	4
59.9664625981833	12.8810269045129	0.239778132195418	0.718454908423226	0.605779965520101	-0.409121296932612	2	1	2	2	4
74.350659880915	27.2652241872447	0.690539802511024	1.08807240240651	0.831479941507494	0.191609536765647	2	1	2	2	4
12.1712273698866	-35.6433410883134	-0.0967743325840755	-1.3328765596253	-0.453373380191195	-0.57369056296958	1	1	1	1	5
23.5287510225305	-24.2858174356696	0.793439934237187	-1.13978512756511	0.104903560046608	0.20040618917368	1	1	1	1	5
35.9586916542755	-11.8558768039245	1.2563943816988	-0.729994202999943	0.558387993728586	0.691023156043649	1	1	1	1	5
47.8145684582	0	0.921559447896407	-0.214493543538474	0.765259469635435	0.601808100331421	1	1	1	1	5
59.8512824574808	12.0367139992807	0.0569231433401803	0.267096156921665	0.660822038185595	-0.0133495221404037	1	1	1	1	5
70.54597688871	22.7314084305099	-0.645495451279678	0.584338812765297	0.277736938778494	-0.782869945428937	1	1	1	1	5
13.2603587859307	-34.5982406001582	-0.555572424935812	-1.01406630640322	-0.688015738813152	-0.103059438013179	2	1	1	2	6
24.6891473340304	-23.1694520520585	-0.74467600336554	-0.519344677580353	-0.416548191452744	-0.508859487638048	2	1	1	2	6
34.751719381508	-13.1068800045809	-0.117630032944346	0.0380927248124781	0.137681018065998	-0.725906485303448	2	1	1	2	6
47.8585993860889	0	0.794374883876359	0.483872110143324	0.757063937735	-0.70050480161432	2	1	1	2	6
59.0313582816932	11.1727588956043	1.21875034998235	0.678547792004971	1.19841120412286	-0.438938602710041	2	1	1	2	6
72.6836682093583	24.8250688232695	0.795994398787328	0.561222642855636	1.28843589349197	-0.00591719961406711	2	1	1	2	6
11.6820187251469	-25.2150633029507	-0.2406649663567	-0.878509701269282	-0.893756538108956	-0.15621466706565	1	1	1	1	7
23.6106107802102	-13.2864712478873	-0.738030790799729	-0.008015767659109	-0.0405280396964683	-0.58620250742778	1	1	1	1	7
36.8970820280976	0	-1.05225154067396	0.522686677364993	0.713274132580439	-0.765117411134066	1	1	1	1	7
49.8484278804834	12.9513458523858	-1.0914565754635	0.311367884090211	0.745382102976312	-0.638170737794478	1	1	1	1	7
60.5572414120657	23.6601593839681	-0.844183279605886	-0.481809506203993	0.0292905637757487	-0.244237033297778	1	1	1	1	7
71.6928788937907	34.7957968656932	-0.382728457440112	-1.25568085565466	-0.843862946120743	0.29605042013035	1	1	1	1	7
13.0072357714454	-35.9898457341171	0.155528507197921	-0.942189322478903	-0.684320057410054	-0.0488161429570104	1	2	2	2	8
24.0681219087121	-24.9289595968503	-0.508119683765335	-0.896120477090815	-0.946947518352665	-0.798678021494204	1	2	2	2	8
36.1516790892267	-12.8454024163358	-0.565097805022345	-0.588588925510858	-0.741025268300859	-0.825336467432034	1	2	2	2	8
48.9970815055625	0	0.023918710547382	-0.105335086898006	-0.163131924542894	-0.106815673587042	1	2	2	2	8
59.6698854653886	10.6728039598261	0.852408570374018	0.418908890225165	0.515697498170807	0.764573973318811	1	2	2	2	8
72.1490747027748	23.1519931972124	1.34857325982347	0.83798272373742	0.977088433693161	1.07050512191918	1	2	2	2	8
11.7766447427524	NaN	-0.879137331285568	-0.484371872641547	0.0604230429753164	-0.459934665210616	1	1	1	1	9
21.8891160912737	NaN	-0.73821999497245	0.264895229514402	-0.420097368900031	-1.18599965765031	1	1	1	1	9
35.3875396274103	NaN	-0.307721473283484	0.997652901943522	-0.648729004422276	-1.43233740178223	1	1	1	1	9
49.0809735079473	NaN	0.267035528430044	1.23208863001499	-0.55012759018773	-1.04112338627968	1	1	1	1	9
58.7954619676643	NaN	0.792031197786639	0.814053133671485	-0.156786669336686	-0.263001949217698	1	1	1	1	9
71.6261551849928	NaN	1.09004357669621	0.0184186404947618	0.401670463376546	0.403497396641148	1	1	1	1	9
12.2963920115777	NaN	-1.16013860950306	-0.604627612691041	-0.831252978126974	-0.0169445690613367	1	2	1	2	10
25.8827907375105	NaN	-1.2690285656558	-1.38281650063985	-1.19152993788488	0.476098567443663	1	2	1	2	10
36.3595516089945	NaN	-1.11817904510054	-1.37127508327808	-1.22278151889419	0.894691487767548	1	2	1	2	10
47.3680251788927	NaN	-0.746807145424601	-0.580273510021094	-0.914047843382047	1.13670402729274	1	2	1	2	10
59.2867816945329	NaN	-0.251460260197198	0.286314154924811	-0.373601300734769	1.14308888898874	1	2	1	2	10
72.4127413018887	NaN	0.239083825501351	0.457353438078182	0.209024400387829	0.912288265868345	1	2	1	2	10
12.5113703678896	NaN	-0.859384211393304	-0.332579045719277	-0.692417788021351	-0.824948279727705	2	1	1	1	11
25.7431890535558	NaN	-1.06118367215754	-1.02122307981391	-0.0173932117423957	-0.230564409708457	2	1	1	1	11
37.0774151439335	NaN	-0.83109599890853	-1.29692720404938	0.704094772666216	0.369146534556232	2	1	1	1	11
48.843655302431	NaN	-0.268518902533439	-1.00248584600392	1.05876179847855	0.736897731105961	2	1	1	1	11
60.2319202733932	NaN	0.383514712216181	-0.305788486346473	0.843446703861026	0.727181559084464	2	1	1	1	11
70.9796435873674	NaN	0.843326788396116	0.395910363285221	0.181486764622166	0.343842403195157	2	1	1	1	11
11.8122409696952	NaN	-0.337711981087158	0.0404375703305842	0.409544693878386	-0.276211552977114	1	2	1	2	12
24.0287666667098	NaN	-0.824706458484154	-0.478164451934857	1.24602366700552	-0.564030831129854	1	2	1	2	12
36.709792572067	NaN	-0.723179804820854	-0.684194591894678	1.44029229422468	-0.0508841568850857	1	2	1	2	12
48.4669040246078	NaN	-0.0951495750728836	-0.496530293417482	0.830838936608719	0.848112858763423	1	2	1	2	12
59.1240054427052	NaN	0.675751973668736	0.0109372759712196	-0.0756472298944558	1.40570675367105	1	2	1	2	12
73.1557050854752	NaN	1.11861964109638	0.638397222629226	-0.525528994210349	1.17082585186594	1	2	1	2	12
11.606138324297	NaN	-1.24049075466729	-0.604075932290243	-0.824580418603633	-0.899109725218664	1	2	2	2	13
24.5446763829436	NaN	-1.35464725056015	-0.552403243014797	-0.244956004827224	-0.120564131590801	1	2	2	2	13
36.3463618516648	NaN	-0.93970546918156	-0.190859373079302	0.61305831698135	0.514039842018273	1	2	2	2	13
47.1343393355384	NaN	-0.220706104672893	0.359787981133692	1.1156909146646	0.608181752546625	1	2	2	2	13
59.6059585278643	NaN	0.412406702998388	0.91560426003861	0.891672598755157	0.103038785095848	1	2	2	2	13
71.2308807780064	NaN	0.616268770946714	1.29092831101449	0.106474329467093	-0.685759909567677	1	2	2	2	13
12.2407405757097	NaN	-0.945518460603895	-1.13129203966986	-0.964649105420995	-0.370176815408731	1	2	2	2	14
25.2410921149727	NaN	-1.24484627291374	-0.626515114702282	-0.788297718844493	0.537055719841084	1	2	2	2	14
37.2830105360932	NaN	-0.744252871958813	0.0787484804667163	-0.402139261884088	0.926728914101076	1	2	2	2	14
46.8374261210196	NaN	0.152639208346731	0.632725358265424	0.0948613707295714	0.467913903394614	1	2	2	2	14
59.4347226045405	NaN	0.722676499719222	0.759101351516455	0.575332592537298	-0.44974195519782	1	2	2	2	14
70.8987439419772	NaN	0.5062446813737	0.394842281852779	0.916138983272526	-1.04692200536325	1	2	2	2	14
11.6659176384939	NaN	-1.34444083227188	-0.211820696964901	-0.611677128991507	-0.517855749064787	1	1	1	2	15
25.7642635618902	NaN	-1.21806629448064	-0.514432983486324	-0.203624042286876	-0.138131470831738	1	1	1	2	15
35.3346469733305	NaN	-0.527198253733078	0.0631637983120653	0.471663160325874	0.78382379411692	1	1	1	2	15
49.1598592050136	NaN	0.262692400744739	1.00548776186743	1.08882520626526	1.43884808021789	1	1	1	2	15
59.803002186028	NaN	0.619418502018158	1.47155268669829	1.35050803113493	1.25205369065579	1	1	1	2	15
72.7116341766557	NaN	0.302636589720694	1.04541438079487	1.13063056421824	0.38738232755071	1	1	1	2	15
13.044531030867	NaN	0.229269593562205	-1.06092249290927	-1.43744509287944	-0.651837780189101	1	1	1	1	16
23.7291348347667	NaN	-0.246589057576444	-0.438023270212454	-1.35401282749463	-0.619958606406894	1	1	1	1	16
35.901014894603	NaN	-0.561553005778355	0.358859168941283	-0.878174375694835	-0.359489904329345	1	1	1	1	16
47.976655087279	NaN	-0.632125776517757	0.813273991737009	-0.218713853167693	0.0669938518693463	1	1	1	1	16
59.8291546785976	NaN	-0.439598633166553	0.63071989892972	0.335016583896061	0.557035067187901	1	1	1	1	16
72.2399893125406	NaN	-0.0350102352669385	-0.0704917894768166	0.540056075157376	0.992907231194697	1	1	1	1	16
