age	diseaseAge	x1	x2	x3	x4	z1	z2	z3	z4	id
13.3790841021149	-34.0498314938665	-0.923906112248849	-0.813346744812795	-0.468104445975893	0.213917115054155	1	2	2	1	1
24.6977226796412	-22.7311929163402	-0.668503986047932	-0.746185326563798	0.340447803808704	-0.265206716970603	1	2	2	1	1
36.4001046879211	-11.0288109080603	-0.237750535571336	-0.425223653908057	1.17252704022148	-0.550097510038563	1	2	2	1	1
47.4289155959814	0	0.261096036381314	0.0613304704418914	1.31498658455666	-0.558657006327933	1	2	2	1	1
59.5630947854761	12.1341791894947	0.703822245922201	0.579760550511579	0.645729229665366	-0.288418577396208	1	2	2	1	1
71.5444386420449	24.1155230460635	0.980188656744764	0.987589829357881	-0.261647416251336	0.182741956436577	1	2	2	1	1
11.1385576969344	-36.9660349449214	-0.939264998565989	-0.445688232910171	-0.736137683809062	-0.896428216567078	2	2	2	2	2
24.0766710175522	-24.0279216243036	-0.286991260223551	-0.641349126467995	-1.31696630504764	-0.4720875884833	2	2	2	2	2
36.9048502264192	-11.1997424154366	0.58061872773298	-0.0815849478202259	-1.4721199886205	0.465003896651789	2	2	2	2	2
48.1045926418558	0	0.990025086411115	0.799078065264918	-1.12242350761888	1.07969343335099	2	2	2	2	2
58.2265077536402	10.1219151117844	0.623398937547986	1.31701062671569	-0.44632765737628	0.82415863797163	2	2	2	2	2
71.2433281681626	23.1387355263068	-0.234641819878896	1.0701589861679	0.211154532945886	-0.0738632785032044	2	2	2	2	2
12.8631480766857	-36.6110480714276	-1.21971480070896	-0.248992590305607	0.145001475896344	-0.900178490034272	1	1	1	1	3
25.4409745465291	-24.0332216015842	-1.17434006161676	-0.608483560519598	-0.460205461806901	-0.255781334467662	1	1	1	1	3
36.8927213241749	-12.5814748239383	-0.791613971755274	-0.407399886568054	-0.715243490367521	0.513903934540375	1	1	1	1	3
49.4741961481132	0	-0.210653564449916	0.240799329861418	-0.500154727684604	0.934405493775257	1	1	1	1	3
58.9203602864207	9.44616413830742	0.357367972777389	0.970375292746906	0.0838931981011889	0.746505518096737	1	1	1	1	3
72.9888863869544	23.5146902388412	0.70598059981882	1.36967333249148	0.762191638173425	0.0660347861775869	1	1	1	1	3
13.5110514671166	-47.4526384860664	-0.922542942953864	-1.39857922574866	0.120725378717646	-0.621885146809819	1	2	1	1	4
23.8913446399991	-37.0723453131839	-1.29559110800067	-1.35785695240103	-0.59143355516163	-0.94238410855454	1	2	1	1	4
37.1509798583621	-23.8127100948209	-0.887882341825693	-0.698682977887725	-0.871520054136409	-0.486163906154199	1	2	1	1	4
46.6751910826324	-14.2884988705507	-0.0178141774294003	0.119475207997245	-0.551341851426237	0.391113331263719	1	2	1	1	4
60.963689953183	0	0.635139260348994	0.526332517465712	0.176833671696914	1.00553600036925	1	2	1	1	4
72.3885116921421	11.4248217389591	0.561058192979177	0.238295068001536	0.875736270874877	0.878109805143689	1	2	1	1	4
10.6908380688112	-37.4810437570039	-0.872373780436428	-0.673764829602688	-0.646646503330008	-0.157268494507892	2	1	2	2	5
22.0392955610843	-26.1325862647308	-0.751195047636928	0.015227830126291	-0.135722443411696	-0.782368013567475	2	1	2	2	5
37.2652757333993	-10.9066060924157	0.0444176741804879	0.490061120648156	0.664064723535733	-1.05026936363407	2	1	2	2	5
48.171881825815	0	0.862551620763291	0.52266296234333	1.23957520173563	-0.830141870549548	2	1	2	2	5
58.5315211224329	10.3596392966179	1.03284048445957	0.0973740280684411	1.22156409522653	-0.229485658198422	2	1	2	2	5
72.36100631999	24.189124494175	0.41575220298647	-0.581530763767437	0.621587247735044	0.458366458263182	2	1	2	2	5
12.3747117026609	-34.9039852623773	-0.889620446806292	-0.635834529167887	-1.47579618679959	-0.850871593805617	2	1	1	1	6
23.9912635156017	-23.2874334494364	-1.27716978491834	0.259309575182129	-1.2950707048016	-0.0661124221368907	2	1	1	1	6
36.5821792286931	-10.6965177363451	-1.14723238859376	0.894618265519679	-0.892544631594882	0.568374727214008	2	1	1	1	6
47.2786969650382	0	-0.568302099407251	0.74994072395168	-0.377733636866559	0.650302338030684	2	1	1	1	6
58.9311133879555	11.6524164229173	0.154449818386574	-0.0562701734288759	0.10929713925265	0.127725378646692	2	1	1	1	6
72.4429919496693	25.1642949846311	0.640039469808708	-0.863939625120366	0.436040748380442	-0.668023692530306	2	1	1	1	6
12.5151826295311	-35.0334098910639	-0.358105984291313	-0.69797025299292	-0.858887188062068	-0.604181145025248	1	2	2	2	7
22.9967809600255	-24.5518115605695	-0.859551921789441	-0.795556640998012	-1.03645869883032	0.208675537911267	1	2	2	2	7
36.5954876229523	-10.9531048976427	-1.20206448534128	-0.599248751232822	-0.95401675141643	0.898573024676398	1	2	2	2	7
47.5485925205951	0	-1.28928597555258	-0.166999133950404	-0.633097368491405	0.97761645690471	1	2	2	2	7
60.9992574496051	13.45066492901	-1.0966787169368	0.373586704532678	-0.157533202279492	0.389906393140666	1	2	2	2	7
70.7432965881819	23.1947040675868	-0.678428144721162	0.862921047144769	0.348445777084809	-0.448929158366856	1	2	2	2	7
11.9745773140879	-34.8286764182498	-0.661115336488687	-0.592489828644701	-0.574343917614999	-0.336076753120146	1	1	1	1	8
23.1309209346869	-23.6723327976508	-0.30233141509624	-0.896431515171576	-0.784508942910471	-0.829281673163919	1	1	1	1	8
36.2829282670774	-10.5203254652604	0.38106097099287	-0.880678767940457	-0.166662559600714	-0.885403138770278	1	1	1	1	8
46.8032537323377	0	1.03645483743194	-0.550449110932187	0.751026035982711	-0.477386593857448	1	1	1	1	8
58.102795976303	11.2995422439652	1.32568947375868	-0.015119094747578	1.18406597182812	0.198074835738137	1	1	1	1	8
72.2381560769283	25.4349023445906	1.09952974806384	0.548002703504308	0.76227080503735	0.815360481870567	1	1	1	1	8
12.3806497731809	NaN	-0.739099461681554	-0.632773509158359	-0.694477292960278	-0.504193631158501	1	2	1	2	9
23.96505991132	NaN	-0.180229976484711	-0.0796545650182728	-1.01480604591021	-1.14769392443247	1	2	1	2	9
37.9901279990362	NaN	0.499775024193753	0.708730707414535	-0.980081002574636	-1.06911153949279	1	2	1	2	9
46.5861254573636	NaN	0.984186445080063	1.24221569176123	-0.603027352356425	-0.329208310659742	1	2	1	2	9
59.1146936665928	NaN	1.04737772324524	1.18911416960832	-0.021818547415289	0.499904373007758	1	2	1	2	9
71.8185782921102	NaN	0.659915962839269	0.582441209030245	0.550558143837873	0.777136176105315	1	2	1	2	9
11.8720986194167	NaN	-1.08002773638109	-0.741264626147411	-0.964831806204798	-0.353299158476737	1	2	1	1	10
23.3676772306251	NaN	-1.34232913867641	-1.1965663955973	-0.636701594383731	0.561024479393453	1	2	1	1	10
35.9162361655713	NaN	-0.90619626635747	-1.15359120764286	0.131689525936133	1.09126911099251	1	2	1	1	10
47.4931602756633	NaN	-0.0782444454305699	-0.634829140844954	0.83683225918872	0.794153859424761	1	2	1	1	10
58.3170279995071	NaN	0.559449774494068	0.0882375800054698	1.01666254515201	-0.0819349618890503	1	2	1	1	10
71.698644778071	NaN	0.558567008328831	0.637208577138989	0.553341670946116	-0.804593104405511	1	2	1	1	10
13.2247202729392	NaN	-0.645658798759847	-0.733442503324727	-0.676638458675179	-0.310728363026855	2	1	1	1	11
24.4718484231015	NaN	-0.973836751365885	-0.472434282392698	0.212498347772007	-0.737155567686316	2	1	1	1	11
36.8722285626851	NaN	-0.907273388425025	0.126662846630543	0.77029640833456	-0.56919872293758	2	1	1	1	11
47.6611128685439	NaN	-0.472885167077363	0.789288171764454	0.555414315897195	0.091645440033948	2	1	1	1	11
61.8063111588119	NaN	0.153672846203746	1.21176659220906	-0.262128756392482	0.846027180734459	2	1	1	1	11
71.4878011417288	NaN	0.719037221970656	1.20048012801711	-1.03547575503775	1.23807177216724	2	1	1	1	11
11.8521699047427	NaN	-0.316282945686187	-0.480003357163952	0.0984413531709521	-0.54295077262787	1	2	1	1	12
23.5750592318325	NaN	0.39697017593942	-0.881077688177219	0.589796034012841	0.0515356746188471	1	2	1	1	12
36.4347174788089	NaN	1.05790115375691	-0.992261805459696	0.958173096265274	0.442346371181837	1	2	1	1	12
46.744384017415	NaN	1.3011831622009	-0.777108114711049	1.10911296397708	0.481826472544706	1	2	1	1	12
60.747945892137	NaN	0.992343091604943	-0.306146783587356	1.00391150119851	0.155059733375652	1	2	1	1	12
71.2100834226254	NaN	0.302090995491993	0.266234961142917	0.669544561156547	-0.414495884479699	1	2	1	1	12
12.5249568785298	NaN	-0.492386422197484	-0.571440055734608	-0.163989874332741	-1.19138817210632	2	2	1	1	13
24.377555390408	NaN	-0.462663420001114	-0.129135433867659	-0.753997808060168	-1.23305150051033	2	2	1	1	13
33.7589634891325	NaN	-0.123610999356225	0.63715656644194	-0.971512130704497	-0.517571147286931	2	2	1	1	13
48.4231007607076	NaN	0.413424925937076	1.26465288498206	-0.712920994297223	0.359636915120745	2	2	1	1	13
62.8422934479972	NaN	0.972080017492606	1.37439267334437	-0.101402979382875	0.668568446679647	2	2	1	1	13
73.6095488655963	NaN	1.3688901326565	0.900101306366638	0.571748399105678	0.152133553232949	2	2	1	1	13
12.3368254721327	NaN	-1.04057556177888	-0.190530094650711	-0.193598619944719	-1.03670663204811	2	2	1	1	14
23.9180298949422	NaN	-0.524228427580294	-0.738482763735405	0.550749134601167	-1.36852866936884	2	2	1	1	14
36.0151459182721	NaN	0.00952253665383057	-1.0008863175082	1.21243233208275	-1.37708777099729	2	2	1	1	14
48.4289949469381	NaN	0.401108262922267	-0.875230599852326	1.40002588816231	-1.05947833089809	2	2	1	1	14
60.7331847644869	NaN	0.533461104381703	-0.41060407412381	1.00255702343556	-0.523520999661332	2	2	1	1	14
71.6344062253414	NaN	0.367013133338929	0.211482998083604	0.255152282583439	0.0488397939692211	2	2	1	1	14
13.8132329693868	NaN	0.31803070486112	0.287901046604363	-0.685600447745458	-0.63679745048385	2	2	2	1	15
23.3501200226312	NaN	-0.438195204943904	-0.252994863805271	-0.495816614052113	-0.57833907864489	2	2	2	1	15
35.8635008048901	NaN	-0.396249796468726	-0.57353972866822	0.0966249851790091	-0.123155759343786	2	2	2	1	15
48.2034313090529	NaN	0.406777423699588	-0.56343700274657	0.79584121783107	0.530540896016498	2	2	2	1	15
60.0403487841607	NaN	1.26082343663374	-0.226162941281909	1.25262249225398	1.09809575634145	2	2	2	1	15
70.52278625629	NaN	1.41071273269191	0.322229547519556	1.23883851789424	1.33236452030359	2	2	2	1	15
11.2006582573279	NaN	-0.864191624069239	-1.17889586062119	-0.633511878155174	-0.596816355449169	1	1	1	1	16
23.2358923289008	NaN	-0.423142852866813	-0.793424373888496	-0.188318203731978	-0.895547328138069	1	1	1	1	16
36.2329676656293	NaN	0.294093174279497	-0.0814941112533056	0.463222375404502	-0.781834511158478	1	1	1	1	16
46.4642445564706	NaN	0.907036023528595	0.569393250845492	1.03752745284371	-0.303124435370005	1	1	1	1	16
60.5854759082833	NaN	1.09053086108053	0.804961518202316	1.28463129952874	0.3408417180043	1	1	1	1	16
72.0494456102227	NaN	0.747237072748446	0.496991533257138	1.09698220537405	0.881369875770366	1	1	1	1	16
