age	diseaseAge	x1	x2	x3	x4	z1	z2	z3	z4	id
11.2597703575282	-37.3110232257456	-0.22846986164149	-1.13702939676504	-0.410979160482596	-0.0274510304559891	1	2	2	1	1
22.9334041558587	-25.6373894274151	0.685354807182335	-1.30103193002391	-0.794352871634422	0.834513095120483	1	2	2	1	1
35.7822138639654	-12.7885797193084	1.39469487359478	-1.09735699374653	-0.733566167040796	1.38489332243032	1	2	2	1	1
48.5707935832738	0	1.26447017467064	-0.600935415319901	-0.256526085950307	1.2146984025806	1	2	2	1	1
60.9560851051665	12.3852915218928	0.411272352311532	0.00560218666278162	0.417759344221474	0.450401325280264	1	2	2	1	1
70.6773143936903	22.1065208104165	-0.401020958920457	0.499114147406813	0.979727200293318	-0.340043610497817	1	2	2	1	1
11.2278465743775	-36.8555587978069	-0.126768026020025	-0.67906978355642	-0.929373165539248	-0.403319730988035	2	2	2	2	2
23.1197464967076	-24.9636588754768	0.413157407507296	-0.148178667010417	-0.163569139148278	0.369643957154551	2	2	2	2	2
35.416185962031	-12.6672194101534	0.949305387204536	0.418225510165861	0.426322712962715	1.13442622135018	2	2	2	2	2
48.0834053721844	0	1.3132145580966	0.832060601883919	0.491362070847984	1.33937748656184	2	2	2	2	2
60.9000466534215	12.8166412812371	1.3905421746397	0.955907084571213	-0.00692397246403825	0.836663155087098	2	2	2	2	2
71.0449458442401	22.9615404720557	1.15699137187651	0.748640063341793	-0.773782928435704	-0.0111009537666514	2	2	2	2	2
13.3573789424598	-35.1474416015459	-0.744877040153806	-0.229149618545309	-0.995850482815203	-0.709430788466754	1	1	2	1	3
25.3545015333655	-23.1503190106401	-1.20834383845879	0.470658647274138	-0.517906458520765	-0.900790445995158	1	1	2	1	3
37.2969993184667	-11.207821225539	-0.851643668979206	0.921892999657879	0.242818533444177	-0.39251650118012	1	1	2	1	3
48.5048205440056	0	0.032029359216384	0.898095437697506	0.840626944509027	0.451930514930503	1	1	2	1	3
59.2248549020655	10.7200343580598	0.716329288435461	0.411209086466654	0.925271647077423	1.02869678679432	1	1	2	1	3
72.718122781337	24.2133022373314	0.638787341677469	-0.294415620192794	0.447160558816463	0.925343751308509	1	1	2	1	3
11.854969096649	-37.3636230555913	-0.642301623316935	0.324325931969066	0.108217549110077	-1.08127737875363	2	1	2	2	4
24.8699040880678	-24.3486880641725	-0.1951106332353	-0.292660935785385	-0.691012202054062	-0.332342197231048	2	1	2	2	4
36.7440796061466	-12.4745125460937	0.45666471767581	-0.592102220024277	-0.761609750007517	0.511249846042282	2	1	2	2	4
49.2185921522403	0	1.02950724600983	-0.437007666015945	-0.0429348745131185	0.770500508181052	2	1	2	2	4
59.4243950010623	10.2058028488219	1.27423492924669	0.101669108353891	0.84770199379445	0.236741694858483	2	1	2	2	4
72.7560945143013	23.5375023620609	1.08439313795627	0.777490913482201	1.14528255879645	-0.660409814985337	2	1	2	2	4
12.1693868636029	-36.8073569705838	-0.668474727051165	-0.895372577766613	-0.306561312410915	-0.72488408883901	1	2	1	2	5
25.5592477051545	-23.4174961290322	-0.826899098986531	-0.892471909243426	0.284234833125649	-1.09493153685103	1	2	1	2	5
35.5706619478376	-13.4060818863491	-0.43167052243605	-0.456560985719572	0.669415387201339	-1.02197569240527	1	2	1	2	5
48.9767438341867	0	0.295144693508014	0.211375010932962	0.704378350472023	-0.539257386740662	1	2	1	2	5
60.4890707095005	11.5123268753137	0.945172301706217	0.803371240831682	0.375998152764335	0.133282704293566	1	2	1	2	5
71.4002665982057	22.423522764019	1.15318255834672	1.04647636572637	-0.192446830024736	0.689215509286706	1	2	1	2	5
10.4430199228235	-36.7982105415381	-0.453114517362487	-1.00960961841113	-0.701201213786375	-0.61872882673017	2	2	1	1	6
22.5764955387826	-24.664734925579	0.227981178783526	-0.704894979446151	0.0200284559165817	-0.173190229553543	2	2	1	1	6
35.8980288359232	-11.3432016284385	0.898214344088764	-0.114069994414909	0.715397342676723	0.332552265491579	2	2	1	1	6
47.2412304643616	0	1.20514571471096	0.515172772179748	0.974953311445698	0.769099452755187	2	2	1	1	6
60.3037995217114	13.0625690573498	0.987376732787177	0.919034803854203	0.645676108387954	1.02475642857763	2	2	1	1	6
71.9910804683632	24.7498500040016	0.359420292709828	0.928204333392848	-0.0783101188873117	1.0341108340719	2	2	1	1	6
11.1445828302098	-33.9698651906538	0.189742859359323	-0.135815741556598	-0.263315300980107	-0.487333515891984	1	1	1	1	7
22.0850768624708	-23.0293711583928	-0.426129976357678	-0.675658941789922	0.341816573520057	-0.625948067101912	1	1	1	1	7
36.5022058040544	-8.61224221680922	-0.546017060828165	-0.971274545037892	0.712506239413399	-0.403249293696389	1	1	1	1	7
45.1144480208636	0	-0.100210911235636	-0.916777198838606	0.699918150260374	0.100082063589541	1	1	1	1	7
60.1264714558021	15.0120234349385	0.652077693798784	-0.531687086318899	0.309106547654701	0.70169589065329	1	1	1	1	7
72.8409631334235	27.7265151125599	1.27343595672395	0.0460619289303494	-0.30301386648294	1.18363566954151	1	1	1	1	7
10.7256303865271	-37.560421959199	-0.762864122768072	-0.432449760537352	-0.415969571614139	-0.730855680600032	2	1	1	1	8
23.0293625205183	-25.2566898252077	-0.646176321946786	-0.862134475191344	-0.569324153803332	-0.24526832614771	2	1	1	1	8
35.8107555310155	-12.4752968147106	0.0736810059797731	-0.993191551663168	-0.268977912245353	0.560454928155131	2	1	1	1	8
48.286052345726	0	0.879002921108309	-0.780443039546834	0.3478829886455	1.15858836503291	2	1	1	1	8
59.3709153013675	11.0848629556414	1.19062030547583	-0.297227532896867	0.999501132723809	1.15737166812744	2	1	1	1	8
72.2027246958715	23.9166723501455	0.784425057395726	0.289881084735079	1.38824338369608	0.557601739158646	2	1	1	1	8
12.3775456087453	NaN	-0.640056428717132	-0.341889989651761	-0.201513164208106	-1.24955384311639	1	1	1	1	9
23.0782663635781	NaN	-0.405675008356225	-1.03895571054978	-0.600542313699709	-0.966769052093435	1	1	1	1	9
36.5445417178391	NaN	0.136407714654251	-1.23663169295464	-0.738731848269076	-0.247409343076476	1	1	1	1	9
48.2389391274352	NaN	0.767891437610177	-0.809948370019309	-0.574241670181632	0.470368314039695	1	1	1	1	9
59.8449523630856	NaN	1.23447348303747	-0.0286523715537459	-0.156875009103092	0.749370566113326	1	1	1	1	9
72.0492327487329	NaN	1.34825817112656	0.613325672530741	0.387000664773543	0.419659091842742	1	1	1	1	9
11.8189175041247	NaN	-0.55895816488501	-0.402698277280058	-0.87181482472513	-1.16158648206048	2	1	1	2	10
24.2345552603964	NaN	-0.395751461585682	0.26114481642561	-0.784677660532745	-1.34594608021268	2	1	1	2	10
34.6038759884941	NaN	0.317808081297312	0.857108224589663	-0.220594373466759	-0.860481867733821	2	1	1	2	10
47.426548532856	NaN	1.09786409100524	1.11214482551357	0.514591559217485	-0.0370729292236581	2	1	1	2	10
58.0166977667221	NaN	1.41546971906493	0.909406824758776	1.02226555836643	0.561371672734927	2	1	1	2	10
72.6853472822957	NaN	1.0552603071329	0.341780843897485	1.02716901452996	0.525735794095929	2	1	1	2	10
13.4057818654178	NaN	-0.344431350334401	-0.709425831481645	-0.35279530125483	0.227505414667807	2	1	2	2	11
25.2941054787296	NaN	-0.883436564170477	-1.01264357626837	-0.812888108338104	-0.359316843017881	2	1	2	2	11
35.4837219121729	NaN	-1.19504468022432	-1.08298104265237	-1.04908863261272	-0.503757955799761	2	1	2	2	11
49.3799117877597	NaN	-1.17110802865674	-0.902696297481786	-0.990827167420596	-0.129843344413413	2	1	2	2	11
59.234955681684	NaN	-0.819934137280472	-0.517264392127596	-0.655510509468494	0.565751648963515	2	1	2	2	11
71.5956050214308	NaN	-0.263402495441468	-0.0239067286524985	-0.143321324573595	1.21715102169975	2	1	2	2	11
12.4142281063522	NaN	-0.720449936542373	-0.978221380281435	-0.983850899765976	-1.02401875914511	1	1	2	2	12
24.5703515217846	NaN	0.12614594000469	-0.328082596082083	-0.772972161246263	-1.35211120593806	1	1	2	2	12
37.0063194876713	NaN	0.733103490227021	0.557725965352274	-0.276340829253021	-1.08977022343298	1	1	2	2	12
46.6083192188692	NaN	0.660814782375667	0.96366289987007	0.325898860888431	-0.392057139142742	1	1	2	2	12
59.8347271785334	NaN	-0.0383628327993919	0.561819112021258	0.81529510907184	0.328632255622956	1	1	2	2	12
72.7256058361926	NaN	-0.858028165923906	-0.323202678458276	1.01432807870888	0.646321610506216	1	1	2	2	12
11.6313323359467	NaN	-0.985638163613489	-1.42414669103145	0.144790191790781	-0.164724450506693	1	2	1	1	13
22.6209740972727	NaN	-1.0595688019557	-0.975705092381645	0.703860198065177	0.341528810989932	1	2	1	1	13
36.7530091905421	NaN	-0.813107455473448	-0.310604085396793	1.14416145590469	0.835676349033499	1	2	1	1	13
49.5286013028534	NaN	-0.326222672321982	0.269743196695088	1.32666509355883	1.18490704828049	1	2	1	1	13
60.7421019947151	NaN	0.243107553045449	0.502332652534006	1.19374403324473	1.29535882279839	1	2	1	1	13
73.2577187487204	NaN	0.710154409424284	0.2817584626971	0.787369231706924	1.13734575444326	1	2	1	1	13
11.7565223467076	NaN	-0.935687165445548	-0.730900379003291	-0.475574569236996	-0.870289254720119	2	2	2	2	14
22.8011362475703	NaN	-1.38398319454245	-0.422794703714871	0.386030140209875	-0.482395977143321	2	2	2	2	14
35.3449938076829	NaN	-1.24011061576104	0.204339543611507	0.93727083508649	0.0211829145770956	2	2	2	2	14
48.8286812950057	NaN	-0.591253111170305	0.858296887598256	0.768844515904628	0.507762491166646	2	2	2	2	14
60.1199499845784	NaN	0.169395655312338	1.23437396147666	0.00580979730326795	0.84913686916261	2	2	2	2	14
73.3480426157887	NaN	0.580898924334425	1.15734228646448	-0.785270652286351	0.955359396818389	2	2	2	2	14
12.2561990340352	NaN	-0.13823386315098	-0.24746315861517	-0.0636606247068398	-0.777568380961655	2	2	1	2	15
23.2042158578158	NaN	0.780413418060218	-0.612355197929583	0.81705135572295	-0.272360945940142	2	2	1	2	15
36.4404502342684	NaN	1.41419671615102	-0.234528753164591	1.44024914403833	0.312485568926731	2	2	1	2	15
45.9070200045901	NaN	1.21667994676254	0.60538778826929	1.31463599681382	0.776122225246552	2	2	1	2	15
58.6370450248555	NaN	0.358158367571944	1.28355131573799	0.539238790139035	0.959326170776041	2	2	1	2	15
71.8877571251582	NaN	-0.42116680203914	1.29625982597769	-0.274659622222516	0.799181209498755	2	2	1	2	15
10.8976404431282	NaN	-0.381815736059041	-0.565714558220859	-1.1440876695314	-0.507022651814697	2	2	1	1	16
23.8774974316225	NaN	-0.976620884457259	-0.412911596202329	-1.29925076195435	-0.226356176442934	2	2	1	1	16
36.9051771891323	NaN	-1.22485043447959	0.390856407053563	-1.01078032088664	0.227018822707289	2	2	1	1	16
48.7809124097652	NaN	-1.01200901600028	1.19453863115695	-0.407374778900796	0.73561465988563	2	2	1	1	16
60.1420916697569	NaN	-0.436269296152182	1.34715373669679	0.241762034412391	1.16763371059948	2	2	1	1	16
71.6901356818434	NaN	0.236809961758016	0.725083727854497	0.647023703611086	1.41112247374364	2	2	1	1	16
