age	diseaseAge	x1	x2	x3	x4	z1	z2	z3	z4	id
11.0683341513467	-36.4831762180812	-0.937979479810715	-1.26320055521666	-1.1657770471432	-0.186251047810812	1	1	1	2	1
23.5869714146626	-23.9645389547652	-0.194064037915153	-1.28985296852981	-1.21549078763269	-0.606293952295443	1	1	1	2	1
35.7655585419502	-11.7859518274777	0.556629794393961	-0.976803728514467	-0.530164878864447	-0.510211494918076	1	1	1	2	1
47.5515103694278	0	0.810294440547573	-0.433972893742556	0.341330157243305	0.0509308026650808	1	1	1	2	1
59.7363159193304	12.1848055499026	0.396689830440414	0.148036941926104	0.701022845808868	0.778899267714959	1	1	1	2	1
71.9612738048213	24.4097634353935	-0.406604645625462	0.564866377321922	0.260838985671529	1.28679612063961	1	1	1	2	1
12.1398901616047	-35.319800543652	-1.17441556173402	-1.34540182947679	-0.995946189039411	-0.216857422730819	2	2	1	1	2
26.1029504118854	-21.3567402933712	-0.982035512752802	-0.690931067847329	-1.23550425226548	-0.729365114117593	2	2	1	1	2
35.9204169678748	-11.5392737373819	-0.408359820247797	0.107479647819991	-0.735195589179744	-0.824953650061816	2	2	1	1	2
47.4596907052566	0	0.274992124992295	0.519726531552909	0.12954712282761	-0.458446272100855	2	2	1	1	2
60.0883012890688	12.6286105838122	0.744472294899745	0.272098785720871	0.709819126400962	0.196939435403739	2	2	1	1	2
71.1367733027312	23.6770825974746	0.777794963578082	-0.47099146067855	0.570183084572243	0.831457104696378	2	2	1	1	2
11.3449723055727	-37.9025714926012	-0.565068571135718	-0.645946285311082	-1.27823014824291	-0.610388275067229	2	1	2	2	3
23.0217505187789	-26.2257932793951	-0.963504257148599	-1.02538842158368	-0.909801386765195	-0.301376001082699	2	1	2	2	3
36.3473564138013	-12.9001873843727	-1.15952420738136	-0.598362104570602	-0.144620673161802	0.501476123324972	2	1	2	2	3
49.2475437981739	0	-1.10313907982041	0.290597978712521	0.534540106268974	1.22270309756026	2	1	2	2	3
58.4273634883632	9.17981969018926	-0.80872830585922	0.924258318617732	0.6991812196905	1.34534685607153	2	1	2	2	3
71.7104004288	22.4628566306261	-0.351373023180746	0.791367129984517	0.245426419994488	0.781499316636542	2	1	2	2	3
12.6958697824436	-36.1948519448508	0.291166939827834	-1.0466703374944	-0.781444369118059	-0.127172635594927	2	1	1	1	4
25.0909609006714	-23.799760826623	-0.322502441639256	-0.48297864620942	-0.101505942967295	-0.71704713780926	2	1	1	1	4
35.0290048393565	-13.8617168879378	-0.592516144416424	0.456495914151275	0.562185484367311	-0.887338500793273	2	1	1	1	4
48.8907217272944	0	-0.391510014159056	0.94039131746174	0.865068294687279	-0.551117647844275	2	1	1	1	4
60.5744150381647	11.6836933108704	0.185702332138601	0.540497711211686	0.649898041326377	0.119983884341468	2	1	1	1	4
71.9603040361484	23.069582308854	0.866852629542811	-0.38931011888972	0.0283823758116895	0.783387144345584	2	1	1	1	4
12.230117445281	-35.9230430035544	0.11869568934971	-1.08850199798303	0.433710071914547	-0.620646585675688	1	1	2	2	5
24.5151848346961	-23.6379756141393	0.705095725067239	-1.0772046424925	-0.0753672170964128	-0.930335766123158	1	1	2	2	5
35.8138342823438	-12.3393261664915	1.18544620594794	-0.733459920880008	-0.417635337444911	-0.516160253467986	1	1	2	2	5
48.1531604488353	0	1.39453004819065	-0.177634904197739	-0.493485366919526	0.321381675885587	1	1	2	2	5
60.9718296678033	12.818669218968	1.26043263099196	0.395640424694507	-0.280842974793875	0.974625158861576	1	1	2	2	5
72.7607927219845	24.6076322731492	0.829276910602903	0.785625609560621	0.158407373985301	0.969620059083814	1	1	2	2	5
12.7820057879288	-33.6195078426409	-0.728831227629703	-0.621215650721331	-1.12400596057133	-0.663709780520368	1	2	2	1	6
23.7853085711684	-22.6162050594014	0.107016494975099	0.160051025712356	-1.10723132815301	-0.60500784726065	1	2	2	1	6
35.8096591269994	-10.5918545035703	0.715331491480509	0.961061025302804	-0.510494760931739	-0.128689190296386	1	2	2	1	6
46.4015136305697	0	0.666320898465411	1.15912026953798	0.285099740332087	0.546139797904844	1	2	2	1	6
60.0623359463471	13.6608223157774	-0.00538782423288287	0.600260245362027	0.771448157769247	1.10905805158073	1	2	2	1	6
71.3073194215686	24.9058057909989	-0.825212236641807	-0.281069005466041	0.637945548042891	1.30112339827229	1	2	2	1	6
13.0281743370641	-35.8115924506049	-1.33793875177977	0.0671740345571242	-0.847813510582161	-0.000257513970050582	2	2	2	1	7
24.9754735162888	-23.8642932713802	-1.32004920612214	0.930074217391318	0.0303290721190555	-0.589432811848729	2	2	2	1	7
37.5083494627349	-11.3314173249341	-0.885615064323073	1.2548182024809	0.763872193168531	-0.411914623698632	2	2	2	1	7
48.839766787669	0	-0.228535033570647	0.780919533845185	0.730057760505536	0.391423222559896	2	2	2	1	7
59.1394894730801	10.2997226854111	0.357919809524112	-0.111494086834667	-0.0424066953034994	1.18307265693665	2	2	2	1	7
69.9573939013498	21.1176271136807	0.612000157161968	-0.706592122295079	-0.897719931114044	1.33480122982296	2	2	2	1	7
12.7547267993812	-25.1901842788167	-1.35097512152408	-0.529482752694109	-0.973424056323657	-0.998591721998857	2	2	1	1	8
22.1794460138283	-15.7654650643695	-1.22223346912404	0.350730753903975	-0.355767748648533	-1.31920029494457	2	2	1	1	8
37.9449110781978	0	-0.528861446052887	0.577014569133771	0.325333176184889	-1.41728337211367	2	2	1	1	8
46.882531878083	8.93762079988514	0.260870708498003	-0.0494997562041892	0.737086596305164	-1.26860428541526	2	2	1	1	8
58.8306237076901	20.8857126294922	0.613615739947079	-0.978203102519609	0.678306036443353	-0.909902152140226	2	2	1	1	8
72.625967257348	34.6810561791501	0.291146556986858	-1.39290897383818	0.177712214084883	-0.429813511828331	2	2	1	1	8
14.3081764062653	NaN	-0.256843851107748	-0.00256598646655976	-0.272513475667571	0.140612898573134	1	1	2	2	9
22.5288484642326	NaN	0.530255500810273	-0.444451450074462	-0.844528754280249	-0.367803534081065	1	1	2	2	9
35.1796494338496	NaN	1.0424530288456	-0.542933361182973	-1.07409592943588	-0.660610724050471	1	1	2	2	9
48.9106883766015	NaN	0.961527667207139	-0.259980786166641	-0.859166180843911	-0.644168976279188	1	1	2	2	9
59.2597447014188	NaN	0.337757196283437	0.295137979117234	-0.295281596672158	-0.323736359217138	1	1	2	2	9
73.3760709354668	NaN	-0.441318629823706	0.908051740211503	0.366895869532473	0.198212824674769	1	1	2	2	9
12.8954952657823	NaN	-0.435024388906169	-0.86732752502914	-0.495054685898757	-1.40455081268579	1	1	1	1	10
23.5427439540744	NaN	-0.401078298821743	-0.483112646044158	0.232541102810672	-1.40266997489421	1	1	1	1	10
35.4584031590041	NaN	0.256533939851682	0.0922397108117822	0.867136418203236	-1.04323047412354	1	1	1	1	10
48.4367482237716	NaN	1.07726517968186	0.654232873958106	1.0571063586971	-0.461390327273502	1	1	1	1	10
60.4541780685847	NaN	1.48633075413824	1.0031184110733	0.697189886258377	0.12406438278998	1	1	1	1	10
72.7083548489757	NaN	1.19724879389209	1.01489243088535	-0.0131857560664576	0.49298840929485	1	1	1	1	10
12.6656532261073	NaN	-0.431311364083683	-0.25515962908629	-0.87671070726696	-1.29163329935395	2	1	2	1	11
24.4253614874108	NaN	0.154506863907472	-0.80792979699239	-1.13079886205619	-1.02569250484146	2	1	2	1	11
37.6528838055973	NaN	0.941858946811681	-0.756144542139068	-1.11812405819781	-0.283933275311743	2	1	2	1	11
48.18004926149	NaN	1.43975632979804	-0.133106633609466	-0.842168062564488	0.450764140902787	2	1	2	1	11
61.2559668162979	NaN	1.3377128633604	0.660512199615361	-0.378735949116306	0.70011668824004	2	1	2	1	11
74.1489449204363	NaN	0.69936230830798	1.11434071734785	0.144867544466414	0.301797542594474	2	1	2	1	11
12.3094405413674	NaN	-0.668220895799395	0.122750287739638	-1.27400571641699	-0.447937155532158	1	1	1	1	12
24.3922524084468	NaN	-0.461350823854879	0.828691014434994	-0.802130787951008	0.0751035703071908	1	1	1	1	12
37.2013459648761	NaN	0.260854303060222	1.15689877618175	-0.184878515397117	0.773253010313554	1	1	1	1	12
47.9026004963135	NaN	1.02135415585448	0.922207599876904	0.341265864084774	1.30618441527681	1	1	1	1	12
57.9821141694707	NaN	1.31781347473736	0.257023921638524	0.574722892800142	1.41410983406507	1	1	1	1	12
71.5046200878912	NaN	0.954411092326409	-0.463373555745504	0.426049172551402	1.04441888725439	1	1	1	1	12
12.8378109309543	NaN	-0.584724256895365	-0.524739815105633	-1.18399819612111	-0.815385673585501	2	2	2	2	13
23.1063220900259	NaN	-0.172301612574708	-0.984630665528101	-0.53351372987948	-0.222055288121602	2	2	2	2	13
36.3927776766252	NaN	0.451841850386889	-1.27036900727944	0.176368392801398	0.338720529939213	2	2	2	2	13
50.1958618842329	NaN	1.03253153797487	-1.30658230350235	0.561162494354345	0.659581047790832	2	2	2	2	13
60.0248064923381	NaN	1.33235848242468	-1.08371815045726	0.412456760856349	0.621880150591253	2	2	2	2	13
72.182622568944	NaN	1.22874154115483	-0.660564026529481	-0.189206950283673	0.239558677832783	2	2	2	2	13
13.2126518699581	NaN	-0.334584747702302	0.133867132732013	-0.646456481801531	-0.560249301896171	2	1	2	2	14
24.2977082070061	NaN	0.413491047126353	-0.463960585021673	-1.05930745412556	-0.148409788601131	2	1	2	2	14
36.9228908409944	NaN	1.00310229373219	-0.360743871388674	-1.24043381041552	0.655519430131344	2	1	2	2	14
47.542267023622	NaN	1.10087833323381	0.367181905513396	-1.13839404135012	1.31069156430696	2	1	2	2	14
59.4869680109719	NaN	0.651535853280712	1.1814690286695	-0.782168356320395	1.376336783192	2	1	2	2	14
71.78974171217	NaN	-0.0908635089590492	1.47990003627815	-0.272928044101199	0.808291987492199	2	1	2	2	14
11.2823703731143	NaN	-0.700273218606956	-1.20050636168797	-1.08549598424363	-0.55318232958631	1	1	2	1	15
24.3263145304794	NaN	-0.551495725428939	-0.632615982258719	-0.572963329672141	0.32238550970651	1	1	2	1	15
34.8113868055902	NaN	0.0231839157634521	0.251837960121181	0.170697844069987	0.910800085537029	1	1	2	1	15
48.1400199814599	NaN	0.732190108654872	0.75972004454114	0.733245238448519	0.758584929358326	1	1	2	1	15
59.7265826037688	NaN	1.2157939039917	0.493009474790869	0.802835450740016	-0.0169515264444754	1	1	2	1	15
71.4555213346982	NaN	1.22862891866503	-0.339276033037241	0.340891733786664	-0.818122637704786	1	1	2	1	15
10.4428120436495	NaN	-0.574039545558434	-1.07834249707296	-0.393682528452516	-0.837021940404124	2	2	1	2	16
24.5154465968535	NaN	-0.679127811526298	-0.421675278682751	0.0645232623901486	-0.592092320617038	2	2	1	2	16
36.2675151025111	NaN	-0.540939023059123	0.264212430889803	0.590616131011565	0.0835474865072378	2	2	1	2	16
47.4726088421527	NaN	-0.193111499706463	0.622989408060016	1.03893754112615	0.803642107354811	2	2	1	2	16
57.5589229596415	NaN	0.279685564247187	0.468264444055905	1.28536142245681	1.15652187137048	2	2	1	2	16
73.1180041856202	NaN	0.76236252299354	-0.119580009340387	1.26166076794586	0.940449545707055	2	2	1	2	16
