age	diseaseAge	x1	x2	x3	x4	z1	z2	z3	z4	id
10.4715450949259	-35.416646035148	-1.31102404302087	-0.789377902330052	-0.952583209003916	-0.565260174406991	1	1	1	2	1
24.8279106931499	-21.0602804369241	-0.85207994834862	-0.604708717213645	-1.2101104581995	0.0800446235034877	1	1	1	2	1
34.31560415389	-11.5725869761839	-0.140131559323096	-0.0767804981150642	-1.04220651559884	0.986842139249463	1	1	1	2	1
45.8881911300739	0	0.456468327303485	0.571903478178335	-0.520491910957395	1.38944283405939	1	1	1	2	1
57.7318473871729	11.843656257099	0.629046723195898	1.0679456074029	0.132492563729048	0.947895246923242	1	1	1	2	1
73.4661789606112	27.5779878305372	0.288313820601377	1.20228148423947	0.638212091024133	0.0350371530546285	1	1	1	2	1
12.7769766112196	-35.212313750523	-0.850586893438114	-1.17930590318199	-0.286871309531759	0.11555943917978	2	1	1	1	2
25.7581700780929	-22.2311202836497	-0.647963673128319	-1.11928346537941	-0.653600751249146	-0.365939634711552	2	1	1	1	2
35.0794459366544	-12.9098444250882	0.115642873882348	-0.695004238575644	-0.495608875534324	-0.610849149150438	2	1	1	1	2
47.9892903617426	0	0.889571227804685	-0.0754457573743346	0.103204458124221	-0.541072379814746	2	1	1	1	2
59.6413388071494	11.6520484454068	1.11571647813578	0.492640645417471	0.8248459711071	-0.178859736744214	2	1	1	1	2
73.0836374847068	25.0943471229642	0.630997928765916	0.783003403092718	1.2860958221004	0.360286444446798	2	1	1	1	2
12.1362947076837	-35.6647696400288	-0.434671944395583	-0.629718975936032	-0.772164394576168	-0.480802185130477	2	1	2	2	3
24.1889336125551	-23.6121307351574	-0.632694480367717	-0.210533390577429	-0.201798266101775	0.205626395625775	2	1	2	2	3
37.6102064721064	-10.1908578756061	-0.557738948371408	0.406283332654593	0.436322993850534	0.912667009139007	2	1	2	2	3
47.8010643477125	0	-0.230419513836088	0.976239212475098	0.87497544605027	1.23996485052623	2	1	2	2	3
60.2121716508767	12.4111073031642	0.259244890784903	1.27341682957006	0.930466047205494	1.00219073087974	2	1	2	2	3
73.0275057902125	25.2264414425	0.776587446740157	1.18002180246361	0.579557180954582	0.333981910715996	2	1	2	2	3
11.9329468018958	-36.9088322337221	-0.769530594844968	-0.591593150457023	-0.399493866096477	-1.21160400666727	2	2	1	2	4
23.1563322714312	-25.6854467641867	-1.07929871712189	-0.188503757701392	-0.630866442506159	-0.510172688692131	2	2	1	2	4
35.7216384365441	-13.1201405990738	-0.968039130975518	0.676305924812161	-0.396939520914507	0.334422723510995	2	2	1	2	4
48.8417790356179	0	-0.483212674894975	1.33365327230525	0.193440603590567	0.675388218391104	2	2	1	2	4
59.7944849897241	10.9527059541063	0.168364583180872	1.27488830978221	0.865569810556904	0.251611271480753	2	2	1	2	4
72.1180111144153	23.2762320787974	0.708744431508299	0.545482882275894	1.30670609705092	-0.612378303850598	2	2	1	2	4
11.2151855004122	-37.8374510401815	-1.3707621533198	0.320559554095689	-0.300103618140815	-1.20195529774527	1	1	2	1	5
24.4890710742488	-24.5635654663448	-0.863869497443995	-0.435269206811646	-0.59844618024366	-0.957739143165529	1	1	2	1	5
36.7190038380602	-12.3336327025335	-0.169544488386219	-0.603960685914131	-0.332482782961686	-0.447461637030479	1	1	2	1	5
49.0526365405936	0	0.376849881969726	-0.0619797818064809	0.347661256665971	0.147533636276732	1	1	2	1	5
59.9842173417902	10.9315808011966	0.511401975125182	0.793773399442581	1.05807281140125	0.615795898982631	1	1	2	1	5
72.7947236738648	23.7420871332712	0.169122352508613	1.33661897698814	1.39775399592302	0.790913039776203	1	1	2	1	5
11.8360116000603	-35.1520922290565	-0.534393933394734	-0.0679673380569036	-0.110303051247571	-0.3804769532566	2	2	2	2	6
22.9711667690203	-24.0169370600965	-0.418206957458971	-0.505565735491133	-0.839636014080523	-0.847578046761895	2	2	2	2	6
35.3587804412785	-11.6293233878383	-0.0350139130102183	-0.748525114511696	-1.07980085400099	-1.18750325012636	2	2	2	2	6
46.9881038291168	0	0.499133764930574	-0.732143750165401	-0.674899865093985	-1.31850353143062	2	2	2	2	6
59.7827171942925	12.7946133651757	1.02246747060149	-0.460784110509933	0.112234410981951	-1.20907447125595	2	2	2	2	6
71.0718973897688	24.083793560652	1.37649364985853	-0.00671110188133867	0.770651129265766	-0.885532799414048	2	2	2	2	6
11.9432167923124	-36.7319393686406	-0.193825688602584	-1.05507347026305	-0.575703886712199	-0.734515531800877	2	2	1	1	7
22.0086694896596	-26.6664866712934	0.662501205322756	-0.774756260149397	-0.378903727368174	0.132100299287205	2	2	1	1	7
36.1764150325597	-12.4987411283933	1.19250576728231	-0.121170155852495	0.340575312029898	0.861768667574892	2	2	1	1	7
48.675156160953	0	1.00740524673171	0.566468657265998	1.10541623835564	0.852238758791613	2	2	1	1	7
60.3068879601855	11.6317317992325	0.242979398548528	0.931270377603583	1.40820806229209	0.111376331649265	2	2	1	1	7
71.4457925736111	22.7706364126581	-0.540030219222811	0.783900123080101	1.04807254412636	-0.749328491214641	2	2	1	1	7
11.2490755081061	-37.69749477509	-1.30870685277839	-1.31499463192578	-0.232710205996254	-0.352519213037966	2	2	1	2	8
24.3732397364573	-24.5733305467387	-0.877757430594421	-0.547407695342645	-0.590454606174813	-0.824678571854093	2	2	1	2	8
36.1977687269233	-12.7488015562728	-0.0340387185680575	0.268609188039697	-0.47742296857756	-0.472966296552737	2	2	1	2	8
48.946570283196	0	0.606339923297924	0.49460558684978	0.0522021325160059	0.412046899254143	2	2	1	2	8
56.511779259184	7.56520897598796	0.575754309862581	-0.0462377550417924	0.744540880885409	1.09919826146232	2	2	1	2	8
70.7642024092213	21.8176321260253	-0.103461002996237	-0.930765787823058	1.26771543721486	1.02079062481027	2	2	1	2	8
11.8260816985906	NaN	-0.0912001566610688	-0.487173202643797	-0.248852388612827	-0.908581376244055	2	2	1	2	9
24.5141250374751	NaN	0.567222822829096	0.321237460496416	0.309569249212644	-1.10846807819815	2	2	1	2	9
35.5132851151106	NaN	1.07984882449893	0.598910240196206	0.699143729832842	-0.8527011710379	2	2	1	2	9
49.1590792818169	NaN	1.2244313138288	0.139874992895265	0.790897673324688	-0.257934503928217	2	2	1	2	9
59.6831377331503	NaN	0.938287248793692	-0.715368373968458	0.554454818402856	0.40456218834125	2	2	1	2	9
71.599062161039	NaN	0.345473010888612	-1.33242350637577	0.0680924539425904	0.832627887090187	2	2	1	2	9
14.5680912722784	NaN	-0.750003370832583	-0.427546097656291	-0.285926479335843	-0.266658520818146	2	2	1	1	10
23.1936281626993	NaN	-0.453113540341992	0.270478123988333	-0.825772569311986	0.185911539494404	2	2	1	1	10
35.4579326124542	NaN	0.249654605538377	0.948249605409145	-0.796166550674767	0.725809100179451	2	2	1	1	10
48.810852507203	NaN	0.952580427606539	1.23348688831227	-0.215142449355667	1.19551325760761	2	2	1	1	10
59.8449209771341	NaN	1.24985225737286	0.969516883684948	0.563378329730981	1.45798278636069	2	2	1	1	10
72.4229736923117	NaN	0.969849742525496	0.301331142458901	1.06517248455038	1.43663938648879	2	2	1	1	10
14.2009591031341	NaN	-0.377847755174757	-0.559379644585505	-0.575032583075253	-0.784948322618001	2	2	2	2	11
24.6731990602368	NaN	0.0839055976941405	-0.520175796183391	-0.124758012995962	-0.497342835097118	2	2	2	2	11
37.2815927375779	NaN	0.594574181190315	-0.0775035241826764	0.371226330429153	0.186198010480381	2	2	2	2	11
48.0831170535563	NaN	1.02030837458657	0.575024996695292	0.790390296690239	0.885722707017009	2	2	2	2	11
60.6333897884973	NaN	1.24952042379286	1.15201247824024	1.02918177863891	1.21239499926828	2	2	2	2	11
72.6097486602433	NaN	1.2221323313684	1.40110111953543	1.02860867982796	0.984631547232034	2	2	2	2	11
13.0477686102519	NaN	-0.28713322183377	-0.10071086420096	-0.591625716935888	-0.495430756336654	2	1	2	2	12
22.2921163529689	NaN	-0.578216998926674	-0.481295473244224	-0.00385392202010526	0.040360394215495	2	1	2	2	12
37.6945545400234	NaN	-0.634024230611674	-0.670396068446478	0.48965284958158	0.582186452376712	2	1	2	2	12
48.8439596150034	NaN	-0.440498414314778	-0.62273508811635	0.718316378267685	0.959225967772325	2	1	2	2	12
59.8716957351308	NaN	-0.0463840595337167	-0.34972430478084	0.603100225521921	1.05260972786019	2	1	2	2	12
72.2856354721772	NaN	0.449050884486197	0.0832675683010446	0.183828295160075	0.832896643384113	2	1	2	2	12
11.3773017136995	NaN	-1.38607949610114	-1.15641440001653	-0.117481137979119	-1.04952270941733	2	1	1	2	13
22.9380791851101	NaN	-1.41087202191451	-1.06990346811958	0.696178767822129	-1.14862783574099	2	1	1	2	13
34.6792492433044	NaN	-1.06208002514421	-0.712417590295722	1.32762184942403	-0.544599096296065	2	1	1	2	13
45.4135418684786	NaN	-0.475174394998929	-0.190813690069131	1.34901136978071	0.313549451526983	2	1	1	2	13
62.3931858772608	NaN	0.121890591090707	0.338994414605461	0.745854775464931	0.787899880750294	2	1	1	2	13
72.988116997766	NaN	0.497214759583166	0.718640568207946	-0.0731768169040378	0.525836501189667	2	1	1	2	13
11.7596320339839	NaN	-0.856623633169262	-0.436466999853745	-0.538705417325077	-0.683440028273941	2	1	1	2	14
25.2310971643733	NaN	-0.815193914381742	-0.793930041828694	0.287864940634367	-0.412677756094796	2	1	1	2	14
37.5428912119499	NaN	-0.534932165440561	-0.655316806066774	0.702486427544375	0.453248592998509	2	1	1	2	14
48.0584093338167	NaN	-0.086755867105057	-0.0903458041421695	0.41172418907906	1.19289027606195	2	1	1	2	14
61.0035591290526	NaN	0.415928373643705	0.616818633459297	-0.378644269781336	1.19001294125502	2	1	1	2	14
72.5822132345851	NaN	0.845921250778402	1.11049292604082	-1.10926141231607	0.44701384739963	2	1	1	2	14
12.4786353573817	NaN	-1.07339710251909	-0.557557455290552	-0.300032706781112	-1.14065080415327	2	1	1	2	15
23.047235478124	NaN	-0.675479898112095	-0.00352854307584011	0.494509447330014	-1.13576063218845	2	1	1	2	15
35.8615008012556	NaN	0.0364426575336218	0.444611054211256	0.696755152227081	-0.733487809518711	2	1	1	2	15
47.2994548335087	NaN	0.67874633592157	0.648647137425149	0.151889881787005	-0.103277225318629	2	1	1	2	15
59.4866155836075	NaN	0.905321505985847	0.545651360111011	-0.723004287082632	0.489414553180298	2	1	1	2	15
73.4013401706859	NaN	0.594076622623584	0.167389446527595	-1.25821559842469	0.794934586324011	2	1	1	2	15
11.2390845125166	NaN	-0.190736166649364	-0.259272172771426	-0.960541614909205	-0.810355428427619	2	2	1	1	16
25.6500006415807	NaN	-0.822815974911574	-0.658105149502964	-0.502881475361915	-0.511577294966962	2	2	1	1	16
36.5224428197475	NaN	-1.00565397567526	-0.455472643266046	-0.00687162794428148	-0.0379161128528116	2	2	1	1	16
47.5378203688132	NaN	-0.637614235921871	0.225593946892541	0.404306499736394	0.481622706115231	2	2	1	1	16
60.9139874685861	NaN	0.0767174242154538	0.971574712507245	0.628538989917593	0.905538608761798	2	2	1	1	16
72.0133621729414	NaN	0.740258535777807	1.32953611907269	0.610138887188523	1.11837470806645	2	2	1	1	16
