age	diseaseAge	x1	x2	x3	x4	z1	z2	z3	z4	id
10.4512188509759	-37.3691238898332	-0.295106150299888	-0.554128946630457	-0.903265607300758	-0.906943034102232	2	2	2	2	1
24.3801061823818	-23.4402365584274	-0.636518866289228	-0.42404391766557	-0.794607196730008	-1.07393324564715	2	2	2	2	1
35.4648514823469	-12.3554912584622	-0.512667627582986	0.41527724415898	0.00659698927751878	-0.947422875057393	2	2	2	2	1
47.8203427408092	0	0.0179872369520677	1.22910861101926	0.83086277663818	-0.564570766623527	2	2	2	2	1
60.4619707884561	12.641628047647	0.704965730349158	1.30503754124087	0.989435776004125	-0.0378289020865773	2	2	2	2	1
72.7982171142963	24.9778743734872	1.22399989156149	0.576597280209324	0.349812793599631	0.478087189428003	2	2	2	2	1
11.9991283475139	-36.9202340393942	-0.735269598179078	-0.661134795488901	-0.495214833385315	-0.560009657824712	2	1	1	1	2
21.8666822917629	-27.0526800951453	-0.444786917755819	-1.3781484393831	-1.15492611887341	-0.213355957739825	2	1	1	1	2
35.660831633147	-13.2585307537612	0.0453691724558844	-1.39780185712303	-1.26637270421688	0.661802507402297	2	1	1	1	2
48.9193623869081	0	0.588991452363825	-0.704629722401051	-0.757785552827911	1.35466527415898	2	1	1	1	2
59.542022571775	10.6226601848668	1.02392442923262	0.155908981887478	0.0433169123320842	1.30249177001821	2	1	1	1	2
73.3491209231184	24.4297585362103	1.22043322320604	0.50665407738141	0.62104313697758	0.547657121771059	2	1	1	1	2
11.4016715990309	-34.8951111413998	-0.535505530566256	-0.816560591071472	-0.256945208215379	-0.942411446662605	1	1	1	2	3
23.3058877000403	-22.9908950403905	0.169087974335532	-0.714123856821728	0.312588561146856	-0.48872745351885	1	1	1	2	3
37.2438353344586	-9.05294740597215	0.788612660009559	0.118890145028773	0.758214901443016	0.138703431449113	1	1	1	2	3
46.2967827404307	0	1.0025059478178	0.945776707145364	0.933994436388001	0.688829325859711	1	1	1	2	3
60.2339421726698	13.937159432239	0.70009237077933	1.03525013518218	0.782360650329918	0.941530142150349	1	1	1	2	3
73.0728473863123	26.7760646458816	0.0378507235448247	0.308181512374722	0.352972502266471	0.795693523360205	1	1	1	2	3
13.6021313469847	-34.3454473284813	-0.273150437840818	-0.554713301691376	-0.469667341841961	-0.971365312115788	1	1	2	2	4
23.6045086671	-24.3430700083659	0.470092399720185	-0.156566991957225	-1.23481155190507	-0.683733349305894	1	1	2	2	4
34.087460213098	-13.8601184623679	0.723077128241698	0.636516519709566	-1.22310438137545	-0.218919005132729	1	1	2	2	4
47.9475786754659	0	0.318605808469763	1.30033812137257	-0.444765039247674	0.298224811305135	1	1	2	2	4
60.356485978753	12.4089073032871	-0.476005933279288	1.39613608244854	0.420792743741359	0.728789069522723	1	1	2	2	4
70.9177861295343	22.9702074540683	-1.13559815354214	0.860591464411308	0.618022112024383	0.957120711764339	1	1	2	2	4
13.8755703667424	-34.0920113670707	-0.684058501073896	-0.404430498600235	-0.726940539249571	-1.19579076046029	1	2	1	1	5
24.852049327456	-23.1155324063571	-0.282150192748042	0.300455088222231	-0.161741208511599	-0.762199225309432	1	2	1	1	5
36.9215368813845	-11.0460448524286	0.61141401666482	0.986316079064124	0.774284332973017	-0.135979953617434	1	2	1	1	5
47.9675817338131	0	1.26200932045632	1.26668993331677	1.25882230524112	0.429769079609494	1	2	1	1	5
59.3639523454841	11.396370611671	1.13476262919593	0.983594212145564	0.866198157917191	0.706390052511972	1	2	1	1	5
72.8010305980426	24.8334488642295	0.334287103288613	0.296545046516014	-0.0586613603347693	0.582081538256395	1	2	1	1	5
12.5440552571675	-35.97777973449	-0.612465070372544	-0.0291194040078662	-0.752605306660552	-0.169485581519969	2	1	2	2	6
23.497411511574	-25.0244234800835	-0.0390182722465973	-0.703318132046928	-1.32890344503286	-0.653110328228256	2	1	2	2	6
35.6506090771132	-12.8712259145443	0.561859166334022	-0.97545622435675	-1.48534699995094	-0.371652321508479	2	1	2	2	6
48.5218349916575	0	0.959877497142391	-0.695204873742538	-1.14315133790399	0.457760869110585	2	1	2	2	6
59.1462769643798	10.6244419727223	1.00249389645713	-0.0173746430879369	-0.474645448970732	1.19528789637771	2	1	2	2	6
72.4761598920272	23.9543249003698	0.673375383143663	0.683601733144911	0.183512557238578	1.27197194588709	2	1	2	2	6
12.856254156026	-35.2529193748778	-0.306311867779732	-0.134678745162547	-1.35841929071531	-0.413821207436656	2	2	1	2	7
23.7430145966824	-24.3661589342214	-0.906943749527763	-0.66088804017092	-1.09615364492204	0.160625438672531	2	2	1	2	7
34.5578690098188	-13.551304521085	-1.05316421368112	-0.295773019664599	-0.366864351703426	0.680611754008911	2	2	1	2	7
48.1091735309038	0	-0.665696945310371	0.633700787633759	0.366018432161683	0.9715704149567	2	2	1	2	7
59.3337869301938	11.22461339929	0.0453850171075417	1.29517678786031	0.636781050123928	0.935822168761659	2	2	1	2	7
71.2624908111822	23.1533172802784	0.694554531939752	1.09629411387927	0.273366180543069	0.585368245991151	2	2	1	2	7
12.5743953574665	-35.1805949820367	-0.661751511805667	-0.0877989721186788	0.284002371574671	-0.164781878188777	2	2	2	2	8
25.3563168518071	-22.3986734876961	0.0500733976360906	-0.596895437163051	0.9608393783855	0.542415862208256	2	2	2	2	8
36.3988598439667	-11.3561304955365	0.831065992065831	-0.753344337806047	1.29150307921932	1.07813038607597	2	2	2	2	8
47.7549903395033	0	1.15182114151004	-0.491453506306777	1.10352799901777	1.17440001701028	2	2	2	2	8
59.8242238997362	12.069233560233	0.79491114845621	0.0788103118866069	0.494956987432446	0.783071175926335	2	2	2	2	8
72.28286479834	24.5278744588368	0.0022717016793008	0.717995984504372	-0.216795348625905	0.0998845560669842	2	2	2	2	8
13.7481146144669	NaN	-0.258732647090824	-1.27125817883036	-0.880724445967553	-0.259491130142394	1	2	2	1	9
23.1066046726387	NaN	0.600252412735183	-1.44656740150842	-0.703583152660638	-1.01926623245998	1	2	2	1	9
35.263727295427	NaN	1.31824847134403	-1.17160863579377	0.0205192931356558	-1.19557269595664	1	2	2	1	9
47.5332805709036	NaN	1.31904154903508	-0.570572346968352	0.797071612762742	-0.659217243883256	1	2	2	1	9
60.8272453061003	NaN	0.601995176503111	0.0850717550768368	1.09574293556353	0.196771320497229	1	2	2	1	9
72.5189250130165	NaN	-0.257438818915808	0.49918928131547	0.712561656975279	0.745144481737289	1	2	2	1	9
11.4298738600499	NaN	0.0358351457437268	-0.331705863328531	-0.655520408957338	-0.553723672734409	1	1	2	2	10
25.0097555371728	NaN	0.823304210173004	-1.01269909967952	-0.472884926869662	0.319729844463816	1	1	2	2	10
35.9109916478614	NaN	1.29023231127175	-1.25698294711303	0.266691417344875	0.999151234108549	1	1	2	2	10
47.0202050131697	NaN	1.14245171185649	-0.923011439158825	1.04510631202729	0.940483861172356	1	1	2	2	10
61.1289037097481	NaN	0.473065149644877	-0.204298475174355	1.31704951365829	0.190706484334375	1	1	2	2	10
71.6572268946616	NaN	-0.296209492366826	0.482710395244442	0.892014115808075	-0.64978567352984	1	1	2	2	10
11.360185160781	NaN	-0.834892746142577	-1.3049836620547	-1.00987179539523	-1.4724097207343	1	2	1	2	11
23.776093263233	NaN	0.0855077877745447	-0.854067085717787	-1.18393933201974	-1.32196458205526	1	2	1	2	11
36.2361266316016	NaN	0.506947223249945	-0.247696006985948	-0.745082064353262	-0.923141425367782	1	2	1	2	11
48.4660603713833	NaN	0.0659240434161013	0.287957154984276	0.0331185843669689	-0.392545804338926	1	2	1	2	11
58.9173341204501	NaN	-0.857168790488081	0.553097298280979	0.665536226299458	0.114689874284264	1	2	1	2	11
72.782288963827	NaN	-1.4661417976296	0.448828895514659	0.757924870076183	0.450263045433113	1	2	1	2	11
11.0823456425861	NaN	-1.03137343650379	-0.554997370388175	-1.14183935453062	-0.796230444794029	1	1	1	1	12
23.8428579520167	NaN	-0.876681650723444	-0.350074196780826	-0.491565366459204	-0.134880680330329	1	1	1	1	12
35.3981988323758	NaN	-0.205135907728791	0.366960228566726	0.283157600330483	0.703477765294661	1	1	1	1	12
47.2568485308301	NaN	0.561603194606799	1.12667895456326	0.696828508751684	1.10612539598286	1	1	1	1	12
60.8715843531518	NaN	0.942103569673719	1.43171054041834	0.490209329650122	0.778784680842997	1	1	1	1	12
70.422868035701	NaN	0.697450717133849	1.08235739523169	-0.207216457025875	-0.0393053779062949	1	1	1	1	12
13.5436241770404	NaN	-0.44196833963332	-0.411406780079559	-1.06100492991719	-1.36353016217756	2	2	1	2	13
22.4281562862779	NaN	-0.925190741972018	0.518746457027221	-0.36323400316456	-1.40236047393229	2	2	1	2	13
35.0081546844402	NaN	-1.26464094656594	1.17903710892414	0.363077122594066	-1.06751732467434	2	2	1	2	13
48.1201818045473	NaN	-1.37193722478745	0.977686212204725	0.684046741598241	-0.488247769197793	2	2	1	2	13
60.2860345973954	NaN	-1.21914313583849	0.0951525157536673	0.407934921948461	0.111854297435885	2	2	1	2	13
70.7059553834608	NaN	-0.846041262031973	-0.677601887361822	-0.300315430978274	0.501153780227332	2	2	1	2	13
12.2133217335225	NaN	-1.15347907856889	-1.32714819359021	-0.610847713875087	-0.151898665689406	2	1	1	1	14
23.6040667609857	NaN	-0.6158715176538	-1.26546808315235	-0.929611268695882	-0.80341042649837	2	1	1	1	14
36.0210659945589	NaN	0.0096099265497096	-0.650944372701101	-0.945377635182206	-1.01194974827262	2	1	1	1	14
48.8236455850214	NaN	0.476033161030769	0.132522067583259	-0.6531240037657	-0.660008856059927	2	1	1	1	14
59.2738623539442	NaN	0.599260244389737	0.595489670081883	-0.145955804764757	0.0541005322020029	2	1	1	1	14
70.6160412015559	NaN	0.330642696497514	0.44873661561714	0.414554586541932	0.727991928568251	2	1	1	1	14
12.2011890114006	NaN	-0.13848298415102	-0.701652830282711	-1.25346362187289	-0.461894723829434	1	1	1	2	15
23.7478369164584	NaN	-0.700912701117645	-0.504657666871245	-1.39188195770672	-1.06881418897694	1	1	1	2	15
36.8892940784899	NaN	-0.868782417788353	0.35785770904347	-1.09125837215283	-1.25499122369338	1	1	1	2	15
46.5647526515361	NaN	-0.561940987398927	1.13682572080946	-0.484695659244969	-0.923476751421176	1	1	1	2	15
57.8421837034575	NaN	0.0731069493790347	1.15573705954149	0.159247106731408	-0.246902278517773	1	1	1	2	15
70.4297306347831	NaN	0.733151132872262	0.398167820146599	0.555460621423637	0.422415538613359	1	1	1	2	15
11.4586819912232	NaN	-0.264281204643685	-0.327833595478381	-0.348636245539708	0.132330666700052	1	1	1	1	16
23.85222778357	NaN	-0.505530451285709	0.556935160856167	-0.918153860865962	-0.403977471833065	1	1	1	1	16
37.2391265606219	NaN	-0.262877028001418	1.29978500330642	-0.685095432655175	-0.739860789385044	1	1	1	1	16
49.1258731825405	NaN	0.346258357779095	1.2549061877006	0.159296842229387	-0.76473158818421	1	1	1	1	16
58.132875325027	NaN	1.02711329573841	0.461314911887695	0.922134768741448	-0.47040129726792	1	1	1	1	16
72.2099136044214	NaN	1.45022007266487	-0.39106611092393	0.977451708228321	0.0462234864713998	1	1	1	1	16
