age	diseaseAge	x1	x2	x3	x4	z1	z2	z3	z4	id
11.6443245333694	-37.0592665035455	-1.10977301704544	-1.38721141293023	-0.754355478316123	-0.622421967674002	2	2	1	2	1
23.9152692741596	-24.7883217627553	-0.736674520873477	-0.677769026439969	0.0237420253044187	0.0024539467789384	2	2	1	2	1
35.8752348030777	-12.8283562338372	-0.0126351543514098	0.194643665990424	0.786101783716936	0.877432758265455	2	2	1	2	1
48.7035910369149	0	0.651338587183016	0.515457315423172	0.98008694083187	1.32119952005147	2	2	1	2	1
60.7140788918698	12.0104878549548	0.878336920750424	0.0219022457696847	0.46507707935533	0.988208804408346	2	2	1	2	1
73.0163985402718	24.3128075033568	0.539502502619345	-0.881764099391673	-0.38559562051711	0.137748663472924	2	2	1	2	1
10.6811800832405	-38.2569935545423	-0.441663197854871	-0.178444946063152	-0.0587038218702522	-0.731053473308973	1	1	1	2	2
24.7455628140434	-24.1926108237395	0.326963780476951	-0.54641955140232	-0.648084265652937	-0.373038606379046	1	1	1	2	2
36.6371866871219	-12.3009869506609	0.839655628987293	-0.579121777185989	-0.373860451581192	0.469072697384	1	1	1	2	2
48.9381736377828	0	0.792708020593577	-0.264843028435566	0.522742128710662	1.15998224558509	1	1	1	2	2
60.0923695040796	11.1541958662967	0.213931406850238	0.283893388214139	1.2530122578412	1.17846014246196	1	1	1	2	2
73.5770091447739	24.6388355069911	-0.553823116562574	0.87061973093247	1.17455579684158	0.510566455807678	1	1	1	2	2
12.7795045264925	-36.3151204759311	-1.03066146643208	-0.913491036210206	-0.593230153216144	-0.55005202084856	1	2	2	1	3
25.4546223601865	-23.640002642237	-0.99925193091602	-1.30812971115957	-0.929854819663772	-0.151997831941708	1	2	2	1	3
37.4049198235619	-11.6897051788617	-0.737143926995916	-1.3854771877393	-0.992174106184231	0.460721814493426	1	2	2	1	3
49.0946250024236	0	-0.307884765129367	-1.11851868618688	-0.7617020063082	1.04352622018679	1	2	2	1	3
60.8789166609742	11.7842916585507	0.184452940273055	-0.600493513640323	-0.306804333689659	1.36377602172207	1	2	2	1	3
71.531383978581	22.4367589761574	0.620503368453253	-0.0123298214317684	0.237580888654299	1.29363637564995	1	2	2	1	3
11.8652131157144	-35.5712480834309	-0.782241987113276	-0.931450896808757	-0.590734207702649	-1.07419084987352	2	2	2	1	4
23.4582267685216	-23.9782344306237	-0.690289762212581	-0.686010941624085	-0.102873630149652	-1.03074344460407	2	2	2	1	4
34.8472933199385	-12.5891678792068	-0.190966980722731	-0.229790128361591	0.640177730242433	-0.760604756062068	2	2	2	1	4
47.4364611991453	0	0.486173921552332	0.306155046600219	1.22455307961042	-0.328647318705747	2	2	2	1	4
59.7446565405716	12.3081953414263	1.02983262093034	0.767866028895594	1.32476542587347	0.161396322191111	2	2	2	1	4
73.337104226622	25.9006430274766	1.19007423898284	1.02270918603768	0.884998220318825	0.591844492997475	2	2	2	1	4
11.696526301923	-37.8699204473655	-1.22165419734533	-0.115168822320061	-0.243225805210647	-0.346532340916904	1	2	2	1	5
24.0317207767928	-25.5347259724958	-0.99653395356302	0.459296739232658	0.512097184347752	-0.817064535575017	1	2	2	1	5
36.1761331466319	-13.3903136026566	-0.525472988406504	0.988861309369816	1.17463003441734	-1.15092070437783	1	2	2	1	5
49.5664467492885	0	0.0405695160814802	1.29406865500227	1.3424701358797	-1.26536392989612	1	2	2	1	5
61.3062962654574	11.7398495161689	0.520195991858899	1.27149161418045	0.913803103704215	-1.13203265830869	1	2	2	1	5
71.2985063372578	21.7320595879693	0.759702299069161	0.928780983291912	0.148664947661984	-0.78396931757971	1	2	2	1	5
12.8392403818961	-37.5087501075667	-0.929898289096412	-0.544891800744096	-0.465933786871237	-1.10901025524924	1	2	2	2	6
24.2820373755659	-26.0659531138969	-0.0916685697501188	-0.196795558900907	-0.572942304552715	-0.729319751253635	1	2	2	2	6
36.9137019448518	-13.434288544611	0.621772913150056	0.624658417609976	-0.407581540615124	-0.22386752009832	1	2	2	2	6
50.3479904894628	0	0.664986947461328	1.32282607955699	-0.0149662840996375	0.271472441146379	1	2	2	2	6
59.4983057153142	9.15031522585142	0.00493560450532049	1.39060953371922	0.497787641080843	0.623544482362663	1	2	2	2	6
72.3330434546978	21.985052965235	-0.853759653264984	0.778775839824077	0.990787405371656	0.737705761857217	1	2	2	2	6
11.7783249250461	-36.7801546062635	-0.310358939031723	-0.19453408359381	-1.24390891077505	-0.41348767546355	1	2	1	1	7
23.7985871972321	-24.7598923340775	0.275630265686184	-0.887650054413577	-1.2652805936452	-0.791068480341563	1	2	1	1	7
35.9812199583102	-12.5772595729994	0.860063255823434	-1.15331396972715	-0.887810396445453	-0.770886911822114	1	2	1	1	7
48.5584795313096	0	1.22188106991037	-0.836747472165046	-0.268876742731577	-0.361338125335728	1	2	1	1	7
57.9330949050293	9.37461537371963	1.2242278637817	-0.122385254082974	0.333468729434131	0.267213235971915	1	2	1	1	7
72.5028608359755	23.9443813046659	0.866215973967476	0.573578371674397	0.668090482600955	0.853301549685969	1	2	1	1	7
12.4100135815354	-35.4090254864069	-0.174983304524009	-0.635178608839339	-0.87000070885417	-0.702134864133102	2	1	2	2	8
24.2955687400157	-23.5234703279266	-0.558349953921478	-0.12862424297319	0.00356834052490251	-0.19196664764195	2	1	2	2	8
34.3374864761156	-13.4815525918267	-0.536110963316674	0.572131497079879	0.62257314208444	0.372622142883324	2	1	2	2	8
47.8190390679423	0	-0.117701250153147	1.12220763202502	0.507700359024866	0.809082683433831	2	1	2	2	8
59.1006481754978	11.2816091075556	0.519368381619913	1.25088101931296	-0.252100687393276	0.97629393203909	2	1	2	2	8
71.3733727057951	23.5543336378528	1.10482040509563	0.894824309225967	-1.06849405220646	0.820191377844133	2	1	2	2	8
12.2280614001431	NaN	0.179796128367437	-0.184196035294068	-1.0853776320421	-0.925371571865077	2	1	2	2	9
22.6360863216319	NaN	-0.30660395990883	0.454280793800899	-1.26947064889237	-1.24262009898969	2	1	2	2	9
36.0896538383253	NaN	-0.580379868214476	0.906407490630495	-0.830421168043145	-1.21695736924957	2	1	2	2	9
46.8214651038977	NaN	-0.558102341925578	0.984366466824207	-0.0460903487368328	-0.857487791427792	2	1	2	2	9
60.3580246411811	NaN	-0.2465601354824	0.655772846631035	0.587142516513892	-0.291740978106996	2	1	2	2	9
73.7936661338195	NaN	0.259308762493977	0.0571274421715182	0.668523467885129	0.279572144464603	2	1	2	2	9
10.1780676529222	NaN	-0.665536997231521	-0.0625196499609307	-0.840728057642731	0.357138397388265	2	1	1	1	10
23.4049606968228	NaN	-1.11995574308766	-0.53340826748611	-0.154924880404291	-0.233429458564992	2	1	1	1	10
36.7901637693891	NaN	-0.851630527383485	-0.698791219426562	0.492722310167718	-0.522020770018877	2	1	1	1	10
48.5199533765352	NaN	-0.0559169774044225	-0.498097241459815	0.770153167580359	-0.384828351238868	2	1	1	1	10
59.4587204529072	NaN	0.6878613450004	-0.00483020955809893	0.535123908518664	0.11929153080118	2	1	1	1	10
69.4632410442578	NaN	0.838192601842216	0.600351547107888	-0.091861744719005	0.774068803541686	2	1	1	1	10
13.6379124059555	NaN	0.247989737732756	-0.420930702541334	-0.97128655603482	-0.367204091196122	1	1	1	2	11
23.0777143853748	NaN	0.763745424015834	-0.946841414724444	-0.94963612080709	0.278748745602062	1	1	1	2	11
34.3569954817439	NaN	1.1695416564353	-1.27172392439884	-0.261787619110991	0.640841277660051	1	1	1	2	11
48.389748897421	NaN	1.35490696344653	-1.29089086182509	0.577694816004051	0.55189281708222	1	1	1	2	11
59.5515347301317	NaN	1.26937863346456	-0.998166036517818	0.940813085581587	0.0529714984200903	1	1	1	2	11
71.4135629859629	NaN	0.936240373229404	-0.48787460020516	0.55592650549009	-0.625567170065346	1	1	1	2	11
11.2430767406365	NaN	-0.816750563776823	0.330766051103909	-0.523716300587991	-0.831740512987545	2	2	2	2	12
23.8923281293516	NaN	-0.745575149122912	0.955332297575281	-1.0128910408599	-1.0686762427585	2	2	2	2	12
34.8535259116961	NaN	-0.255400185828055	1.34040605193724	-0.878104521008818	-0.597070026392232	2	2	2	2	12
48.5951604604968	NaN	0.425378634803788	1.32385278866709	-0.206017346681468	0.244946518548825	2	2	2	2	12
59.1949875261441	NaN	0.979554272416752	0.912642225788363	0.571253964543412	0.85366545422412	2	2	2	2	12
72.7139197126325	NaN	1.1489100955337	0.279913739192108	0.953965056501748	0.792648262187739	2	2	2	2	12
11.4221395065249	NaN	-1.37204863413382	-0.228342648505629	-0.594943711180966	-0.634283359257187	1	2	2	1	13
25.0975151424794	NaN	-1.41896773487919	0.506161055435945	-0.742007629848543	-0.415039804493903	1	2	2	1	13
35.4567934986934	NaN	-1.22856147555106	1.06987588857313	-0.0862188831137093	0.161785295633175	1	2	2	1	13
47.4038591705718	NaN	-0.84654241019535	1.15773870173196	0.818338200671434	0.831969921893644	1	2	2	1	13
58.4761232339334	NaN	-0.364625313490497	0.722201151491435	1.20739173254767	1.28852754549619	1	2	2	1	13
72.2720068679072	NaN	0.101491615320955	-0.00103876583981191	0.752225390412846	1.32232618314687	1	2	2	1	13
10.9501204079934	NaN	-0.741699433115909	-0.753925856077726	-0.905972734922782	0.271935611082017	1	2	2	1	14
24.7449202943995	NaN	-1.37147673402219	-0.905239260583595	-0.561651815377666	0.979070153229318	1	2	2	1	14
36.2964426827862	NaN	-1.26788369058378	-0.301510929610373	0.0320701304715948	1.27449700393483	1	2	2	1	14
50.6646462777549	NaN	-0.511472966035416	0.581780264095148	0.637737752349951	0.985584915076722	1	2	2	1	14
58.2355849948657	NaN	0.309579860073368	1.04897986878106	1.01311810214284	0.281158265271741	1	2	2	1	14
70.7678356710479	NaN	0.556834313322196	0.732135065294902	1.00808017480725	-0.427154647389698	1	2	2	1	14
11.7176897360635	NaN	0.0990966664466537	-1.31453285944427	-0.678529246810464	-0.525400650297657	1	1	1	2	15
22.8278378612582	NaN	0.896482954171565	-1.06597550689869	-0.364342992206173	-0.812891616187875	1	1	1	2	15
35.8233054170688	NaN	1.31541664214178	-0.183134492365358	0.476607417528547	-0.766020332731756	1	1	1	2	15
46.8169783486218	NaN	1.07941758952279	0.565037380437449	1.1946081529557	-0.40083414825062	1	1	1	2	15
58.9999210760873	NaN	0.3442361052025	0.526883867877933	1.23493565136148	0.157637932876124	1	1	1	2	15
73.1855275772408	NaN	-0.404936272968261	-0.264363394934784	0.566433101217446	0.718191502474657	1	1	1	2	15
12.3338766933726	NaN	-0.571772449406457	-0.422799285033132	-0.799551890495879	-0.717912331949072	2	1	1	2	16
24.8574193923211	NaN	-0.0709871530455306	0.451936417510748	-0.28398161166953	-1.12804554415372	2	1	1	2	16
36.5574761184064	NaN	0.388632836380716	0.750386530938864	0.409950294408723	-1.34737044249077	2	1	1	2	16
47.4001182000539	NaN	0.690869468553022	0.223879497370317	0.947882129488354	-1.3208736567646	2	1	1	2	16
59.1285451478825	NaN	0.759300148862364	-0.688893865594394	1.07061871844513	-1.05520138853829	2	1	1	2	16
73.1015138230385	NaN	0.576621712889154	-1.22740185115365	0.719021096833688	-0.616992341185051	2	1	1	2	16
