age	diseaseAge	x1	x2	x3	x4	z1	z2	z3	z4	id
12.6653492035123	-34.0497400304226	-0.465451367026267	-0.32985081454186	-0.498405481690664	0.445362080112104	2	2	1	2	1
22.6469317837303	-24.0681574502046	0.392070935231056	0.319422385301314	0.27063764425242	-0.151857177858569	2	2	1	2	1
36.8034759769831	-9.9116132569518	1.03412475680805	0.754438679877792	0.918439280003215	-0.494823336585361	2	2	1	2	1
46.7150892339349	0	0.97634789302721	0.785846388132265	1.04514272670621	-0.444505927067865	2	2	1	2	1
59.8922377498643	13.1771485159295	0.26232692211574	0.399974522494325	0.572540059070259	-0.0213024517012847	2	2	1	2	1
71.3590179226505	24.6439286887156	-0.569284292287333	-0.235216573155972	-0.207653895213273	0.603230286705484	2	2	1	2	1
12.4943655068593	-36.2580158482473	-0.654301675928865	-1.02011501052824	0.131682298804274	-0.377177316743604	2	1	2	1	2
25.7907433359934	-22.9616380191133	0.244347597710197	-0.845181019635533	0.636625165209858	0.157403367732418	2	1	2	1	2
35.9045301223783	-12.8478512327283	0.902535351442046	-0.393553910987832	1.0430095898391	0.666615550794873	2	1	2	1	2
48.7523813551067	0	0.770641385172263	0.183293496076194	1.24539139039792	0.999558675434969	2	1	2	1	2
58.4519526888751	9.69957133376845	-0.0411961410962874	0.691890301774155	1.19125875251105	1.05756797157929	2	1	2	1	2
70.7692924995044	22.0169111443977	-0.855051664175954	0.961656417819526	0.894657420531528	0.823452893928579	2	1	2	1	2
11.5415491579796	-37.7558412628558	-0.966247144275257	-0.48830970842785	-0.510481332869194	-0.67546934726262	1	2	1	2	3
23.2407973952753	-26.0565930255601	-1.048694909811	0.225664792601535	-0.397252500644437	-0.783838936766021	1	2	1	2	3
36.5905580959349	-12.7068323249004	-0.456846664538699	0.794239962494225	-0.0454191772410832	-0.565088929388926	1	2	1	2	3
49.2973904208353	0	0.386157416346016	0.925770637131312	0.450253712606481	-0.0911406478880448	1	2	1	2	3
58.2168624085959	8.91947198776058	0.877614026166811	0.552789422186654	0.956258621503635	0.482179685225684	1	2	1	2	3
72.4825344108181	23.1851439899828	0.666157696424324	-0.133386555940551	1.33630511327729	0.966373988442371	1	2	1	2	3
10.6777460695725	-37.0821014192332	-0.792372209385077	-0.641562667482344	-0.635982896282073	-0.349849515934659	1	2	2	1	4
23.5479394112948	-24.211908077511	-1.00504558306723	-1.24391681259568	-0.152846517035833	0.54730918649939	1	2	2	1	4
37.6757993037599	-10.0840481850459	-0.796233296935912	-1.39993492507138	0.400550364864619	0.922632356408343	1	2	2	1	4
47.7598474888058	0	-0.253947170142936	-1.02582983204166	0.854309769085458	0.461893258544708	1	2	2	1	4
59.4389138798664	11.6790663910606	0.393245841774322	-0.322509028175011	1.06912334594851	-0.449169751109694	1	2	2	1	4
72.5694248586321	24.8095773698263	0.872561817062566	0.332319662481767	0.979041333084345	-1.04779972579374	1	2	2	1	4
11.6464706945815	-36.0856955595267	-0.549646122545394	-0.0731264414075877	-1.05183922189903	-0.339843993634383	1	1	1	1	5
24.0289299019711	-23.7032363521371	0.169058888599119	-0.582925651422531	-0.623194656270565	0.155295934883865	1	1	1	1	5
34.9740761016503	-12.7580901524578	0.720597411140291	-0.411979422863561	0.287858456684335	0.75421063443369	1	1	1	1	5
47.7321662541082	0	0.819649767500699	0.320330921045366	0.912054652960375	1.24204564451009	1	1	1	1	5
59.6282426316607	11.8960763775525	0.414974593342231	1.1025920627751	0.722341700661609	1.44379519553655	1	1	1	1	5
73.6096481697959	25.8774819156877	-0.284083187099358	1.38850724577472	-0.121092569005737	1.28708372054917	1	1	1	1	5
12.6345203429274	-35.853007852695	-0.401779735862732	-0.897907589223745	-0.085165775541776	-0.733574039468536	2	2	2	1	6
23.9909404621365	-24.4965877334859	-0.617639807747676	-0.893756274679958	-0.537655496216817	-0.511691165965341	2	2	2	1	6
35.4570554375774	-13.0304727580449	-0.422544665757981	-0.545341821553629	-0.836098808447632	0.139667268277339	2	2	2	1	6
48.4875281956224	0	0.103318604036426	0.0212900280614336	-0.906928954744129	0.859552654100656	2	2	2	1	6
61.1943513573279	12.7068231617056	0.743812158089221	0.601149121380666	-0.732686189881553	1.24904234752469	2	2	2	1	6
70.6000754917883	22.112547296166	1.23568335349873	0.984460091534416	-0.35632163623967	1.09230163185222	2	2	2	1	6
12.4719976142117	-33.7866881359894	-1.48978888136754	-1.10584271743452	-0.633254881639151	-0.0529156686062247	2	2	2	1	7
23.3136003881289	-22.9450853620722	-1.14838125423849	-0.357618765810346	-1.02683774687768	0.549511614939444	2	2	2	1	7
34.9003593054188	-11.3583264447823	-0.293810241350925	0.313409056234796	-1.23460584623166	1.02939878409625	2	2	2	1	7
46.2586857502011	0	0.406154342644609	0.50273862212738	-1.20668964026037	1.21233780256826	2	2	2	1	7
60.8028430690575	14.5441573188564	0.404553598525389	0.0962402199377571	-0.949789716489273	1.03184213555259	2	2	2	1	7
70.3932399211489	24.1345541709478	-0.297361637221419	-0.661044942305922	-0.525568480844284	0.553510317178482	2	2	2	1	7
12.5070075247649	-36.8909841655067	0.0910518604004203	-0.388379131764338	-0.925863072767754	-0.163849615498656	1	1	1	2	8
24.8460032597907	-24.5519884304808	0.70719405030678	-0.973759314624265	-1.34374698342893	-0.709729967257829	1	1	1	2	8
35.6401069765375	-13.7578847137341	1.23312282555733	-0.770204236423315	-1.3714553652082	-0.526786231029986	1	1	1	2	8
49.3979916902716	0	1.46803508515368	0.0569723018728731	-0.997381696364797	0.247889633169714	1	1	1	2	8
61.2585640951809	11.8605724049093	1.32223976747437	0.835992917828533	-0.378218424861404	1.03378126118815	1	1	1	2	8
72.9624064174916	23.56441472722	0.851402493566878	0.934189243784035	0.226678560927337	1.24196756796356	1	1	1	2	8
13.0534109275944	NaN	-0.807363420039347	-0.224439274710546	-1.28287326495623	-0.542084977318287	1	1	1	2	9
23.8379176843331	NaN	-0.385632158213675	-0.523763232889503	-1.28609490030733	-0.522422865917179	1	1	1	2	9
34.2984506121377	NaN	0.304070980433812	-0.558695779260901	-0.759816889434899	-0.120334577234998	1	1	1	2	9
47.8194028567876	NaN	0.918893126751701	-0.319461600939639	-0.00448726409398986	0.500133329334278	1	1	1	2	9
60.2989194038329	NaN	1.15320490910006	0.126993453894854	0.548682155020565	1.08583837699614	1	1	1	2	9
72.7836437935471	NaN	0.890529451628142	0.655736097993998	0.583891239903151	1.39782086313522	1	1	1	2	9
11.8954418767013	NaN	-0.531580928380658	-0.460995314591044	-0.532252659969186	-0.40554575304287	2	2	2	1	10
22.1032310740204	NaN	-0.00337291573266796	-0.711151454285026	-0.377702544118155	-1.20678628431603	2	2	2	1	10
34.8898949288566	NaN	0.800402541403641	-0.241515774823697	-0.0152733844266144	-1.2641163678621	2	2	2	1	10
49.27545202794	NaN	1.36009480951104	0.606397940959494	0.465693030728145	-0.527603261929338	2	2	2	1	10
60.8667328546056	NaN	1.3138560128993	1.21599637774059	0.946634498139534	0.361272741799823	2	2	2	1	10
72.7918230422547	NaN	0.691580097370131	1.14398641010531	1.30899496442625	0.628327947816573	2	2	2	1	10
10.3161753905493	NaN	-0.879199248818549	-0.748036012267709	-0.480968811782022	-1.00087411790002	1	1	1	2	11
22.6880466171123	NaN	-1.27349503557606	-0.746850460202318	0.291220695916369	-1.04360967257532	1	1	1	2	11
36.060412428407	NaN	-1.46914632027142	-0.10637813876045	0.866171715426507	-0.380915716965335	1	1	1	2	11
46.8917118346863	NaN	-1.4171612496354	0.721972462167903	0.899760022297156	0.478670705151415	1	1	1	2	11
60.0243655185654	NaN	-1.13055709036653	1.15437518593832	0.371882077861073	0.875521519194034	1	1	1	2	11
70.7562413349989	NaN	-0.681100654214178	0.886070163893083	-0.401512442048917	0.505101972603065	1	1	1	2	11
10.7837434597024	NaN	-0.123531465128104	-0.415483740144651	-0.546339369302682	-0.630996508830444	1	1	1	1	12
24.9453520476504	NaN	0.704150304144338	0.0216806861597966	-0.630375748180347	-0.357590762837643	1	1	1	1	12
35.7316345924781	NaN	1.2129026287169	0.632401194035157	-0.38373724198262	0.29190443540918	1	1	1	1	12
48.8251994672224	NaN	1.05313360887334	1.18319068136077	0.111124679334096	0.981197410177093	1	1	1	1	12
61.086332997395	NaN	0.334629387035386	1.46347452420337	0.688777239408017	1.35339023492046	1	1	1	1	12
69.3773191991639	NaN	-0.448885991255719	1.36609623871698	1.15611067838684	1.21577117125141	1	1	1	1	12
11.6917891709657	NaN	-1.37894155856036	-0.572965080655951	-1.19137839912521	-1.26047935430034	1	1	1	1	13
24.2752297187206	NaN	-1.2171472950659	-0.158063308818593	-0.752788495143485	-1.20174572703364	1	1	1	1	13
36.6583937237359	NaN	-0.622805257552557	0.395415605266692	0.0947505243080029	-0.908737911861316	1	1	1	1	13
49.786088186524	NaN	0.0935432677651325	0.912906955270774	0.728913533192265	-0.455105450816748	1	1	1	1	13
59.7472172656312	NaN	0.557609103293801	1.23119634721693	0.684051675970698	0.045127997762639	1	1	1	1	13
71.3259742955069	NaN	0.526919746068254	1.24989676938931	-0.00689419117318668	0.466225294831664	1	1	1	1	13
11.9548422810768	NaN	-0.843186176345482	-0.942066448464839	-0.982743479325933	-1.33522362195962	2	2	1	2	14
23.1573512578919	NaN	0.020935486807612	-0.0535501559877473	-1.0121124492661	-1.30509120957162	2	2	1	2	14
35.4027790469613	NaN	0.594434486467688	0.677193613125741	-0.724401588420505	-0.719314283986757	2	2	1	2	14
49.3090584711122	NaN	0.448063785352948	0.617936388419314	-0.213489067921197	0.062155179697456	2	2	1	2	14
58.5178356178195	NaN	-0.30862247636269	-0.180053374427853	0.35391770017243	0.559114796160568	2	2	1	2	14
72.3104448424445	NaN	-1.10926701438441	-1.02636698699585	0.792677600505781	0.466189622012654	2	2	1	2	14
11.2846219390658	NaN	-1.22445500191869	-0.803545582132053	-0.131746505882579	-0.0515061118372504	2	2	2	1	15
24.0555384801978	NaN	-0.804017810256822	-1.26811047143923	-0.760464833776423	0.479106376392831	2	2	2	1	15
35.8099572416973	NaN	-0.296781718195346	-1.3982832979313	-0.690509373366277	1.00353935054197	2	2	2	1	15
47.1099933202695	NaN	0.165817105391022	-1.14369962182713	0.0257701181289839	1.36390899027399	2	2	2	1	15
59.4839943102233	NaN	0.463909002073536	-0.602858988461463	0.852360336518484	1.45172376614918	2	2	2	1	15
72.2770230213821	NaN	0.520251722166624	0.0149849795443264	1.17069917101792	1.24054649175752	2	2	2	1	15
10.3512545201278	NaN	-0.474785753751639	-0.486700711164812	-0.598410636803987	-0.936956814743038	2	1	2	1	16
24.3429060105189	NaN	-1.10108070234773	-1.21113801949008	0.0688198725643485	-1.35112467045831	2	1	2	1	16
35.4898698392652	NaN	-1.44267045890249	-1.46136697004432	0.813812547272535	-1.25649809762664	2	1	2	1	16
48.0172480325582	NaN	-1.34737686363077	-1.07824721018474	1.1925188679235	-0.702632314483301	2	1	2	1	16
59.4217342394984	NaN	-0.857653191812332	-0.305434853855913	0.979213150654332	0.0204173706647097	2	1	2	1	16
72.7756841395505	NaN	-0.191671229194498	0.365577685132891	0.301035018642394	0.533995323673257	2	1	2	1	16
