age	diseaseAge	x1	x2	x3	x4	z1	z2	z3	z4	id
12.2467643145188	-35.7784729664633	-0.37940516590062	-0.594893452324421	-0.522188857559272	-0.443289403555154	1	1	2	2	1
24.0319427684	-23.9932945125821	0.290333857204126	-0.196526862976497	-0.0118932565635892	0.265297187993169	1	1	2	2	1
35.375784194021	-12.6494530869611	0.647559709284888	0.553657401782344	0.807836699620099	0.900742838475673	1	1	2	2	1
48.0252372809821	0	0.514572738399753	1.20902800561131	1.38456367678308	1.12576666126854	1	1	2	2	1
60.0676611096132	12.0424238286311	-0.0424735609562764	1.37940207966457	1.32961636747009	0.820930850155874	1	1	2	2	1
73.4734831372522	25.4482458562701	-0.746480168836797	0.963345344463203	0.680025192309069	0.148035698473078	1	1	2	2	1
12.3763353137177	-38.3770152703738	-0.114149241470615	0.2189137123161	-0.88778960526272	-0.929916632474653	1	2	2	2	2
25.1635035120079	-25.5898470720836	0.734310299220989	0.861701436495199	-0.0455014162458803	-0.294516483821142	1	2	2	2	2
36.2252978587232	-14.5280527253683	1.35276107447023	1.25350799064608	0.716141972322079	0.479015986325274	1	2	2	2	2
50.7533505840915	0	1.28937448460479	1.2207260771838	0.775693587167449	0.912785624055265	1	2	2	2	2
61.8392356623898	11.0858850782983	0.590459589752157	0.777881179017088	0.0845635352317465	0.738805737426952	1	2	2	2	2
72.7904301660766	22.0370795819851	-0.233369425629547	0.121195399134044	-0.793335090611615	0.0645626284460256	1	2	2	2	2
11.2842795815505	-35.6083901136726	-0.767343385274967	-0.977058238274444	0.0226856160540754	-0.350853976480627	1	1	2	2	3
23.9318570007821	-22.960812694441	-0.565603975841299	-0.9611862189234	-0.576784925787841	0.444324574536396	1	1	2	2	3
36.2977156909411	-10.594954004282	0.0373402374892826	-0.617429803011668	-0.368399686778866	0.685409041382347	1	1	2	2	3
46.8926696952231	0	0.737379583593254	-0.0647491152182984	0.474390077884425	0.193286998759873	1	1	2	2	3
60.9384028956339	14.0457332004108	1.18143208471809	0.505595520330907	1.250081021598	-0.666422093273807	1	1	2	2	3
72.7524673764939	25.8597976812708	1.1455289936845	0.896231005085888	1.31302008145014	-1.25500192694954	1	1	2	2	3
11.488760966535	-36.5535674332033	-0.628301326952437	-0.195562901477008	0.492782337567831	-0.805588599083027	1	2	2	2	4
23.319801401949	-24.7225269977893	-0.942842163192812	0.294775115924826	-0.264965508311419	-0.300124045245126	1	2	2	2	4
36.2693580388758	-11.7729703608625	-0.485493549301318	0.678827214442726	-0.491865951941809	0.302108369254974	1	2	2	2	4
48.0423283997383	0	0.38927287997687	0.860897653359799	-0.0296425204612986	0.782399709954037	1	2	2	2	4
59.4960470060553	11.453718606317	1.00346253410822	0.795619240094474	0.799276617906266	0.966325610399776	1	2	2	2	4
70.813563796114	22.7712353963757	0.881042898440437	0.499257648325805	1.41667136182703	0.78709086538878	1	2	2	2	4
12.6143073240266	-37.1025909124074	-1.11711188896014	0.295624522861411	-0.534635685067812	-0.220790305248886	1	1	2	2	5
23.6840690006396	-26.0328292357945	-1.26828057943843	0.832493154039842	-0.535398196774016	0.430824279677616	1	1	2	2	5
38.108632177393	-11.6082660590411	-0.659513661146131	1.26923964507021	0.0393213979379225	0.846994097220691	1	1	2	2	5
49.7168982364341	0	0.226262405534393	1.47917723500523	0.829534076202876	0.842421271908381	1	1	2	2	5
57.3485267503007	7.63162851386669	0.686373595915038	1.40140946831255	1.34027169612755	0.419141835138346	1	1	2	2	5
72.4827591960626	22.7658609596285	0.355820003009816	1.05849438877898	1.25162183706566	-0.234380809309934	1	1	2	2	5
9.97131155816146	-38.0621777458901	-0.771407972914692	-0.660029881548112	-0.757803376223139	-1.21269745708208	2	2	2	1	6
24.1158047692078	-23.9176845348437	-0.539333349263521	-0.110007236930066	-1.27904816571341	-0.711186290762534	2	2	2	1	6
36.5370065971244	-11.4964827069272	0.3233833384601	0.425648389483218	-1.4447518345168	0.0197479445214443	2	2	2	1	6
48.0334893040515	0	1.08440318613572	0.774974991367215	-1.18404736161522	0.58784893665462	2	2	2	1	6
58.702881503004	10.6693921989524	1.09771522725331	0.825827936311862	-0.608431067482714	0.688244934765193	2	2	2	1	6
72.8332556999451	24.7997663958935	0.352019198653023	0.561881857777565	0.0359213759162896	0.267058364005844	2	2	2	1	6
11.4966149561348	-34.3220822068818	-0.401598913558305	-1.18653626888877	-0.654162458537086	-1.26875853691238	1	1	2	2	7
25.0060714018387	-20.8126257611779	0.207361648385389	-1.40424607273095	-0.298513577411078	-1.16222960982946	1	1	2	2	7
35.8152097152154	-10.0034874478012	0.981956204459634	-0.907769194612409	0.250061169606629	-0.603530620467478	1	1	2	2	7
45.8186971630166	0	1.44998700390802	-0.0576241861669296	0.808136821368736	0.116700804966405	1	1	2	2	7
59.5830216127107	13.7643244496941	1.32613950501168	0.528852958460217	1.18911163344895	0.623797169674049	1	1	2	2	7
69.8538280967308	24.0351309337142	0.685911928042191	0.425789655738948	1.26560043093024	0.653964755565472	1	1	2	2	7
11.3843777898478	-36.7668432607012	-1.45782274928306	-1.33580313257412	-0.615876035987424	-0.399438999335354	2	2	1	1	8
25.4695938056984	-22.6816272448505	-0.813049518137503	-1.21523660120875	0.192006579591764	-1.12365783770339	2	2	1	1	8
36.7759692234926	-11.3752518270564	0.120342364415982	-0.419963763653498	0.997928564184473	-1.39474565901846	2	2	1	1	8
48.151221050549	0	0.506745638661533	0.398431067092033	1.14213278367229	-1.04382851908925	2	2	1	1	8
60.5216160777185	12.3703950271695	0.00023766784527951	0.569419226685407	0.506568403860459	-0.289509973090987	2	2	1	1	8
69.8480122768096	21.6967912262607	-0.945736703022829	-0.0470935987219534	-0.388468390522533	0.398307836484512	2	2	1	1	8
12.2471669388081	NaN	-0.883625101948352	-0.632619274068874	0.20848346114644	-0.771695581202787	1	2	2	1	9
24.2464782922938	NaN	-1.28719497162062	0.0179104822643808	-0.525130406909244	-0.919909863297347	1	2	2	1	9
34.8528535555803	NaN	-0.946657363549435	0.591683958555009	-0.677195596981041	-0.80665242852852	1	2	2	1	9
47.2700097289049	NaN	-0.115616756344817	0.839739366120722	-0.139291767454889	-0.461555409158253	1	2	2	1	9
61.0203104551913	NaN	0.587035970105958	0.654444824939597	0.705063217224354	0.0250916651057019	1	2	2	1	9
73.4382517878254	NaN	0.638022698755066	0.116200113516123	1.25385612944532	0.525964786802703	1	2	2	1	9
13.1665279419374	NaN	-0.879719202654512	-0.104729456360577	-0.0183964765735371	-0.352554440739272	2	2	2	2	10
25.1100406602669	NaN	-0.880947815195735	0.42530815889145	0.588174677285302	0.143809484334019	2	2	2	2	10
39.0692139100537	NaN	-0.20458664533659	0.862474594103229	1.06754122866696	0.772572098350411	2	2	2	2	10
47.9260762679603	NaN	0.64117030022245	1.08340713392145	1.24299073011955	1.28504245330603	2	2	2	2	10
59.9705454545608	NaN	1.02085098374168	1.02576147231841	1.04984593055717	1.47852602577225	2	2	2	2	10
72.6724718638117	NaN	0.649176686656299	0.705804469626713	0.559307230059662	1.27649534419276	2	2	2	2	10
10.9102570233913	NaN	-0.347088551957938	-0.751018048184214	-0.728318109865684	-0.846301706404865	1	1	1	1	11
24.2243943017511	NaN	-1.05809483738382	-0.859630962582197	-0.712722292431324	-0.540437885719808	1	1	1	1	11
36.1145473881094	NaN	-0.995208341367705	-0.279948278910135	-0.416140217225657	0.175058420677623	1	1	1	1	11
47.4283230864754	NaN	-0.211460099605362	0.568927583662718	0.0741014096545506	0.877879121528968	1	1	1	1	11
60.5887371404839	NaN	0.632229283028866	1.07327132748726	0.613654058591378	1.15319766075051	1	1	1	1	11
71.2299354961626	NaN	0.824391930265398	0.868449526236534	1.04364988308815	0.838512505144765	1	1	1	1	11
10.6200777810949	NaN	-0.634193720233545	-0.917977818054241	-1.13300592169242	-0.471249554296548	1	2	2	1	12
24.797767109415	NaN	-1.03188867755374	-0.0565331203036801	-0.807655982633464	-0.448804492475127	1	2	2	1	12
34.9737703803339	NaN	-1.11872901653335	0.736086368725803	0.0193510085843824	-0.0483658860044528	1	2	2	1	12
46.4097837259992	NaN	-0.86478759616397	0.759878762901673	0.731419264634234	0.568419887931863	1	2	2	1	12
59.3606931620539	NaN	-0.357578361975583	-0.00616819022410328	0.79764845259026	1.15257287524316	1	2	2	1	12
73.6161327699672	NaN	0.22810293499404	-0.885520139079228	0.168659741650038	1.46828610678603	1	2	2	1	12
11.1248419557005	NaN	-0.825646668395535	-0.672281533970282	-0.616999324353325	0.22669892209568	2	1	2	2	13
24.1643693206252	NaN	-1.33904798399239	-0.403956136991487	-0.353557287599722	-0.242336693781045	2	1	2	2	13
35.7217089700925	NaN	-1.34948625654681	0.179470458624758	0.532215030214909	-0.533173355757984	2	1	2	2	13
46.973574410623	NaN	-0.851280659684392	0.825496816363952	1.27155087478603	-0.566781143760439	2	1	2	2	13
61.0013599864954	NaN	-0.115569878448818	1.25452892288998	1.22277652687364	-0.334027712568701	2	1	2	2	13
70.7809343955171	NaN	0.457249834984209	1.28088579618617	0.428223516131367	0.101840148574224	2	1	2	2	13
13.1713258727311	NaN	-1.06120686162353	-0.697815526188284	0.184345777209467	-1.44198923493234	2	1	1	2	14
25.0458003211822	NaN	-0.415327556642412	-0.126043021932084	-0.510951568711349	-1.15094532421746	2	1	1	2	14
35.885179685985	NaN	0.51133978744171	0.700778046845302	-0.55486110453268	-0.685878821537171	2	1	1	2	14
47.0174034538023	NaN	0.900932450251899	1.21625139082288	0.085135768944307	-0.170818388457091	2	1	1	2	14
59.7082329549678	NaN	0.409601782022948	1.06726289583748	0.93506907167275	0.256874423992637	2	1	1	2	14
72.7383379844761	NaN	-0.529011127497334	0.355873979888549	1.36549374348104	0.483138149798757	2	1	1	2	14
10.2760976273388	NaN	-0.817912716363512	-0.647034272654047	0.229622885194732	-0.158671001060893	1	1	1	1	15
24.5411121175571	NaN	-1.12246087217372	-0.241128110008882	-0.422114928261683	-0.672567236718424	1	1	1	1	15
37.4898059387076	NaN	-0.843852436976979	0.3119435327629	-0.603975706793839	-0.513786650995425	1	1	1	1	15
46.8573488895454	NaN	-0.144587191952438	0.836365667342139	-0.21004144216322	0.207793352306891	1	1	1	1	15
60.2131654227835	NaN	0.567484866461634	1.16543064803707	0.530255587690142	0.992833782614159	1	1	1	1	15
71.7332641486975	NaN	0.877044103041862	1.19453257705265	1.18575706737889	1.29808053887632	1	1	1	1	15
13.9206013320568	NaN	-0.498915998321341	-0.335234526520278	-1.05155315576378	-0.464236162759781	1	1	2	2	16
23.497395749438	NaN	0.189748042196303	0.503846795855166	-0.351009753430514	0.396095664228045	1	1	2	2	16
36.5957431526214	NaN	0.565667696000985	0.638330594189257	0.367692567318124	0.960766665712446	1	1	2	2	16
47.5938978684764	NaN	0.435207436986603	-0.0490829620242715	0.679433529796196	0.811324068016458	1	1	2	2	16
60.430300324823	NaN	-0.134432894044388	-0.958816119699929	0.399814947999553	0.0585131889392707	1	1	2	2	16
71.9822431904732	NaN	-0.849832604467735	-1.29737890812625	-0.305765731273392	-0.739791032703535	1	1	2	2	16
