age	diseaseAge	x1	x2	x3	x4	z1	z2	z3	z4	id
12.325390842828	-24.8844969813048	-0.901854561401614	-0.634128200986892	-0.542208099109075	-1.27363597999325	2	2	1	2	1
24.2976934803157	-12.9121943438171	-0.322328453466772	0.157036699757724	-0.0197170211946751	-1.3055122173856	2	2	1	2	1
37.2098878241328	0	0.363958844990988	0.732275173885106	0.456257679110031	-1.08160414757701	2	2	1	2	1
48.9696093176303	11.7597214934976	0.828379933262583	0.73037545255994	0.754573438607483	-0.660298669050287	2	2	1	2	1
59.864517977924	22.6546301537912	0.8485476341175	0.152530435303069	0.793037037116697	-0.151456584169613	2	2	1	2	1
73.2897146679664	36.0798268438336	0.414804681385834	-0.638411372119866	0.56105082124334	0.312235012852183	2	2	1	2	1
12.685057199161	-35.9602772270539	0.171173617134732	-0.574119483206556	-0.363246403058387	-0.86747596771391	2	2	2	2	2
23.3541475243269	-25.2911869018879	0.922534885329664	-0.672149084570285	0.278873480169167	-0.530097552646436	2	2	2	2	2
36.843567384743	-11.8017670414718	1.2771655205937	-0.0673600483586769	0.752048709767714	0.0531497672718299	2	2	2	2	2
48.6453344262148	0	1.01634649173483	0.790676767151475	0.859581504765588	0.654894615285911	2	2	2	2	2
59.6642109655887	11.0188765393739	0.300938366441967	1.26413837826604	0.556770746349556	1.04055459405646	2	2	2	2	2
72.248545191408	23.6032107651932	-0.427829710052007	1.00107636971082	-0.0305058768166817	1.05978518019219	2	2	2	2	2
13.2043923618052	-23.3701549753887	-0.872220632426237	-0.782145117462353	0.0147903422884052	-0.713076209529457	2	1	2	2	3
23.8978387927113	-12.6767085444827	-1.23245531410476	-0.340883916347305	0.660427970764421	-0.20150556066938	2	1	2	2	3
36.5745473371939	0	-0.789752784328427	0.430569431932215	1.19200133210098	0.270380260354824	2	1	2	2	3
46.7096140863215	10.1350667491276	0.0999532841260954	1.05993126905628	1.38730616578117	0.577583394039285	2	1	2	2	3
59.0871561137021	22.5126087765082	0.721337526398808	1.1619063448237	1.16470262808863	0.638728786435373	2	1	2	2	3
71.0625249751025	34.4879776379086	0.574805834298346	0.674065528622364	0.617241759724609	0.437619631393145	2	1	2	2	3
13.0474251548608	-36.3483031872986	-0.0190670584145212	-0.302502953055912	-0.627172009598451	-0.630542528822661	1	2	1	1	4
22.3617099346176	-27.0340184075417	-0.601419013594734	0.529499400309316	-0.32912123729896	-1.02961847303403	1	2	1	1	4
36.1747241614424	-13.2210041807169	-0.606804937274598	0.936312019335621	0.141213910337969	-1.24582561898295	1	2	1	1	4
49.3957283421593	0	-0.0318290167945511	0.625374740740743	0.657454920871668	-1.22727120808862	1	2	1	1	4
60.1121306632329	10.7164023210736	0.760987734595687	-0.179701227902683	1.08088842937522	-0.978408560156573	1	2	1	1	4
72.2526511970767	22.8569228549174	1.27177615403556	-0.89994378537349	1.29773833982205	-0.558968213935805	1	2	1	1	4
10.550486207121	-50.0751523238354	0.249568693582449	-0.0116931522676994	-0.846081224460741	0.243932305315505	2	2	2	2	5
26.2385436992589	-34.3870948316976	-0.43347762939306	-0.61024731483432	-0.821679735000934	0.807619750217574	2	2	2	2	5
36.565415072451	-24.0602234585055	-0.592107437602223	-0.883540201119699	-0.537253715939772	1.18957432820555	2	2	2	2	5
47.2079345949811	-13.4177039359754	-0.124743779640381	-0.708736244093844	-0.0704897815093214	1.25947194430276	2	2	2	2	5
60.6256385309565	0	0.66934187648125	-0.164403691442263	0.451122642986666	0.993463313584075	2	2	2	2	5
72.2128734160423	11.5872348850858	1.28166502199589	0.504799066100277	0.885113106587937	0.482311411681334	2	2	2	2	5
12.6773312194526	-36.0335872929521	-0.737455254596141	-0.342121145661566	-1.2050822507651	-1.21227693816615	2	1	1	2	6
23.2389070060106	-25.4720115063941	-0.896916747475921	0.266293629748847	-0.45885813397006	-0.656677690083838	2	1	1	2	6
35.5232024083156	-13.1877161040891	-0.781965318861792	0.954491765436755	0.419039243600093	0.0602452226666285	2	1	1	2	6
48.7109185124047	0	-0.424175706813432	1.3837353991845	0.673368861874512	0.569137734533006	2	1	1	2	6
60.3307326759419	11.6198141635372	0.0781748126309133	1.3427466106866	0.0853350332849752	0.60782170216955	2	1	1	2	6
70.3716146686119	21.6606961562072	0.5871011247421	0.851700483063264	-0.839186179787138	0.156367394688692	2	1	1	2	6
12.6757697344531	-34.9497195715475	-1.17316831704612	-0.956282603423044	-0.633213276542343	-1.37037136697669	1	2	2	1	7
25.3289329060373	-22.2965563999633	-1.062375694461	-0.520310400213756	0.114417945845863	-1.31567728710971	1	2	2	1	7
34.8213679648535	-12.8041213411471	-0.382740628525915	-0.0265720006591398	0.645002487903072	-1.01932380178933	1	2	2	1	7
47.6254893060006	0	0.410145245968502	0.404557586059561	0.66189731105175	-0.557974409366624	1	2	2	1	7
61.1384345345844	13.5129452285838	0.784772903268411	0.667967580617942	0.155656735522144	-0.0509752965315514	1	2	2	1	7
72.02636800885	24.4008787028494	0.49001164782587	0.69943777947907	-0.590686600768923	0.370518252313516	1	2	2	1	7
11.4953321506012	-35.8999918161224	-0.843972486758247	-0.354427354363314	-0.910539874039318	-1.41445656552515	2	2	2	2	8
24.5421873550124	-22.8531366117112	-0.746976285223303	0.30409168102638	-0.526902502327255	-1.24057489555406	2	2	2	2	8
33.1531581293957	-14.2421658373279	-0.230138825605568	0.913949350488372	0.128796138957962	-0.690191422708431	2	2	2	2	8
47.3953239667236	0	0.460161331123674	1.1948838870083	0.751783884398455	-0.0152480189378928	2	2	2	2	8
60.5721049418493	13.1767809751257	0.994855236713278	1.01779105272377	1.05249276442432	0.475295266999497	2	2	2	2	8
72.0794543573708	24.6841303906472	1.11905208832415	0.464054346027019	0.891151715386219	0.556888825915062	2	2	2	2	8
13.2265502278618	NaN	-0.302503352762181	-0.850552632539408	-0.864398546927466	-0.198130206174623	1	1	2	2	9
23.1027820753557	NaN	0.189018594430363	-0.291877120631579	-0.197380137706098	0.668734780105574	1	1	2	2	9
35.3973779069756	NaN	0.734689060625808	0.573574797008111	0.605041324663289	1.27256266019304	1	1	2	2	9
47.928926979601	NaN	1.17050849396066	1.09713553600855	0.999748485031587	1.15536190891848	1	1	2	2	9
59.7857035946897	NaN	1.36549272690494	0.8863894428633	0.719584594668963	0.406026982131534	1	1	2	2	9
73.4944994194422	NaN	1.26103985812015	0.099293483603489	-0.0458219799390583	-0.407086372943815	1	1	2	2	9
12.1819949033152	NaN	-0.641779739000181	-0.921821535908247	-0.429395812008486	-0.856127444641442	2	1	2	2	10
23.180141805235	NaN	0.209058960605827	-1.33609370429279	-0.948075121129722	-0.0465609624907379	2	1	2	2	10
35.9266162900214	NaN	0.869426102766282	-1.49905723902884	-0.992793801844871	0.516420375731269	2	1	2	2	10
48.6514476943522	NaN	0.843218832682954	-1.36176724477646	-0.540218484126444	0.463470213982557	2	1	2	2	10
59.0600716183471	NaN	0.150125442935438	-0.965457758406458	0.173505507862305	-0.170673263775951	2	1	2	2	10
72.2571683624596	NaN	-0.689165517117792	-0.429157410244121	0.775970362973059	-0.969977470287238	2	1	2	2	10
12.7224135436916	NaN	0.020401284560754	-0.0902715941821488	-1.21099632175544	-0.539892816109352	2	1	1	2	11
24.1520503382755	NaN	-0.476696963225748	-0.528788931356574	-0.601516925276857	0.311043099286291	2	1	1	2	11
37.3707093396777	NaN	-0.775020856335968	-0.639810004434255	0.1976647286015	0.990266189881993	2	1	1	2	11
48.3557570638757	NaN	-0.784493046028739	-0.382063096222633	0.669102522569678	0.980379889561748	2	1	1	2	11
61.1043807952694	NaN	-0.502253453865816	0.14863523153849	0.507554644759041	0.288915063969125	2	1	1	2	11
72.4657219199032	NaN	-0.0135228575286928	0.754999628503096	-0.182381506069929	-0.557406608400145	2	1	1	2	11
11.5340989000227	NaN	-1.08990337081587	-1.41686650350895	-0.344890865928884	-0.416553764572862	2	1	2	2	12
26.5643952165647	NaN	-0.351400355337807	-1.405909747611	0.304663565739083	-0.555357531604386	2	1	2	2	12
35.1418654609532	NaN	0.45654506552662	-0.884496011983965	1.01256414989983	-0.362720135082389	2	1	2	2	12
47.9280200530137	NaN	0.735943642930853	-0.141083646913668	1.39747551422274	0.0974343195002167	2	1	2	2	12
61.1696561462101	NaN	0.280002515480868	0.413054130655611	1.25205170969664	0.672409821769278	2	1	2	2	12
70.6092009554146	NaN	-0.57382001174332	0.471355260258654	0.654630347400705	1.17140855506778	2	1	2	2	12
12.0155935820507	NaN	-0.967752142726035	-1.06611875745164	-0.125550868661061	-1.15029159006054	2	2	2	2	13
23.7930762844061	NaN	-1.42206074870118	-1.34671697410481	0.810873020347679	-1.29622732999253	2	2	2	2	13
38.1290584126141	NaN	-1.45760358203921	-0.846621109466473	1.43545796114295	-1.04303519576235	2	2	2	2	13
48.2254895940636	NaN	-1.05824545639769	0.039978009733457	1.19032582594179	-0.492176660110622	2	2	2	2	13
61.6557350948084	NaN	-0.405280803576973	0.614235892892781	0.294428189963645	0.135603195489697	2	2	2	2	13
72.8761328780962	NaN	0.204867571631667	0.423504946369712	-0.452020815454495	0.588734673189362	2	2	2	2	13
12.6739578316101	NaN	-0.552053464050996	-0.868584277162777	-0.664241651508559	-0.774082183132695	1	1	1	1	14
24.8321518940028	NaN	0.130938340814831	-1.01362892118563	-0.536723676466347	-0.31412765797381	1	1	1	1	14
37.0960551093085	NaN	0.605056130960289	-0.740381540484175	-0.168546128894876	0.509781129448269	1	1	1	1	14
45.4517613405139	NaN	0.64654223208109	-0.163768406519093	0.338710845083246	1.12918197909762	1	1	1	1	14
59.8754723102513	NaN	0.235817472723038	0.47369032409643	0.845095100427429	1.11671451435114	1	1	1	1	14
73.1939330170235	NaN	-0.433278517293291	0.903883187927219	1.21089527507515	0.48098075832941	1	1	1	1	14
12.6026009326022	NaN	-0.52431754873462	-0.902650153187274	-0.454300042913819	-1.1511539092535	2	2	2	2	15
23.5880905063022	NaN	0.270040228457472	-1.45399031810055	-0.6252665642087	-1.24879281789494	2	2	2	2	15
35.6634697802965	NaN	0.946984807325941	-1.24950974656223	-0.207164497122039	-0.995848139800008	2	2	2	2	15
49.8402095177917	NaN	1.0524405357274	-0.447619959079365	0.549933557221027	-0.481838722481639	2	2	2	2	15
60.7241482392395	NaN	0.515670635288954	0.330453372106486	1.19319683174106	0.111323993994757	2	2	2	2	15
71.9576744636782	NaN	-0.303274529157552	0.481935232567925	1.3378807080046	0.573715676899499	2	2	2	2	15
12.9681221408347	NaN	-1.03998837652318	-0.833547133664258	-0.527206928581358	0.115839732616313	1	1	1	2	16
23.880337017227	NaN	-0.670852490321916	-0.896215852916969	-1.19323994072393	-0.537285092730519	1	1	1	2	16
37.8397671204638	NaN	-0.0310358747106633	-0.448404753464574	-1.0821586220185	-0.872074607895286	1	1	1	2	16
48.9923643550219	NaN	0.591756570938242	0.271509228876696	-0.285845084239955	-0.725758587506335	1	1	1	2	16
58.7587867362726	NaN	0.917475167492773	0.88030448711312	0.537021334458932	-0.169473941578521	1	1	1	2	16
73.0631859145664	NaN	0.799654765785318	1.05390966978576	0.705797793861303	0.526321107372143	1	1	1	2	16
