age	diseaseAge	x1	x2	x3	x4	z1	z2	z3	z4	id
12.6091560887064	-35.2794033479507	-0.414748481867035	0.0129316508817283	-1.13911318472415	-0.959627763765982	2	1	2	1	1
24.2851462970367	-23.6034131396204	0.16543026836291	0.848135838096502	-1.01037308307805	-0.301804190092424	2	1	2	1	1
37.3332497980907	-10.5553096385663	0.68503365243452	1.05532027152099	-0.331963909711355	0.599308524627281	2	1	2	1	1
47.8885594366571	0	0.966699645833473	0.464218494802288	0.45132677459839	0.98726826521297	2	1	2	1	1
60.6480722407848	12.7595128041278	0.914284050200987	-0.439395521485291	0.825947610978888	0.53640091567498	2	1	2	1	1
71.5736228850519	23.6850634483948	0.545678466020209	-0.912921795667998	0.546284750780043	-0.374811402961154	2	1	2	1	1
12.5240550868902	-33.8144791216925	-1.10288199557993	-0.268883124840295	-1.22119324769747	0.00442729313615112	1	2	1	2	2
23.8633321271025	-22.4752020814802	-0.806421957869938	-0.814564349761196	-1.08072150047635	-0.520299107204694	1	2	1	2	2
35.6600503338418	-10.6784838747409	-0.317142011623102	-1.01832661436146	-0.673691000760889	-0.752555477754809	1	2	1	2	2
46.3385342085827	0	0.221444067809863	-0.792653491725342	-0.126385639512761	-0.603574028343556	1	2	1	2	2
60.5907069391115	14.2521727305289	0.65136021334574	-0.234472179745823	0.391389493450668	-0.130295087493816	1	2	1	2	2
70.9817577328639	24.6432235242812	0.846505019023876	0.416476984516032	0.718991255958174	0.486395345353263	1	2	1	2	2
11.1419357175166	-35.3812148325523	-0.273886379317081	-0.558360621809887	-0.702199364457354	-0.891079260654457	1	1	1	2	3
23.8246007413212	-22.6985498087477	-0.583785837065101	-0.785842796603989	-1.25873883201475	-1.31038784760584	1	1	1	2	3
35.699021962528	-10.8241285875409	-0.633926121328467	-0.197665334748794	-1.16489427470907	-1.22576183637081	1	1	1	2	3
46.5231505500689	0	-0.410380525867322	0.714172193582917	-0.484804690737401	-0.681231008829891	1	1	1	2	3
59.4996555232722	12.9765049732033	0.0247600799716716	1.18693455778304	0.316715914138326	0.0398925278533533	1	1	1	2	3
72.5607443997958	26.0375938497269	0.550633290249172	0.82516478259333	0.691860292412107	0.562417841651069	1	1	1	2	3
11.5475678767923	-38.3357944244784	-1.08392500901069	-0.0658022060103269	-0.348647179711857	-0.13214211566811	2	2	1	2	4
22.1261470147509	-27.7572152865198	-0.622264075776166	-0.532068041217956	0.559938789179185	0.68666014769441	2	2	1	2	4
35.1282550793011	-14.7551072219696	0.175611957448346	-0.303639173755027	0.922965164525759	1.14317452688332	2	2	1	2	4
49.8833623012707	0	0.792873913674223	0.458824207076741	0.427919887656262	0.925801833382105	2	2	1	2	4
60.9134652240642	11.0301029227935	0.829686510804659	1.21906102157846	-0.499036219195815	0.182912322298544	2	2	1	2	4
71.6237720734827	21.740409772212	0.262204159442956	1.44237619426103	-1.05993093989604	-0.578426147470247	2	2	1	2	4
11.9262244240367	-36.5856918155276	-1.10821662812353	-0.349689909993134	-1.42166792398208	-0.858961752083091	1	2	1	1	5
24.5584356035036	-23.9534806360607	-0.412164980361738	-0.703854215417358	-1.19981468148046	-0.775306542034352	1	2	1	1	5
37.0177698215979	-11.4941464179664	0.460878942111669	-0.655471415330531	-0.662660509960739	-0.105553868378055	1	2	1	1	5
48.5119162395643	0	0.803229098222	-0.224659177970318	-0.0279994401002622	0.696393392812285	1	2	1	1	5
59.3637362046979	10.8518199651336	0.337377769969646	0.409449878286801	0.446839441131676	1.08704182578605	1	2	1	1	5
71.61735606504	23.1054398254757	-0.559057750165658	0.983191897744451	0.569328402686756	0.801642286217458	1	2	1	1	5
12.3390711801951	-34.0997275798781	-1.24999157177641	-0.968713524243411	-0.583492560806551	-0.594955921608034	1	2	1	2	6
23.2996878557046	-23.1391109043686	-1.07886967823069	-1.11999738814939	0.0626459830893201	-0.632567125001189	1	2	1	2	6
35.4219335364635	-11.0168652236096	-0.401120614956409	-0.82214569364435	0.73383392951934	-0.162714248885433	1	2	1	2	6
46.4387987600732	0	0.360011243160342	-0.209839014655838	1.09676216558484	0.563165220553275	1	2	1	2	6
59.0236927966745	12.5848940366013	0.729210185702782	0.440053937080639	0.971202054802885	1.15662349817314	1	2	1	2	6
74.5977469837722	28.158948223699	0.475916874248416	0.83366894206889	0.419506220403353	1.30007679324682	1	2	1	2	6
12.9812546407703	-36.2119548745832	-0.991732994154811	-0.78187728999775	-0.674100621959029	-0.289559717768342	1	1	1	1	7
23.3623229664053	-25.8308865489483	-0.837376177118244	-0.074987937650049	0.238254989694677	-0.700539342143721	1	1	1	1	7
34.3883059089591	-14.8049036063945	-0.0286234633564218	0.605706155418025	0.552999773906178	-0.586942070435437	1	1	1	1	7
49.1932095153535	0	0.774519380738082	0.878261261691613	-0.00888548726155836	-0.00982676681677441	1	1	1	1	7
59.4015131165044	10.2083036011509	0.916624683245996	0.589744199726269	-0.949293139589179	0.720605413296604	1	1	1	1	7
73.6352515838941	24.4420420685406	0.281723350655498	-0.0979554486219499	-1.43455787436697	1.21174504713731	1	1	1	1	7
11.6105490260981	-35.161265329	-0.278778643454396	-0.815287117444142	-0.279910426405857	-0.147669038770354	2	1	1	2	8
22.5905100299525	-24.1813043251456	0.501684434433679	-0.705507747365855	0.195255135714681	0.557388917077465	2	1	1	2	8
35.4392957030342	-11.3325186520639	1.06190230432831	0.0697500719390848	0.707120254461089	1.16495268320909	2	1	1	2	8
46.7718143550981	0	1.06029435787074	0.891068904349425	1.11954437671968	1.36358483263452	2	1	1	2	8
60.1022855951357	13.3304712400376	0.497841005288306	1.10222937001315	1.3228352299261	1.05146644694059	2	1	1	2	8
72.6520621135427	25.8802477584446	-0.282514108324861	0.534517950672729	1.26292363025658	0.38858953416903	2	1	1	2	8
11.4017348203808	NaN	-0.696149681100488	-0.291450115163097	0.167180639450157	-1.04535665394246	2	2	2	2	9
24.1876737761158	NaN	-0.76465208055163	0.280047400694712	-0.299490419448099	-0.759721902143375	2	2	2	2	9
35.2730404418185	NaN	-0.11591290629076	0.759136287829031	-0.505383480708593	-0.154727394205279	2	2	2	2	9
48.5655409528783	NaN	0.749713871188189	0.98934025403758	-0.382640457874465	0.497342266031386	2	2	2	2	9
59.715801142417	NaN	1.16459507623966	0.895471867405511	0.0282850922201538	0.903015771332744	2	2	2	2	9
72.003448142811	NaN	0.808744701440365	0.508189691488857	0.591960623500417	0.879715183832877	2	2	2	2	9
12.0781800066305	NaN	-0.0253000260592621	-1.22016265029338	0.0806348035929905	-0.367693263931681	1	1	1	1	10
25.194053272847	NaN	-0.54868942331328	-0.927689633696925	-0.510192253028723	-0.789363239882389	1	1	1	1	10
36.6811758956287	NaN	-0.802452623728081	-0.40621925984549	-0.592999765590431	-0.348572977758203	1	1	1	1	10
47.1559024906288	NaN	-0.69391082922041	0.16870804654289	-0.119871492852729	0.574487766298677	1	1	1	1	10
60.55585552895	NaN	-0.262705418210493	0.603556873667121	0.635418752249374	1.18366202299352	1	1	1	1	10
71.8411663970562	NaN	0.333679785192931	0.751945851406889	1.23582524197334	0.953525725594851	1	1	1	1	10
11.5213764647864	NaN	-1.23592077154355	-0.849597452446192	-1.27369581173313	-0.147996690367531	2	1	1	1	11
23.6700237942636	NaN	-0.83247514141269	-0.813539385168119	-0.699843681713023	0.506575523543585	2	1	1	1	11
35.6968275030229	NaN	-0.0408497498406009	-0.180552983172206	0.218205097534256	0.925858680985646	2	1	1	1	11
47.5670681260088	NaN	0.619135958063736	0.626613879085446	0.704040503322306	0.921933938867926	2	1	1	1	11
60.6259648831317	NaN	0.714103507942168	1.06888473128119	0.346782975701128	0.496560330400085	2	1	1	1	11
71.7270423079986	NaN	0.181692622311514	0.85088346089492	-0.551428501654933	-0.159613617364535	2	1	1	1	11
12.6287316464135	NaN	-0.853262522464878	-0.972316677194241	-1.16952494493126	-0.60709598450325	1	2	2	1	12
24.8155915129078	NaN	-1.1928803002717	-0.64498643337309	-1.19477718706733	-0.0758122096626462	1	2	2	1	12
36.1796594663437	NaN	-0.865975210883196	0.00891683552654254	-0.513002650620227	0.335557446445326	1	2	2	1	12
48.7825968104351	NaN	-0.0904448964289224	0.668041194753823	0.346026243004876	0.508051097985569	1	2	2	1	12
60.4384482954493	NaN	0.61678315433385	1.00846887519357	0.714801699509327	0.391786188534369	1	2	2	1	12
73.5337232316569	NaN	0.784308129024552	0.862901288575788	0.306767011208983	0.0203847723181364	1	2	2	1	12
13.5179483378914	NaN	0.234675653411019	-0.353064890911751	-1.27124592342932	-1.07250494869806	2	1	1	1	13
25.3457327423088	NaN	0.912263961553021	-1.01289250166665	-1.240987382103	-0.578331140452966	2	1	1	1	13
36.9308320645648	NaN	1.2633880576055	-1.11848811704233	-0.672148282784221	0.0767704905618008	2	1	1	1	13
46.3791251932713	NaN	1.10838972061778	-0.601374478582091	0.0974730899597015	0.610974205106989	2	1	1	1	13
58.6886796018079	NaN	0.526576311681267	0.20310755560795	0.610846303813967	0.794464735400645	2	1	1	1	13
72.2531368671617	NaN	-0.184358097079861	0.773262799766449	0.563110825825672	0.54830417029254	2	1	1	1	13
11.1473406805145	NaN	0.354920850978897	-0.562400357273505	-0.88245285557993	0.122719868191351	2	1	2	2	14
23.9110655135592	NaN	-0.313239696974204	-0.205293343940235	-0.551536688695582	0.927181372739869	2	1	2	2	14
35.7386682152068	NaN	-0.526270345232098	0.476460776253524	0.097163244329082	1.42635353716191	2	1	2	2	14
47.3376634237519	NaN	-0.160036175725403	1.13210694523677	0.750831216621656	1.2954528096294	2	1	2	2	14
59.764653597319	NaN	0.572054792569733	1.42432236104331	1.09425581613141	0.619649009805889	2	1	2	2	14
71.5180867294911	NaN	1.24340641908937	1.20276537980991	0.961831020331721	-0.161349933683001	2	1	2	2	14
12.087881441258	NaN	-0.925004932496521	-1.30359629748908	-0.147304890827536	-0.79280286311335	1	1	1	1	15
24.308520832085	NaN	-0.128690307002604	-0.531274350428131	-0.6240631446604	-0.00216226064413649	1	1	1	1	15
37.4708354425522	NaN	0.448599753784518	0.288078896993607	-0.978869472055211	0.575147662524813	1	1	1	1	15
48.0575644162779	NaN	0.439524277928131	0.504978036633399	-1.1248384904237	0.576930019692107	1	1	1	1	15
59.003691675314	NaN	-0.150141831540646	-0.0525086675188862	-1.02622513822736	0.00206658269108112	1	1	1	1	15
73.6236497040151	NaN	-0.945182480523367	-0.942472330962149	-0.707177966865498	-0.788780656012742	1	1	1	1	15
13.1840258215839	NaN	-1.24098595530173	-1.32711118616365	0.409891440516594	-0.661584391150469	2	2	1	1	16
23.6422041721839	NaN	-1.4933054878257	-1.07253729480416	-0.0622550593356556	-0.181250492495155	2	2	1	1	16
34.4275465344612	NaN	-1.24976744520864	-0.280248796326942	-0.414619601144133	0.557022913683949	2	2	1	1	16
49.9615414758759	NaN	-0.631134690488107	0.470711050666649	-0.562463006422533	1.14623812556894	2	2	1	1	16
58.3114282996667	NaN	0.0558322315518096	0.631503991276144	-0.470230821696028	1.26157071482984	2	2	1	1	16
70.4227191752955	NaN	0.470488009705738	0.0846146652892384	-0.160103711124545	0.839439766346303	2	2	1	1	16
