age	diseaseAge	x1	x2	x3	x4	z1	z2	z3	z4	id
10.8168289946953	-36.3974905220043	-0.835002529113253	-0.637656571407137	-0.476830493776224	-0.49937339187732	1	2	2	1	1
24.335567162533	-22.8787523541666	-0.791419575829233	-0.821135314049464	-0.833001580238301	0.342958660460705	1	2	2	1	1
36.3233150118984	-10.8910045048012	-0.0894752490949542	-0.706537368673816	-0.470673350602676	0.76614894930061	1	2	2	1	1
47.2143195166996	0	0.744805832717816	-0.328095240127968	0.349819516975699	0.461115407703093	1	2	2	1	1
59.8188646305175	12.6045451138179	1.08622823606656	0.20114347760564	1.03894871876996	-0.349357084789293	1	2	2	1	1
70.7350941192063	23.5207746025067	0.678936072407178	0.723085487905864	1.10157141389049	-1.07333029191952	1	2	2	1	1
10.520807959089	-36.4400491170282	-0.0739356231057947	-0.619548896389858	-0.52803355391611	-0.285193917075373	1	1	2	1	2
22.9520737703268	-24.0087833057903	-0.696466501095571	0.156229034382044	0.018745765159385	-0.81323074828377	1	1	2	1	2
36.7308477468787	-10.2300093292385	-0.464239144024952	0.66973166914266	0.946328697568959	-0.853091333177625	1	1	2	1	2
46.9608570761172	0	0.418498805554477	0.611118398004847	1.45614456465726	-0.383372286891602	1	1	2	1	2
60.7226068819504	13.7617498058333	1.1753653250131	0.0157556834703738	1.10928489932649	0.343707875642557	1	1	2	1	2
72.2405886486309	25.2797315725137	1.14068431022751	-0.757122589202468	0.2043666215989	0.93773901397883	1	1	2	1	2
12.8587820320902	-34.810557256234	-0.422175531551814	-1.07046693478597	-0.860498971313278	-0.325458382004613	1	2	1	2	3
21.8990584841423	-25.770280804182	0.432979379190008	-1.13443460692246	-0.827596879798341	0.228749530432601	1	2	1	2	3
35.7905896171861	-11.8787496711381	0.840342858479376	-0.677815270233116	-0.170691048898059	0.900191745667878	1	2	1	2	3
47.6693392883243	0	0.491748211748237	0.0512797262695208	0.650215393665194	1.38409710194402	1	2	1	2	3
61.1980468590038	13.5287075706795	-0.349095943297538	0.656685068054265	1.06027668860043	1.4608184065966	1	2	1	2	3
73.5936865851925	25.9243472968682	-1.0460988005814	0.809444173609109	0.77234440556174	1.09553145492126	1	2	1	2	3
10.0483749229589	-40.0264636099438	-1.11552786550119	-0.572692106733806	-1.10297832353451	-0.747301758290592	1	1	2	1	4
24.5285591558741	-25.5462793770287	-0.312587324504399	-0.96051434883018	-0.384783648601324	-1.04437524163299	1	1	2	1	4
35.1687469418471	-14.9060915910557	0.499919623452838	-0.909701052081588	0.512977448650182	-0.5639265975177	1	1	2	1	4
50.0748385329028	0	0.654902054406281	-0.443369560503407	0.807693515792702	0.317965465842365	1	1	2	1	4
60.1792809610587	10.104442428156	0.0251150588534492	0.226324131197805	0.242449689767234	0.910986110359983	1	1	2	1	4
71.6511007952293	21.5762622623265	-0.872368629464417	0.794705057085812	-0.690010143535353	0.750939129707102	1	1	2	1	4
11.162724653062	-36.5476372702672	-0.0937815268763948	-0.901055490291331	-0.803072942952332	-0.130406618538551	2	1	2	1	5
22.5120436431976	-25.1983182801316	0.810212464890678	-0.778716802710336	-0.837056015013137	-0.61867133433939	2	1	2	1	5
36.9979103017596	-10.7124516215695	1.19804429841913	0.0219062352236104	-0.485708076957515	-0.751226601898047	2	1	2	1	5
47.7103619233292	0	0.742241630655316	0.839815482310044	0.110582044216286	-0.473263991025138	2	1	2	1	5
62.0020525697593	14.2916906464302	-0.172330876248764	0.999741221866888	0.713553463513458	0.100285612212927	2	1	2	1	5
70.8344825778405	23.1241206545113	-0.77343851684479	0.369648012033792	1.0822756357398	0.732273175807207	2	1	2	1	5
11.1712308517908	-36.5017490690007	-0.844344462878258	-0.983575617936533	-0.660981417049697	0.119292301805435	1	1	1	1	6
25.7889885843135	-21.883991336478	-1.32221711317737	-0.519396591418511	-0.68588953679504	0.819777271283797	1	1	1	1	6
35.4279018736176	-12.2450780471739	-1.41247429560955	0.0586755873553967	-0.0278771028030191	1.31435292554347	1	1	1	1	6
47.6729799207915	0	-1.07580657159784	0.556921752503565	0.821317867483825	1.35908345872703	1	1	1	1	6
56.8774047514504	9.20442483065892	-0.458841820068343	0.80837342662765	1.22708509994399	0.931906768576544	1	1	1	1	6
71.4639047332773	23.7909248124858	0.169715160636655	0.728766031082518	0.886191457746629	0.243515980113187	1	1	1	1	6
12.2150222271836	-37.1295772243156	0.227146770631201	-0.707613078327898	-0.12881586477128	-0.78075565424954	1	2	2	2	7
25.309008580998	-24.0355908705011	-0.508294140367816	-0.958685597511049	-0.689553714192941	-0.130232903792602	1	2	2	2	7
35.854249699466	-13.4903497520332	-0.475400181486298	-0.755168710401139	-0.760165747815097	0.765107860638194	1	2	2	2	7
49.3445994514991	0	0.297846337833351	-0.189643975932369	-0.301722735870991	1.16628532386453	1	2	2	2	7
58.4114036614804	9.06680420998129	1.15365827020638	0.480626605299241	0.43303039373608	0.742182372523012	1	2	2	2	7
70.9075874664566	21.5629880149575	1.36401153065043	0.950731258161029	1.03901575361124	-0.157162025873688	1	2	2	2	7
12.0061212999386	-37.4339653749881	-0.845388650763272	0.0279033540734523	-0.395446430620993	-0.997928444248609	1	2	1	2	8
24.1309647594403	-25.3091219154863	-0.244097619091636	0.624525715000691	0.1515451354404	-0.860678104373346	1	2	1	2	8
35.4570477610591	-13.9830389138676	0.441118073760278	1.10178197622412	0.586518667126786	-0.386103487200393	1	2	1	2	8
49.4400866749266	0	0.877630581933663	1.28953952824602	0.777989718240444	0.239200107602996	1	2	1	2	8
58.7412419539396	9.30115527901302	0.853541350274566	1.12086644188331	0.668080134630317	0.76937310931134	1	2	1	2	8
72.7769693964657	23.336882721539	0.380544140789238	0.655891404104614	0.290013548724731	0.995959805062097	1	2	1	2	8
12.8106334615544	NaN	-0.816773231425676	-0.766887633480833	-0.696398924860853	-1.09849129060155	2	1	1	1	9
25.3237606096343	NaN	-1.29613373443828	-1.24391146638569	-0.263348705862205	-1.26761659379981	2	1	1	1	9
36.5141972500206	NaN	-1.332140260781	-1.29943532942	0.284647601957221	-1.07365734443706	2	1	1	1	9
49.1953700966683	NaN	-0.907411896794107	-0.907723910713195	0.781067446708844	-0.587053597271974	2	1	1	1	9
60.8897796595246	NaN	-0.226971669498482	-0.250335462389404	1.07506109058127	0.0154750805250527	2	1	1	1	9
70.1015574574324	NaN	0.380721276542546	0.368030453720089	1.07729112177428	0.515108739933108	2	1	1	1	9
13.0911241005203	NaN	-0.514593558939549	-1.25722288038061	-0.0133413506070828	-0.985666808767113	1	1	1	1	10
24.122713924911	NaN	0.0894813355183828	-1.3376162630244	0.814784089116649	-0.859067084211081	1	1	1	1	10
36.8163015002776	NaN	0.543547758498746	-0.917258710570031	0.9462865742913	-0.23125797639076	1	1	1	1	10
46.4199830235965	NaN	0.679910315187402	-0.213735768997097	0.26827921933925	0.526345265841916	1	1	1	1	10
59.7838962638739	NaN	0.448207711235221	0.408794900061986	-0.637209897733182	0.965540484793158	1	1	1	1	10
71.2110312928655	NaN	-0.0659878602099542	0.628098868498634	-0.992873441517257	0.826497423925749	1	1	1	1	10
10.1283401886565	NaN	-0.471302807229164	-0.206408721543409	-0.714226246339456	-0.955510480503086	2	1	1	1	11
23.195064291772	NaN	-0.860586694196574	0.294694391468414	-1.17866001146188	-0.977616089457447	2	1	1	1	11
36.8090023510123	NaN	-0.980241929698237	0.766472927274996	-1.29491369138715	-0.301426636675217	2	1	1	1	11
48.6313772777591	NaN	-0.793538153925765	1.08807013321301	-1.01670425087269	0.554013740936844	2	1	1	1	11
59.821094796221	NaN	-0.357787500635413	1.17710160425897	-0.454792720007398	0.932067601540612	2	1	1	1	11
73.5141629225205	NaN	0.193248409003537	1.01075991349794	0.167112101599435	0.542540179491692	2	1	1	1	11
12.1269570419699	NaN	-0.521392302098228	-1.09639620032501	-0.254730441291081	-0.82708420633189	2	1	2	2	12
25.2528550760849	NaN	-0.706011177672598	-1.31641469251783	-0.845482002810421	-0.289715430722004	2	1	2	2	12
35.5532792888176	NaN	-0.580332995998119	-1.25304887162164	-1.15390628858676	0.520938503112621	2	1	2	2	12
47.7794973689281	NaN	-0.183414545018603	-0.924466221033606	-1.05143420989591	1.07207844255327	2	1	2	2	12
60.651970708178	NaN	0.361394524878369	-0.424873992624303	-0.580782058497444	1.00146980086417	2	1	2	2	12
71.19025920404	NaN	0.884784855223995	0.102490759519222	0.0618551154715979	0.355519833829	2	1	2	2	12
11.5742266632552	NaN	-1.27786930644191	0.0235084535809975	-0.458175729109931	-0.806952542778059	1	2	2	1	13
24.7005955557936	NaN	-1.2297068204263	0.697720867903073	0.012327050431384	-0.978977198847224	1	2	2	1	13
37.9761846686518	NaN	-0.779995776648479	1.15741423460806	0.566706761948606	-0.750010993319482	1	2	2	1	13
47.8235923996229	NaN	-0.125640538647689	1.18979023518087	1.0345787022276	-0.211970490684625	1	2	2	1	13
59.4136459852614	NaN	0.446851805413994	0.779861578132983	1.27214572279682	0.419152458012914	1	2	2	1	13
73.4393408247158	NaN	0.686817541139902	0.117389820295679	1.20639327162229	0.889998833780627	1	2	2	1	13
13.2981112814882	NaN	-0.596320805038156	-0.846242816571555	-0.522206051378551	0.162739155259668	1	1	2	2	14
24.2891513880849	NaN	-1.01822359330562	-0.507244286409899	0.0859796817776955	-0.456434030308598	1	1	2	2	14
36.9707273594012	NaN	-0.902854381977944	0.302918228142598	0.58557200208887	-0.54053613015133	1	1	2	2	14
49.5652245444967	NaN	-0.313789298395269	1.00653113050316	0.791754114457029	-0.0380087971267259	1	1	2	2	14
58.8932157752132	NaN	0.424357522228171	1.10185960435621	0.628251993711665	0.743076247217523	1	1	2	2	14
70.7813308739464	NaN	0.904817967987836	0.520926479075908	0.155550832917902	1.32387895086279	1	1	2	2	14
12.5895211581469	NaN	-0.395080213953754	-1.31765911904462	-1.20269215228285	-1.40302694137339	1	2	1	2	15
23.9675521412635	NaN	-1.04539201273313	-1.2599834657462	-0.362092803344802	-1.18374555823067	1	2	1	2	15
36.4811948885371	NaN	-1.22764143403375	-0.759537727473627	0.372437746497134	-0.715071216819014	1	2	1	2	15
47.2642717927507	NaN	-0.836077316415841	-0.0612161001834365	0.423313339969325	-0.14786835690143	1	2	1	2	15
59.1088786605655	NaN	-0.0979067474011275	0.493256229244763	-0.249471218816873	0.335282636524462	1	2	1	2	15
72.6365240844275	NaN	0.558543014372896	0.632547036533914	-1.11688272890613	0.578857345961016	1	2	1	2	15
10.2218112788304	NaN	-0.759041058683962	-1.07065344516846	0.058847527100122	-0.394816469675297	1	1	1	2	16
24.2635776061683	NaN	-1.20782961840775	-0.9697207179508	-0.436246938672885	0.108159663474968	1	1	1	2	16
35.8616804506069	NaN	-1.38772844654174	-0.590481510411028	-0.480017769381609	0.598549680597678	1	1	1	2	16
48.3791572192158	NaN	-1.23972303130038	-0.0509963082028187	-0.0508142047451442	0.94650819295205	1	1	1	2	16
60.8235931948551	NaN	-0.812365480625034	0.480788421880861	0.639062929796563	1.05990280239627	1	1	1	2	16
72.1608392488838	NaN	-0.245847353696907	0.839323437439222	1.24837349277497	0.90870890273876	1	1	1	2	16
