age	diseaseAge	x1	x2	x3	x4	z1	z2	z3	z4	id
13.368763936248	-34.4698758763367	-0.741366324489852	-0.887966923028267	-0.853178633984673	-1.05413067712407	2	2	1	1	1
24.6039114411135	-23.2347283714712	0.0201341149907861	-1.04348599073205	-0.598335784434682	-1.17646894702497	2	2	1	1	1
36.1157791658808	-11.7228606467039	0.749846300964016	-0.462545710201975	-0.0425242686161854	-0.661277304716797	2	2	1	1	1
47.8386398125847	0	0.959508793594006	0.410456252343589	0.588611997039499	0.150871729601205	2	2	1	1	1
60.041753866462	12.2031140538773	0.508833253863151	0.907705927445828	1.03884935625446	0.723099020708868	2	2	1	1	1
72.103270359082	24.2646305464973	-0.300626510908887	0.648825843359026	1.1254040448108	0.677128069814013	2	2	1	1	1
13.9722121215571	-34.6866497002177	-0.72937907743689	-0.780563439245685	-0.910955359675677	-0.529524554694281	2	1	2	2	2
25.668711504555	-22.9901503172198	-0.0105031729367545	-1.22183559405247	-0.000521076246437158	0.309660358224322	2	1	2	2	2
35.4038067848092	-13.2550550369656	0.628947967706274	-1.43999278876312	0.607433431261302	0.994931437205275	2	1	2	2	2
48.6588618217748	0	0.840031717478034	-1.37192789054718	0.403232812963668	1.01512407694707	2	1	2	2	2
59.6346994908623	10.9758376690875	0.507561608666088	-1.03733028245938	-0.441932455055856	0.355175971392716	2	1	2	2	2
73.6424316388734	24.9835698170986	-0.187036467369257	-0.532990243300111	-1.21952267390859	-0.492637452634248	2	1	2	2	2
12.8966440387854	-35.6239226043708	0.399309926417631	-1.2144590294804	-0.627956163553999	-1.06445234395155	2	2	2	2	3
23.4676789088376	-25.0528877343185	-0.259546405466413	-0.641251739444372	-0.245583652206646	-0.654891660683726	2	2	2	2	3
36.4233617317752	-12.0972049113809	-0.517121481423899	-0.00289150777244562	0.610329153026993	0.127772466563557	2	2	2	2	3
48.5205666431561	0	-0.234163459502943	0.432416532210371	1.28354573533285	0.782283310150008	2	2	2	2	3
60.2957763403431	11.7752096971869	0.4363531319921	0.481779015428287	1.25790451571307	0.889459829013839	2	2	2	2	3
74.3084629245743	25.7878962814182	1.13192943684272	0.124456442871412	0.553064861976229	0.38066089185073	2	2	2	2	3
11.6520659942671	-37.3584495448325	-0.235405834951155	-0.820111003579084	-0.703376440474737	-0.79584812377433	1	1	1	1	4
22.6782930695314	-26.3322224695682	0.566855138565086	-0.0223199950018366	-0.959275008892729	-0.364253925379994	1	1	1	1	4
37.1709963771206	-11.839519161979	1.19731477397994	0.542472391132563	-0.762267126742489	0.305220481782621	1	1	1	1	4
49.0105155390996	0	1.24037036438066	0.514317700256971	-0.201675310563881	0.901471111691508	1	1	1	1	4
59.8826302562	10.8721147171003	0.667639410852012	-0.088840770731774	0.468330549452921	1.14742098328781	1	1	1	1	4
70.29286068448	21.2823451453804	-0.143330466983074	-0.882603435682347	0.943972711727422	0.928777474483846	1	1	1	1	4
11.6597203875985	-36.4067038842598	-0.648506183985538	-0.748199791225498	-0.587792844378167	0.135462273558147	1	2	1	2	5
25.0353074859232	-23.0311167859351	-0.847104750859853	-0.629568514874327	-0.0692069334651553	0.910179819694416	1	2	1	2	5
36.7827748473403	-11.283649424518	-0.804283904425012	0.126550194300591	0.772566696509946	1.15729792883589	1	2	1	2	5
48.0664242718583	0	-0.530520706902397	0.940435662970674	1.34019460483832	0.701459784286129	1	2	1	2	5
59.9509093225209	11.8844850506626	-0.0927973478835619	1.18807710263866	1.23088069593052	-0.133868534375493	1	2	1	2	5
71.348280960763	23.2818566889047	0.401787522090527	0.679606361113157	0.52219553151482	-0.755931945921631	1	2	1	2	5
13.0137608788881	-34.318119848783	-0.323617689537691	-0.946962343514649	-0.439506705562614	0.0574589036481555	1	2	1	1	6
23.5127477157616	-23.8191330119094	0.441005574266816	-0.778272225122865	-0.578892665226488	-0.423885873152165	1	2	1	1	6
37.1762633353684	-10.1556173923026	1.11653771246844	-0.4065844880192	-0.194700997759186	-0.660816375944361	1	2	1	1	6
47.331880727671	0	1.27897173386247	0.0768226869088394	0.508566893232952	-0.576454758594637	1	2	1	1	6
60.6033384074523	13.2714576797813	0.826353702010121	0.553235327822326	1.15656850374078	-0.198174193243258	1	2	1	1	6
71.7455455700887	24.4136648424176	0.0427755186847368	0.905657163729768	1.40437902120495	0.351283019073111	1	2	1	1	6
11.394648940601	-36.1303828141362	-0.147459915868429	-0.878523561943996	0.145103954549837	-0.579699266365849	2	1	2	1	7
23.297080601953	-24.2279511527842	0.628863816645688	-0.975654991626007	-0.603154553344763	-0.758464270468248	2	1	2	1	7
36.7994939668936	-10.7255377878436	1.04233967614401	-0.826281880792378	-0.5562919179168	-0.140133570348836	2	1	2	1	7
47.5250317547372	0	0.832803832409464	-0.467279729938327	0.244555922675762	0.763231214412324	2	1	2	1	7
58.9339259811914	11.4088942264542	0.132098680642311	0.012725175269861	1.09640615614112	1.20352161262488	2	1	2	1	7
71.5177470917567	23.9927153370195	-0.618883930337633	0.495234793110169	1.25150616029599	0.816117503776082	2	1	2	1	7
11.3013551206229	-35.5687340153312	-1.36408800330505	-1.24129010334024	-0.59470442369757	-0.463084935536183	1	2	2	1	8
23.0728454377944	-23.7972436981597	-0.897790102450147	-0.491812545672868	0.135480010402562	-0.761828968155278	1	2	2	1	8
35.8453946007999	-11.0246945351542	-0.011746373488854	0.395273037374218	0.921299524008974	-0.528431922532432	1	2	2	1	8
46.8700891359541	0	0.591861725155658	0.639378561988894	1.2118240315761	0.112762237680958	1	2	2	1	8
62.5130177822283	15.6429286462742	0.434680359278039	0.025704162917561	0.803369749441608	0.820152687426041	1	2	2	1	8
72.1819665751594	25.3118774392052	-0.358725692746405	-0.905749361258183	-0.0177001706765312	1.21687204975844	1	2	2	1	8
11.1953967277937	NaN	-0.692666735465975	-0.66732312484286	-0.390984011544159	-0.541885866287652	1	2	1	2	9
23.5476823622131	NaN	-0.947892792025269	-0.730100081092252	0.342870589920914	0.121741041696772	1	2	1	2	9
34.7615805498632	NaN	-0.807359873450633	-0.504926764184325	0.736083208187783	0.827051786545329	1	2	1	2	9
49.131674466371	NaN	-0.326942319491648	-0.0574474887393091	0.563287383448982	1.18916370973441	1	2	1	2	9
59.2292005881944	NaN	0.302351144609059	0.48188503109924	-0.0764804305251649	1.01047511485141	1	2	1	2	9
70.183175095328	NaN	0.830320372352152	0.955840293496684	-0.816542765525181	0.388494996263329	1	2	1	2	9
12.3414094874881	NaN	-0.471702071247775	-1.00220716789933	0.0965364688948405	-0.375672281184941	2	1	2	1	10
25.5436873656458	NaN	0.0370898491033961	-0.398554526032272	-0.490772737163748	-0.579876978745381	2	1	2	1	10
35.3521183971852	NaN	0.860246885484892	0.318042756931223	-0.735066728431094	-0.22396852744864	2	1	2	1	10
48.5526488240346	NaN	1.43826041732943	0.770657503473074	-0.525405694277214	0.491508768536511	2	1	2	1	10
61.3752642857604	NaN	1.37824847974097	0.72121624754335	0.0429982182252136	1.16340377315496	2	1	2	1	10
72.0463430398569	NaN	0.721001827015066	0.195724883238483	0.712019043360756	1.41312273375842	2	1	2	1	10
11.6957119823687	NaN	-0.958253996520045	-0.295811516624006	-0.494251728187164	-0.552568237210362	1	1	1	1	11
24.06362857729	NaN	-0.172990665552416	0.365748678186993	-0.904494019067481	0.128676397515756	1	1	1	1	11
35.375121595345	NaN	0.588491417330679	0.958982473084087	-0.95718196241512	1.02007005991966	1	1	1	1	11
49.4812740149754	NaN	0.767956570260409	1.21435897300727	-0.631848793519545	1.37805402667776	1	1	1	1	11
59.5491448027777	NaN	0.233840500038817	1.01584996581883	-0.0548710037990217	0.904014887666489	1	1	1	1	11
72.7964188540976	NaN	-0.622301095098414	0.453646386096665	0.549622926583545	-0.00662617355079265	1	1	1	1	11
14.4851359910659	NaN	-0.228448119585145	-1.40794866403058	-0.0266622461713655	-1.25370633724017	2	1	1	2	12
25.6092651411903	NaN	0.622916372006291	-0.874733552114231	0.666021301055157	-0.899494716223052	2	1	1	2	12
36.964807984794	NaN	1.23805519717547	-0.00217271677275022	1.01325096904555	-0.1544302848929	2	1	1	2	12
48.1851660646877	NaN	1.16510422048429	0.545326623290193	0.829216913359762	0.528765625971934	2	1	1	2	12
59.2690317052021	NaN	0.457651231652997	0.350873749353595	0.212399599266086	0.734964674522043	2	1	1	2	12
73.4805306650409	NaN	-0.364628177270655	-0.437466140251029	-0.507129151196228	0.338874733339432	2	1	1	2	12
14.7422438540405	NaN	-0.641870723794387	0.188276490657899	-1.13375078030406	-0.173913363365273	1	2	1	1	13
21.6704904847955	NaN	-0.320382794962649	0.874448036850008	-0.721970581056852	-0.713393096105781	1	2	1	1	13
36.6552731184412	NaN	0.585085616251643	1.27239655425307	-0.0544514200532298	-0.443194062178184	1	2	1	1	13
47.6200169146546	NaN	1.28470997670456	1.18251967518843	0.555544086733965	0.414805872200185	1	2	1	1	13
60.172416968893	NaN	1.16821998096403	0.64989769792668	0.821748818671777	1.15604758301152	1	2	1	1	13
72.1791359997956	NaN	0.337227850243063	-0.0583177157219797	0.619234540612908	1.17184965953629	1	2	1	1	13
12.288979100506	NaN	-1.00731178185812	-0.253479925849221	0.0372128876466521	-1.45628909274271	2	1	2	1	14
23.5605671633833	NaN	-0.823834955300347	0.453046322625492	-0.660990390636755	-0.980767189311247	2	1	2	1	14
35.9222834971006	NaN	-0.324359481414594	1.10190688896819	-0.717874108930205	-0.118333329478217	2	1	2	1	14
48.4143834886473	NaN	0.297780993172383	1.34490664940923	-0.0916551710006778	0.48386537425227	2	1	2	1	14
59.5705820587344	NaN	0.80177246866544	1.05164573677891	0.757686539075552	0.373955253158129	2	1	2	1	14
70.1320261889128	NaN	0.992533274551639	0.379495434010404	1.20627959602074	-0.365590101667152	2	1	2	1	14
12.2164100059492	NaN	-1.28110168031844	-0.116168097513582	-0.58663252525266	-0.664701029232784	1	1	2	2	15
23.3877305129071	NaN	-1.22108690167932	-0.746958720187875	-0.0152053743278629	-0.781576110501492	1	1	2	2	15
37.826174046736	NaN	-0.42215745800492	-1.07566102965662	0.621959379686015	-0.364496569698113	1	1	2	2	15
48.6667330298192	NaN	0.423865785041093	-0.951446991824083	1.05843891746377	0.358326423860735	1	1	2	2	15
59.9870643718708	NaN	0.584381798657208	-0.431313343840218	1.11172454200052	0.991389700081243	1	1	2	2	15
71.6849847881609	NaN	-0.079605830884991	0.246071875365627	0.759535506865841	1.18830343068411	1	1	2	2	15
12.4379456091275	NaN	-0.787183255575866	-0.466780214897359	-0.645554920430922	-0.501686390260087	1	1	2	1	16
25.4233212803014	NaN	-0.162285938702863	0.3809102163503	-1.37590045132607	-0.423884977400073	1	1	2	1	16
36.4932625585626	NaN	0.669751582069796	1.14360240561665	-1.37789677404833	-0.0175934004546063	1	1	2	1	16
46.1663964932545	NaN	1.12228009678788	1.19151361816097	-0.649911959427022	0.569998597103181	1	1	2	1	16
60.162551423917	NaN	0.876232869861645	0.48508181980283	0.212949983777973	1.1260204555693	1	1	2	1	16
71.6267015570573	NaN	0.10509175479411	-0.39236650973369	0.505327362445694	1.44903872331189	1	1	2	1	16
