age	diseaseAge	x1	x2	x3	x4	z1	z2	z3	z4	id
13.1071392093644	-36.9039259453993	-0.508022264272538	-0.84336709738598	-0.0823793478327936	-0.875081516987672	2	1	2	2	1
24.5445626257621	-25.4665025290015	-0.701050311479722	0.0389616003845265	0.398146462693671	-1.17353687843831	2	1	2	2	1
35.5755275110212	-14.4355376437424	-0.654629904140407	0.501806459510555	0.773606191679434	-1.09936766546476	2	1	2	2	1
50.0110651547636	0	-0.380009891640377	0.181004559971586	0.95360430130012	-0.680731236411999	2	1	2	2	1
60.3132107268789	10.3021455721153	0.0562622884600944	-0.671039530738999	0.894804516929192	-0.076557361146852	2	1	2	2	1
71.197137203062	21.1860720482983	0.548466752893154	-1.38394380892931	0.611363451704697	0.483787358927368	2	1	2	2	1
12.5827805924323	-36.0820668812397	-1.45343942415652	-1.16205571326641	0.354367533097159	-1.02155735328309	1	2	1	2	2
23.8068273499828	-24.8580201236892	-1.24021307452166	-1.07584940139346	-0.416888549655445	-1.45448083203208	1	2	1	2	2
36.0872662185668	-12.5775812551052	-0.679068414586101	-0.389301663122118	-0.427811026218772	-1.02519884749636	1	2	1	2	2
48.664847473672	0	-0.0181735220932641	0.418706688692722	0.331038372810187	-0.103841579117858	1	2	1	2	2
59.865826217577	11.200978743905	0.450188655669734	0.784573627941551	1.20392694589423	0.515189755815252	1	2	1	2	2
70.4220006704242	21.7571531967521	0.518883399900587	0.453099628797714	1.43657909776798	0.298161650347699	1	2	1	2	2
10.9932446417411	-36.7949792816356	-0.595922989604098	-1.12370712795965	-1.12185379948922	-0.419502382604492	1	1	2	1	3
23.6876403331266	-24.1005835902501	0.277146079779005	-1.18440440311832	-1.19532737568921	0.273881457941159	1	1	2	1	3
36.3947993841128	-11.3934245392639	1.04193847243186	-0.914618088126755	-0.944132745810824	0.589559038324806	1	1	2	1	3
47.7882239233767	0	1.03253488692271	-0.405132407147903	-0.450912600050748	0.352876725360976	1	1	2	1	3
60.253266059438	12.4650421360613	0.257123204241692	0.172608575758677	0.122064307181175	-0.305217233629008	1	1	2	1	3
72.3905404099117	24.6023164865349	-0.609130856112004	0.624192601757833	0.586289355867307	-1.0206219076404	1	1	2	1	3
11.5756244430487	-36.5731047085889	-0.902812084853483	-0.452855692487694	-0.698108185047447	-0.9535832587586	2	2	1	1	4
24.3449277835268	-23.8038013681108	-1.12862128520783	-1.06379981718649	-0.334092539957277	-1.24805139296688	2	2	1	1	4
36.4164205394149	-11.7323086122228	-1.07117461688962	-0.820991412127381	0.172251535207207	-1.0705073400426	2	2	1	1	4
48.1487291516376	0	-0.746964950080875	0.062938128689108	0.680832787458816	-0.505098951893845	2	2	1	1	4
58.8785269730255	10.7297978213878	-0.249072494704675	0.813916876343095	1.05094099944075	0.180195765289379	2	2	1	1	4
73.3615438289949	25.2128146773573	0.279558417190841	0.774300142053851	1.18017757363698	0.660578107043952	2	2	1	1	4
12.0122037889153	-34.8144566659801	-1.37864322982977	-0.630745244180896	-0.0312855389931356	-1.04769181362715	1	1	2	2	5
23.8351249635218	-22.9915354913736	-1.17868170397595	-0.548924727566088	0.82363105054348	-0.506603295596369	1	1	2	2	5
34.8210974081667	-12.0055630467287	-0.541580917629336	0.0824212968154159	1.4223382130877	0.281408553746996	1	1	2	2	5
46.8266604548955	0	0.182038387067131	0.865451956030968	1.32382335892736	0.827010139597989	1	1	2	2	5
58.622587801767	11.7959273468715	0.593941043749077	1.3067427428137	0.600653334889123	0.791397945793465	1	1	2	2	5
73.062519150312	26.2358586954165	0.467441387806609	1.12821554302206	-0.214478908189384	0.196686161133732	1	1	2	2	5
10.857999371602	-35.8944472796787	-0.755579866837054	-1.27310043056984	-0.553921681058554	-1.14990541813466	2	2	1	1	6
24.7963165120295	-21.9561301392513	-0.355481786384174	-1.28346619499551	0.333389850634163	-1.21855380756275	2	2	1	1	6
35.5914450976747	-11.161001553606	0.151986690133675	-0.734500712208155	0.987503238089774	-0.534368277153819	2	2	1	1	6
46.7524466512808	0	0.63279035802499	0.0424044804065317	0.877074848800719	0.345277587239887	2	2	1	1	6
58.8005301849755	12.0480835336948	0.959936860080819	0.578258500441421	0.0918069004895905	0.703777912027063	2	2	1	1	6
73.3390211684277	26.586574517147	1.04701856627842	0.549584748580987	-0.730418655259631	0.249079441658157	2	2	1	1	6
11.5437138471577	-36.9722937415046	-1.19645164919835	-0.665949231162861	-0.483689941749425	-0.2845534247062	2	1	2	2	7
22.1729657693293	-26.343041819333	-1.33924365682683	-0.0542222204087511	-0.597769140399601	0.240179886533461	2	1	2	2	7
36.3974350251413	-12.118572563521	-0.905733341918881	0.505862950993945	-0.0621551259218124	0.636118590715223	2	1	2	2	7
48.5160075886623	0	-0.151181863103322	0.797585500816441	0.760552353807568	0.789945223653507	2	1	2	2	7
59.7535002074183	11.2374926187561	0.480112966848229	0.708065562889505	1.31339713882561	0.6576346779651	2	1	2	2	7
72.4259643727452	23.9099567840829	0.616429774330106	0.271942209917046	1.22211460153896	0.277054167347648	2	1	2	2	7
11.5874145497439	-37.8394425716777	0.197821412533489	-0.770288260525537	0.271282818978691	-1.17394863984897	2	1	1	1	8
24.4948801693708	-24.9319769520508	-0.265837497358121	-0.277227110651343	0.905238381301251	-1.25131705369648	2	1	1	1	8
36.2071396770207	-13.2197174444009	-0.514931465287756	0.58726363393093	1.27738698284934	-0.961216326865646	2	1	1	1	8
49.4268571214216	0	-0.476281521471375	1.17400244265699	1.22394879243031	-0.412075104563684	2	1	1	1	8
60.5238710809604	11.0970139595388	-0.161242268728957	1.04238309703653	0.768441560130178	0.190858458845553	2	1	1	1	8
71.7634851919471	22.3366280705256	0.337633879290777	0.291243958008927	0.111330630445228	0.622230672784967	2	1	1	1	8
11.0563326955675	NaN	-0.718085822408294	-0.506128539819112	-0.255346466779025	-1.14491233275646	2	1	2	2	9
25.538641885246	NaN	-0.289139199783946	-0.418775409475964	-0.95639129064072	-1.30265882743572	2	1	2	2	9
37.9673596442355	NaN	0.276503382753967	0.275182523345201	-1.18803154326909	-1.12157011129509	2	1	2	2	9
50.4299846601118	NaN	0.794153126663055	1.08559473225705	-0.80776778096589	-0.663018894327796	2	1	2	2	9
60.4638113192506	NaN	1.09479144632094	1.44005768672566	-0.0495290120617334	-0.0824126003411125	2	1	2	2	9
73.8809106817122	NaN	1.0802564780923	1.08821009610147	0.620234733566104	0.42347570572467	2	1	2	2	9
11.9434376663051	NaN	-0.771499074278283	-0.789301527777028	-1.37880524066701	-0.958500136756919	1	2	2	2	10
22.4243681582633	NaN	0.0980022238132212	-0.942811925276545	-1.00731243753777	-0.451153157790956	1	2	2	2	10
35.3124851965455	NaN	0.769193769017461	-0.524324617328752	-0.407516098610106	0.172994217049106	1	2	2	2	10
48.5407615396818	NaN	0.712429172112774	0.2224492689352	0.184306340043812	0.670758425835359	1	2	2	2	10
59.0125955252459	NaN	-0.0274978504110973	0.862616961196861	0.535018596423434	0.848197976265791	1	2	2	2	10
72.5463367788787	NaN	-0.866700808076906	1.02336908896631	0.506464787675898	0.636177943417236	1	2	2	2	10
10.607839057278	NaN	-0.699830956625925	-0.76215432829229	-1.15431890989476	-0.533832584356352	2	1	1	1	11
25.0314861634809	NaN	-1.2874134249463	-1.19016689278398	-0.596280256594202	-0.886224934468112	2	1	1	1	11
36.5667958646179	NaN	-1.47629389359683	-1.44087779561021	0.143641931319198	-0.687117695581474	2	1	1	1	11
47.4903940450369	NaN	-1.17319501075154	-1.451849833892	0.659661303961246	-0.0469995084434802	2	1	1	1	11
59.9848061839243	NaN	-0.527800125542343	-1.22035052422925	0.668783755851147	0.678915076185078	2	1	1	1	11
72.4264171529455	NaN	0.141166829352887	-0.80403260210661	0.166006373824698	1.08780134835114	2	1	1	1	11
9.80074008140254	NaN	0.374026939022226	-0.570920219996619	-0.32795332716218	-1.35373038580206	1	1	2	2	12
22.6942123528164	NaN	1.04278249266423	-0.660285284942738	0.171635584886392	-1.42446448958445	1	1	2	2	12
37.5825899031111	NaN	1.41360507211548	-0.114520430444164	0.544773863121841	-1.16744521533921	1	1	2	2	12
49.380067273169	NaN	1.30506647580953	0.702268493038913	0.692814554097002	-0.668136248297445	1	1	2	2	12
59.7252653784745	NaN	0.770270164591386	1.24516250954109	0.576619986865936	-0.0925670993494766	1	1	2	2	12
71.8739245965538	NaN	0.0708699274300555	1.15197104200536	0.226908639625684	0.367874792882152	1	1	2	2	12
11.7039591048195	NaN	0.00291740834628529	-0.407404669912455	-0.541024419586425	-1.13189974288843	2	2	2	1	13
24.0822793077684	NaN	-0.543752144794839	0.0621562824805005	-0.302369455388063	-1.02888640557938	2	2	2	1	13
36.6355158013343	NaN	-0.749988909366158	0.605775122880072	0.433663191031142	-0.594508377631413	2	2	2	1	13
47.6385150474052	NaN	-0.527331313546544	1.06272184931435	1.18165870022218	0.00896563257599156	2	2	2	1	13
58.281401495813	NaN	0.0287156489493409	1.29789251986172	1.44831272378548	0.556098466907685	2	2	2	1	13
72.5950947265744	NaN	0.679645577912045	1.24175499263941	1.05776646614581	0.842500094959913	2	2	2	1	13
10.9996274971081	NaN	-0.557349735133195	-0.798294461404614	-1.35868690127272	-0.445166929765541	2	2	2	1	14
24.4283187949902	NaN	-0.457553757505385	-1.36040988251706	-0.907020099092975	-0.975066279410297	2	2	2	1	14
35.3671390471202	NaN	-0.114544439091281	-1.34134834823466	-0.253136972107028	-0.696701897046021	2	2	2	1	14
47.1427066797389	NaN	0.378750018560297	-0.753052445776539	0.31744362153657	0.162149674841119	2	2	2	1	14
59.02630639104	NaN	0.888686112714481	0.035893899677043	0.55557697561214	0.898718060631506	2	2	2	1	14
73.0624480396779	NaN	1.27711178279848	0.531193618320146	0.357281873084545	0.910293248379717	2	2	2	1	14
13.602675793885	NaN	-1.30863629411021	-0.51494781008402	-0.658790290703932	-0.284430360547965	2	2	1	2	15
25.9796071139538	NaN	-0.927461162561373	-0.86910639693261	-1.14271356973999	0.428392030165673	2	2	1	2	15
35.9862984496489	NaN	-0.157738821553935	-0.962597689508998	-1.43806929492973	1.02276447470486	2	2	1	2	15
48.4243938893423	NaN	0.513972040244151	-0.768396920752112	-1.45999489015393	1.19091541283115	2	2	1	2	15
60.4276113219428	NaN	0.663067979917692	-0.342640126372956	-1.2021906214478	0.84577473041296	2	2	1	2	15
73.0392240183404	NaN	0.195302122940055	0.191602642122173	-0.73872965723521	0.166059471461257	2	2	1	2	15
10.2218359436533	NaN	-0.298216690107005	-1.16147714828321	-0.627079833999208	-0.886438200258575	1	1	2	1	16
24.1226851386275	NaN	-0.905963334302686	-0.787345100392847	-0.482418760421294	-0.573344942809894	1	1	2	1	16
37.1786271205123	NaN	-1.22911482543003	-0.0924783421863271	0.0753697649644232	-0.0131338842374869	1	1	2	1	16
47.6397688008843	NaN	-1.12845732060976	0.558429126672268	0.773338125247235	0.584833524600792	1	1	2	1	16
59.5658175535571	NaN	-0.647354129142362	0.823754908182553	1.26994325894783	0.997085571812781	1	1	2	1	16
71.27603739175	NaN	0.00693522535985003	0.564245369428295	1.32217696202424	1.06955588294424	1	1	2	1	16
