age	diseaseAge	x1	x2	x3	x4	z1	z2	z3	z4	id
13.4571831374299	-36.6079335841313	0.33643159657787	-0.750907361218827	-1.3972232974229	-0.062909853030194	1	1	2	1	1
23.0923220307158	-26.9727946908455	1.09076305832095	0.0430056752677823	-1.41352698109228	0.603849149611831	1	1	2	1	1
35.6553459180554	-14.4097708035058	1.40168796507454	0.834973675136379	-1.07653588027036	1.185594361074	1	1	2	1	1
50.0651167215613	0	1.06910058148368	1.00614627791459	-0.510173353186832	1.41725379042809	1	1	2	1	1
58.9290181077545	8.86390138619323	0.307048227391977	0.422767792779225	0.0772893842108942	1.19327190417544	1	1	2	1	1
71.6220908805612	21.5569741589999	-0.394025767051536	-0.459304995806529	0.469821834157244	0.615705966133693	1	1	2	1	1
11.1906268003791	-36.0471812910266	-0.614922941745294	-1.09468321320431	-0.911341130417679	-1.24046368242307	1	1	1	2	2
22.4020224161307	-24.835785675275	-0.532667452384835	-0.70334155811193	-0.754911211778033	-1.1897664718384	1	1	1	2	2
34.8633547525088	-12.374453338897	-0.146844940845009	-0.129858285074251	-0.0453940394693171	-0.732947002022487	1	1	1	2	2
47.2378080914058	0	0.413323057726687	0.425131060775931	0.736639493872472	-0.072810301547554	1	1	1	2	2
59.9361368346241	12.6983287432183	0.960222377357818	0.76746111283999	1.06150164021659	0.497575905359707	1	1	1	2	2
74.155350404571	26.9175423131652	1.31068286197894	0.777366256599825	0.709156440258149	0.724988630993353	1	1	1	2	2
13.7606273559371	-32.3211909130149	-0.730610141388523	-0.114663067152248	-0.435901234904599	-0.703555354137229	2	1	2	2	3
23.5411980484694	-22.5406202204827	-0.478496651000381	0.479928296397185	-1.03585833925807	-0.454114398516758	2	1	2	2	3
37.2953030430704	-8.78651522588168	0.380806242486624	0.920229996565892	-1.07632125943832	0.0977001718313686	2	1	2	2	3
46.081818268952	0	1.13172586974944	1.04759062803361	-0.532060741351686	0.728646058761159	2	1	2	2	3
58.5213766690568	12.4395584001047	1.14894423616683	0.816119059430443	0.257568397238006	1.1834675706458	2	1	2	2	3
71.4413359956772	25.3595177267252	0.418122983853505	0.309220123480199	0.800220223597737	1.27816195544612	2	1	2	2	3
13.0386828054204	-33.1528749667654	-0.940690165968862	-1.08822783154465	-0.51853724908347	-0.38564284927172	1	2	2	1	4
23.557361785351	-22.6341959868348	-1.15746557313084	-0.428188156582191	-0.40213982158389	-0.543969053026905	1	2	2	1	4
36.9933804334509	-9.19817733873479	-0.817091450882709	0.204714419969878	0.177121653229369	-0.445190974761034	1	2	2	1	4
46.1915577721857	0	-0.109964230289713	0.509274578923613	0.907601757600409	-0.114751721055553	1	2	2	1	4
59.1912453772767	12.999687605091	0.568367513390023	0.340548780327978	1.3962987346586	0.362234669647799	1	2	2	1	4
71.522518296387	25.3309605242013	0.838462645731103	-0.221164506662263	1.38029129549819	0.862906771113334	1	2	2	1	4
11.5332346382848	-36.0370213693238	-0.784717345834778	-0.801416328307196	-1.33488604881878	-0.496705724680082	1	2	1	2	5
24.6039936398151	-22.9662623677935	-0.993582458933618	-0.41797110899727	-1.14652777233366	-0.697484363440744	1	2	1	2	5
37.482552012489	-10.0877039951196	-0.874108783850159	0.357960647585313	-0.408235627886335	-0.629246644439488	1	2	1	2	5
47.5702560076086	0	-0.465654424880028	1.0293241556042	0.366896501634272	-0.310511082493007	1	2	1	2	5
59.5312772007225	11.9610211931139	0.0972238693949598	1.16605009276951	0.640171899652067	0.172223105940383	1	2	1	2	5
72.6478831502995	25.077627142691	0.629097613608935	0.680553074362232	0.221671255604788	0.68795036628079	1	2	1	2	5
13.021550251965	-36.3753515463852	-1.03979103780389	-0.989783758976831	-0.194731621410855	-0.00167317442584163	2	1	1	1	6
23.349063664632	-26.0478381337181	-0.402035177532616	-0.993912850572282	-0.693907331876906	0.554292515224853	2	1	1	1	6
37.3486498720647	-12.0482519262854	0.370786140872489	-0.625725015704931	-1.05467246380091	0.956069199748258	2	1	1	1	6
49.3969017983501	0	0.801204047606384	-0.0292304525383077	-1.17985574874613	1.07386010572881	2	1	1	1	6
60.519648575205	11.1227467768548	0.623295299381469	0.562262478057813	-1.03573935339446	0.869612055560862	2	1	1	1	6
72.0921358391725	22.6952340408224	-0.0530235074036418	0.917401715855357	-0.661140701326064	0.409308813134728	2	1	1	1	6
11.8945537915239	-36.3249201260191	0.144242716042482	-0.885082454940662	-0.968713769831824	-1.13880272608272	2	2	1	1	7
25.6940898721813	-22.5253840453616	0.927478591646157	0.0260759255700677	-0.95713757098258	-1.47722207272612	2	2	1	1	7
34.396598427949	-13.822875489594	1.20251813286757	0.611361263793351	-0.681034804714883	-1.24128791183949	2	2	1	1	7
48.2194739175429	0	0.775220673842333	0.382242333439294	-0.216574227485179	-0.566872194941864	2	2	1	1	7
62.321291815558	14.101817898015	-0.0527996507893998	-0.470037817525309	0.308112939607753	0.157636303549255	2	2	1	1	7
70.9045324889597	22.6850585714168	-0.697072635545963	-1.23409033292783	0.748280703662934	0.515000913826617	2	2	1	1	7
12.1239351221469	-36.1598736531405	-0.834263025597479	-1.24858683522957	-0.415036429301677	-0.912544870798294	1	2	1	1	8
25.3362872801572	-22.9475214951301	-1.38046044863556	-0.780133480197385	-0.428672686517829	-0.412080397108761	1	2	1	1	8
36.7939626892571	-11.4898460860302	-1.21509351422601	0.141869578654949	0.127337318384224	0.129484084834267	1	2	1	1	8
48.2838087752873	0	-0.459560531923016	0.728823476071383	0.911186705065187	0.550199884750638	1	2	1	1	8
58.0424667559467	9.75865798065934	0.331490574300549	0.478700400955094	1.44100444394802	0.724256734337359	1	2	1	1	8
71.0694389497929	22.7856301745056	0.577337500984228	-0.394566762939082	1.39108533750149	0.599604915112664	1	2	1	1	8
13.2962631966221	NaN	0.215576529262223	-0.0834528475368667	-1.42469591655123	-0.160342950386602	2	2	2	2	9
27.2059014190615	NaN	-0.336278466508013	0.476032782660305	-0.835630752824483	-0.779095862273494	2	2	2	2	9
34.451142034497	NaN	-0.652210875129596	0.881336423773567	-0.0204132512801244	-0.982963336571696	2	2	2	2	9
48.9403212194852	NaN	-0.618141095257431	1.0002331303414	0.476039881019144	-0.6652263265072	2	2	2	2	9
60.8114172587274	NaN	-0.246371337110118	0.79393442639971	0.32188394551006	0.00778853364135687	2	2	2	2	9
71.1682414531277	NaN	0.328856565792793	0.329742532087803	-0.379838440846079	0.683776372353672	2	2	2	2	9
13.3058575901666	NaN	0.310531869979315	-0.89863665628257	-0.4718114554267	-0.767438768659953	1	1	2	2	10
24.7560079606564	NaN	-0.444691752698661	-0.863334803767156	0.0651602995991808	-1.18798653877601	1	1	2	2	10
36.439002586866	NaN	-0.613672697746596	-0.379483058023237	0.470996057403885	-1.38298410110164	1	1	2	2	10
48.1831086730297	NaN	-0.0728382983210985	0.316524959484079	0.624822711838835	-1.29740477249365	1	1	2	2	10
58.965728578099	NaN	0.782309165491197	0.884643238226629	0.480824917231748	-0.955398324583827	1	1	2	2	10
71.9981726193034	NaN	1.32641603255606	1.04730837471604	0.0818906162490226	-0.453476119963641	1	1	2	2	10
13.4884457833759	NaN	-0.78374184930553	-0.660135633426893	-1.12406483783102	-0.574981224524136	1	1	2	2	11
22.9398689680177	NaN	-0.919110777554009	-0.947007860881461	-1.28105717160493	-0.934302016263483	1	1	2	2	11
36.1750076790198	NaN	-0.560838038321232	-0.852821150123102	-0.695129334085216	-0.911465693076081	1	1	2	2	11
47.8804761849376	NaN	0.111656124409313	-0.413953285299974	0.181403099881679	-0.515565623394999	1	1	2	2	11
59.4787437388127	NaN	0.761591784224659	0.20009156120995	0.671888081436652	0.095751746513284	1	1	2	2	11
73.2377461749505	NaN	1.06348614020795	0.752150516812729	0.397688546116753	0.679061324592974	1	1	2	2	11
13.8159212729347	NaN	-1.02510540510003	-0.645819130907235	-0.870068880623087	-0.759449245915079	1	2	1	2	12
23.9548969113012	NaN	-1.44930738462713	-0.686438055874273	0.0412531681944461	-0.965016163361714	1	2	1	2	12
36.763921435192	NaN	-1.05761731691029	-0.45509751834256	0.694570596145132	-0.46041020310526	1	2	1	2	12
49.3508170261567	NaN	-0.16967703762344	-0.0158530116711991	0.530317311623225	0.389058030675731	1	2	1	2	12
60.2693355876492	NaN	0.489902634035302	0.509673789528401	-0.310823818940428	0.968414125956263	1	2	1	2	12
71.5861847857114	NaN	0.382866392663052	0.975970650853063	-1.10841578471215	0.858231952506137	1	2	1	2	12
11.594998498044	NaN	-0.221958723792079	0.0185644836650642	0.290787659224184	0.0154183076684027	2	2	2	2	13
24.457585884203	NaN	-0.525178498070778	0.583592822860585	1.15898548979186	0.864549438286038	2	2	2	2	13
34.9854479617323	NaN	-0.390691103949273	1.06206192594263	1.47609437275377	1.13518111592673	2	2	2	2	13
49.0249232887616	NaN	0.12209687016538	1.30119549701307	0.983970522409078	0.608837408075491	2	2	2	2	13
59.2852745669079	NaN	0.786673606438461	1.22463763142163	0.0832293758753648	-0.289574174814055	2	2	2	2	13
71.7853822451731	NaN	1.30947823327623	0.856833433463636	-0.492877045236019	-0.834782629490584	2	2	2	2	13
11.2789752504432	NaN	-0.741619510659916	-1.22927581275905	-0.244923111355083	-1.36135801581955	2	2	1	2	14
24.5581191366083	NaN	0.148461746067154	-0.907011557454888	0.646974599662761	-0.699747257108663	2	2	1	2	14
35.8164765082456	NaN	0.903998961443666	-0.354292075789228	0.946044835088901	0.185183894002161	2	2	1	2	14
46.8166596832955	NaN	0.851446693103665	0.230779160603334	0.395002374173772	0.575221884640048	2	2	1	2	14
60.0720830392032	NaN	0.0376541764071345	0.638503295562297	-0.532099987434406	0.153810369534751	2	2	1	2	14
71.7300257863722	NaN	-0.811899777679194	0.722745500691213	-1.03769128643356	-0.737031431959328	2	2	1	2	14
14.2853708752869	NaN	-1.23018351449224	-1.07209840371855	-1.44965308886726	-0.369392338347409	1	2	1	1	15
23.4400286688384	NaN	-1.12876022753275	-0.698549083593043	-1.07879505247896	0.282924831774904	1	2	1	1	15
35.4583576129414	NaN	-0.805498300238532	0.0135441898028964	-0.315838527068191	1.00691610674497	1	2	1	1	15
47.9302085062109	NaN	-0.340297022272984	0.672522099110354	0.361244649036929	1.39729828986125	1	2	1	1	15
59.4836256252797	NaN	0.151861764947949	0.915939375210123	0.528279991962929	1.23553927365432	1	2	1	1	15
72.3602241351921	NaN	0.549333245934553	0.60991377577186	0.080624331011287	0.612190164815831	1	2	1	1	15
12.1737454515456	NaN	-0.220189544610022	0.242003397061735	-0.266238300241572	-0.621995917801775	1	2	2	2	16
25.3983788040319	NaN	0.595317832850209	0.963789658146325	-0.71748632589858	-0.79310986431524	1	2	2	2	16
35.3565604100841	NaN	1.09774356235027	1.26515247931088	-0.508919235052798	-0.601912332424842	1	2	2	2	16
46.5302806704747	NaN	0.951453305033719	0.964738738052393	0.219991267970825	-0.117686983632663	1	2	2	2	16
57.9187141236377	NaN	0.254173015032002	0.243330422704747	0.981812627322746	0.484098931910402	1	2	2	2	16
71.4460811528348	NaN	-0.528294711587154	-0.46494575500842	1.26710434139225	0.985378103099588	1	2	2	2	16
