age	diseaseAge	x1	x2	x3	x4	z1	z2	z3	z4	id
11.2205188023265	-37.3814509236504	-0.926568975696104	-0.174251539616282	-0.492464400849179	-0.76705556988675	1	2	2	2	1
24.4041980074415	-24.1977717185353	-0.0502725835291543	-0.505925291499579	0.266050327852742	0.0768709510556881	1	2	2	2	1
35.0260644021675	-13.5759053238094	0.543081818115938	-0.541892313916997	0.518718911174752	0.878916810270504	1	2	2	2	1
48.6019697259768	0	0.394908967920909	-0.270836950309881	0.092986110985724	0.943971766455082	1	2	2	2	1
59.5721784613766	10.9702087353998	-0.380272921999244	0.221963531513407	-0.720401895445339	0.215654546928003	1	2	2	2	1
73.4985479775431	24.8965782515663	-1.18334974956216	0.781468190450341	-1.36595712739136	-0.674823113478094	1	2	2	2	1
13.4392333599873	-34.6935070598156	-1.43242609371737	-0.294351201827763	-0.0387816865080715	-0.506529341019046	2	2	1	2	2
24.2521274350519	-23.880612984751	-1.18129964634144	0.646203255632353	0.642570448605224	-0.059229108480464	2	2	1	2	2
34.2949848651031	-13.8377555546999	-0.612105990159406	1.18655322253532	1.06261130556019	0.428506173631626	2	2	1	2	2
48.1327404198029	0	0.0327675999484527	0.84848140612316	1.01730302232096	0.839954676229472	2	2	1	2	2
60.653423289375	12.5206828695721	0.478706060284865	-0.0688138986009386	0.52865442277117	1.07665105641093	2	2	1	2	2
72.1702435831722	24.0375031633693	0.535809508812694	-0.753513492685257	-0.165969927504455	1.08195058198934	2	2	1	2	2
12.5437448706594	-35.3819825154261	-0.543903391972089	-0.249162569663738	-0.575777811534091	-1.17662586944178	1	2	1	2	3
22.1656351708424	-25.7600922152431	-0.0629564852529757	-0.70742262492054	0.282175005472236	-0.748642130332163	1	2	1	2	3
35.9774972529055	-11.94823013318	0.876935558066336	-0.718248967102989	0.943802670413296	-0.236616986526769	1	2	1	2	3
47.9257273860855	0	1.44300644400067	-0.276447355861074	0.90360325797591	0.224636026740053	1	2	1	2	3
58.6305307719233	10.7048033858378	1.13370415158851	0.406015533713999	0.192290236565858	0.513671409948782	1	2	1	2	3
73.257124919137	25.3313975330515	0.223077733169472	1.00170904972912	-0.646673475205155	0.554387662441485	1	2	1	2	3
11.8448618968228	-34.9893089736016	-1.06471076849183	-0.567227664151087	-0.597628593717382	-0.368443675446924	2	2	2	1	4
22.9576748895624	-23.876495980862	-1.06219705259977	0.298386281774771	-0.36123946380119	0.323436127531835	2	2	2	1	4
36.2716125404878	-10.5625583299366	-0.641435619895168	1.07544405357488	0.391810926098207	0.976695479906365	2	2	2	1	4
46.8341708704244	0	0.0106718637942756	1.08672815849614	1.14567634170057	1.24949436246417	2	2	2	1	4
58.6374171574307	11.8032462870063	0.60446012611497	0.322404330001277	1.3839522488491	0.999081546438694	2	2	2	1	4
72.8481705268414	26.013999656417	0.876169214869525	-0.551407761572123	0.943417525729231	0.356493995219829	2	2	2	1	4
10.9667653278743	-37.6669448522673	-0.786979286677838	-0.263673927052162	-0.756067223873454	-0.47945210818197	2	1	2	2	5
23.0931426199397	-25.5405675602018	-0.879409472233203	-0.76284337541616	-1.03093586365034	0.0383327248103978	2	1	2	2	5
36.1266820828	-12.5070280973415	-0.38770117160946	-1.08119495643998	-0.824626515108109	0.578458360897941	2	1	2	2	5
48.6337101801415	0	0.389132067657569	-1.12571934131256	-0.236548609475979	0.976464113969071	2	1	2	2	5
60.1260729989254	11.4923628187839	0.978688900253354	-0.883408323385737	0.449934590599763	1.11116281042363	2	1	2	2	5
71.35270267205	22.7189924919085	1.02245294611104	-0.425055284832842	0.904043578760634	0.941540585047381	2	1	2	2	5
11.975382715349	-36.0274265215068	-0.663646475818058	-0.401979775499351	-0.624796806577363	-0.0129002050849879	1	2	1	2	6
24.5257948002273	-23.4770144366285	-0.631176940213647	0.0451463439964023	-0.0862159118525637	0.642014042510038	1	2	1	2	6
36.7697896487454	-11.2330195881104	0.131067499185822	0.535045234985754	0.492354208333383	1.11398668619013	1	2	1	2	6
48.0028092368558	0	0.985554989834734	0.949566202270162	0.91061978114847	1.19852289203318	1	2	1	2	6
60.7640375751972	12.7612283383414	1.21760272824863	1.18873771833684	1.02378247238569	0.858995076627817	1	2	1	2	6
74.1679758281817	26.165166591326	0.63312884658655	1.19487791981619	0.792666767131754	0.242512792091041	1	2	1	2	6
12.231696829665	-35.7236182859782	-0.742632022890423	-0.999929560792375	-0.542965115459574	-1.35875846727625	1	1	2	2	7
25.3640274076237	-22.5912877080195	-0.894048704720209	-1.02728042840215	0.0466264399228039	-1.44851278870013	1	1	2	2	7
37.1722764027888	-10.7830387128544	-0.589458763495761	-0.709916654114377	0.98559602855746	-0.889981617420228	1	1	2	2	7
47.9553151156432	0	0.0312299296651196	-0.160962486915825	1.43986762121843	-0.0642219590654413	1	1	2	2	7
61.9662185173583	14.0109034017151	0.682915268836234	0.423907478536784	1.00591691766958	0.465392969322912	1	1	2	2	7
71.4728497926568	23.5175346770136	1.06625740032581	0.836216469035094	0.0692174029703506	0.337534222959956	1	1	2	2	7
10.9658844623073	-25.7815964853435	-0.903471447681678	-1.18371250867884	-1.42238998048925	-0.595755343774738	1	2	1	1	8
24.1543249415852	-12.5931560060656	-1.22440444363114	-0.802339032565461	-0.934138370419922	-0.0535102136570828	1	2	1	1	8
36.7474809476508	0	-1.08239440301183	0.0171477730829285	-0.0573123390289384	0.427139265359628	1	2	1	1	8
47.0028567825182	10.2553758348674	-0.543830519601274	0.693791789536823	0.530479768938458	0.704268893546962	1	2	1	1	8
59.8129909096069	23.0655099619561	0.139510488127721	0.74790197253399	0.374994097717331	0.696048975006802	1	2	1	1	8
71.1002444395668	34.352763491916	0.64816910604217	0.141118165838717	-0.403610524674163	0.404906653451094	1	2	1	1	8
11.293516263727	NaN	-0.176436181588428	-0.798126363325084	-0.592126746884918	-1.22817924976279	1	1	1	2	9
24.8279507226829	NaN	-0.890354287761177	-1.00966424325624	0.0807834631920166	-0.839621615065733	1	1	1	2	9
36.4576109761585	NaN	-0.833951795547889	-0.777686660901097	0.992019116031658	-0.149819430541506	1	1	1	2	9
49.0562174193286	NaN	-0.0547083526006828	-0.205092887307545	1.35208633268157	0.488802975485665	1	1	1	2	9
59.0168041396195	NaN	0.791408500382987	0.454129251152729	0.849023149547932	0.749969349408141	1	1	1	2	9
74.8351180869807	NaN	0.99213715091501	0.907565820264522	-0.081316872797221	0.500248127836504	1	1	1	2	9
10.7307177348042	NaN	-0.499584421066775	-1.28082829985761	-0.253186557299092	-0.634809162788974	2	1	2	1	10
23.4993538940279	NaN	-1.01311735693159	-1.05493607155067	-0.494021800530172	-0.98802529163492	2	1	2	1	10
35.6671833594457	NaN	-1.1315866082489	-0.618176269361446	-0.0390597815589163	-0.599806447420902	2	1	2	1	10
47.246379395994	NaN	-0.801040770726252	-0.0919462779572207	0.79195907199651	0.241935344752733	2	1	2	1	10
61.2796387300329	NaN	-0.172011834049347	0.377488279384043	1.41500727539049	0.912945009151677	2	1	2	1	10
69.5100977230013	NaN	0.469037730744453	0.659648069976443	1.3922159721625	0.91558634336505	2	1	2	1	10
13.3524479675382	NaN	-1.31833342690073	-1.00561734578444	-0.527004167830676	-1.38174352779462	1	2	1	1	11
23.960181022405	NaN	-1.05221577006786	-0.397108877439296	-0.74946939708195	-0.998510007725496	1	2	1	1	11
35.5638887090361	NaN	-0.61611033232806	0.319323385279482	-0.221037120425292	-0.402283863056707	1	2	1	1	11
46.1866173178599	NaN	-0.118154044878273	0.765669514589258	0.653773297782828	0.178252177049325	1	2	1	1	11
60.7933303635655	NaN	0.318179592216648	0.706424666715743	1.20528710462058	0.520433328071382	1	2	1	1	11
71.5878302081578	NaN	0.584697063328953	0.172848099276917	1.01131582971795	0.493015899702771	1	2	1	1	11
12.6434290396108	NaN	-0.682196073429693	-0.947037299401439	-0.480091710497026	-1.06713429009275	2	1	1	1	12
22.3447391459269	NaN	0.034118807033627	-0.718041115604092	-0.0703297242738391	-1.07861115554977	2	1	1	1	12
35.6799857853364	NaN	0.780709362346795	-0.27637329955885	0.650994307997691	-0.470266429315496	2	1	1	1	12
48.6213539343165	NaN	1.08125996699584	0.253598663399083	1.28874338043852	0.346831284249222	2	1	1	1	12
59.1088264004329	NaN	0.744023018183994	0.722642074085466	1.49356235206876	0.820555530756166	2	1	1	1	12
71.0891337976909	NaN	-0.0158484432732809	0.998680862248131	1.15325261092432	0.630802993013896	2	1	1	1	12
13.263027208477	NaN	-0.223887060925248	-0.26034534023877	-0.607877791758006	-0.990299490850541	1	1	2	1	13
25.1457470559212	NaN	-0.664568424366493	-0.960358092480103	-0.0425728351495877	-0.783698375876431	1	1	2	1	13
36.8095634236257	NaN	-0.567837085667955	-1.05509339055786	0.768019164411443	-0.132790345043536	1	1	2	1	13
47.7367290386351	NaN	0.0126349696448254	-0.477403544973781	1.29061877549314	0.595303896398288	1	1	2	1	13
61.7929639688189	NaN	0.754769207666494	0.363249087952381	1.18141354544961	0.98992960347002	1	1	2	1	13
71.5783430123548	NaN	1.24678782590802	0.87101604289696	0.51224837654804	0.828512678100514	1	1	2	1	13
11.9761161947083	NaN	-0.75012307217446	-0.369282302345722	-0.883576424914989	-0.880305748929385	1	2	2	2	14
22.9330952324226	NaN	-0.301340058114449	0.437272933614652	-1.10687799309482	-0.895426903229756	1	2	2	2	14
35.2675979488394	NaN	0.366920427946215	1.03299918266101	-0.73938917334373	-0.67198382914434	1	2	2	2	14
47.7461900945136	NaN	0.948915250485096	1.02723252960828	0.000656762829329638	-0.264588690300997	1	2	2	2	14
60.8277442113366	NaN	1.17836961754224	0.423754616213382	0.673783463933345	0.227186261733402	1	2	2	2	14
72.883289027263	NaN	0.950303361792603	-0.381687274687013	0.880254572760352	0.683145338376808	1	2	2	2	14
11.990896481116	NaN	-1.23705413367571	-0.637232327767256	-0.464534729105546	0.100224143589284	2	2	2	1	15
23.6940654182346	NaN	-1.31084752472751	-0.412940999789003	-0.661120252011101	0.61895414215012	2	2	2	1	15
37.8742468538346	NaN	-0.892499326528982	0.38597781412747	-0.0796538889517417	1.10327781492203	2	2	2	1	15
48.1160073298126	NaN	-0.195133220272223	1.15364467269353	0.813787970880326	1.42031263379841	2	2	2	1	15
60.5457656000245	NaN	0.425983979594781	1.30788081223264	1.30306389190358	1.48307464445592	2	2	2	1	15
71.9942250798186	NaN	0.654429769861992	0.731717518999841	0.995993054939774	1.27434401000841	2	2	2	1	15
10.7988063704513	NaN	-1.43650412879044	-0.462782182896871	-0.669230721425682	-0.213367879714157	2	2	2	2	16
24.49058377406	NaN	-1.30403387220232	-0.967684395240816	-0.878470076248043	0.606136800756074	2	2	2	2	16
34.7607116249342	NaN	-0.797766496459988	-0.801274716171278	-0.24602528705026	1.32593602648462	2	2	2	2	16
48.3220780276146	NaN	-0.138120429357129	-0.0781822003809821	0.67737805763418	1.41314195036053	2	2	2	2	16
58.9205134899024	NaN	0.387707966121362	0.703500661333379	1.0876510331417	0.803193545685664	2	2	2	2	16
72.4185360027985	NaN	0.55078379554208	1.0053222115392	0.627532689971298	-0.0523470288186023	2	2	2	2	16
