age	diseaseAge	x1	x2	x3	x4	z1	z2	z3	z4	id
11.9997333929187	-26.1940651200673	-0.0381102266281991	-1.01953952636541	-0.169539666655071	-1.30442957148664	1	2	1	2	1
24.2852339193725	-13.9085645936135	-0.666079630612501	-0.330201445672894	-0.806041040435151	-1.15632350489347	1	2	1	2	1
38.193798512986	0	-0.454325855445862	0.373311667723328	-0.756360655432922	-0.466739796513104	1	2	1	2	1
48.1091640138849	9.91536550089891	0.413384256032058	0.693397085157352	-0.0573139327819574	0.31161626665143	1	2	1	2	1
60.4072870579603	22.2134885449743	1.18402352609627	0.449152940047686	0.773073764282611	0.667761172833236	1	2	1	2	1
72.2495323642286	34.0557338512426	1.1888060239339	-0.221381921268513	1.11944744665995	0.36788910555446	1	2	1	2	1
11.4722639510047	-38.1460452076975	-1.04459050402625	-1.37898084425492	-0.668375082185876	0.103073129845688	1	2	1	1	2
23.0532532910707	-26.5650558676315	-0.999965580388235	-1.36549864714839	-0.111671682977653	0.737532577192464	1	2	1	1	2
35.2899712027307	-14.3283379559715	-0.319185716222695	-0.908964014645663	0.802031690942528	1.12309427318482	1	2	1	1	2
49.6183091587022	0	0.506602205644031	-0.226458942483613	1.30907418887524	1.09226681411862	1	2	1	1	2
60.9175493864223	11.2992402277201	0.881635611949559	0.357485739434966	0.985676588411841	0.658441920295187	1	2	1	1	2
71.4861061148395	21.8677969561373	0.535347615865529	0.565204618836974	0.10213020480099	0.0100769545271356	1	2	1	1	2
12.1104304129986	-36.5681688832033	0.124446118520775	-0.336479673371396	-0.344105199790128	-0.399850212515211	1	1	1	1	3
23.4135319697955	-25.2650673264064	0.956824832221474	0.236869659126431	-0.744440446788161	0.308068895550176	1	1	1	1	3
36.6674862352468	-12.011113060955	1.46165231519723	0.781323122800891	-0.905255174519381	1.07355883889482	1	1	1	1	3
48.6785992962018	0	1.28787848340222	1.10947574587496	-0.780615825194474	1.39609955692825	1	1	1	1	3
60.1376092764684	11.4590099802666	0.556343267929355	1.10837493061749	-0.406123172671708	1.06479592145631	1	1	1	1	3
72.3115643848566	23.6329650886548	-0.224253810029543	0.778399585908709	0.111256337008731	0.296272745308991	1	1	1	1	3
12.6582651897334	-33.8943639464803	-0.0930896971479935	-0.392211442727308	-0.165521708205127	-0.600253182873305	1	2	1	2	4
24.3186029056668	-22.2340262305469	-0.560303183176881	0.190108762969366	-0.642715540753997	-0.891467579888621	1	2	1	2	4
36.7532089908165	-9.79942014539723	-0.531251229760352	0.826171657091403	-0.584688934947227	-0.914733404638634	1	2	1	2	4
46.5526291362137	0	-0.0211760773577797	1.24775020890486	-0.0240167532568857	-0.663499542445353	1	2	1	2	4
59.869514811264	13.3168856750503	0.702309008450969	1.27706520157595	0.724551951592882	-0.208507600791297	1	2	1	2	4
72.2113686898114	25.6587395535977	1.25962426280254	0.901754534575288	1.24078714421835	0.322127280655627	1	2	1	2	4
13.4781302930668	-33.9661846667304	-0.299004824610154	-0.755595315239702	-1.42134862788906	-1.12352041936988	2	2	1	1	5
23.0866906155623	-24.3576243442349	0.603012511352872	-0.711082287730883	-1.10800004466384	-0.578256041344882	2	2	1	1	5
36.8072543662551	-10.6370605935422	0.86178633604159	-0.119095740437389	-0.425516017742526	0.144926240845184	2	2	1	1	5
47.4443149597973	0	0.24547695988555	0.658963486250128	0.25808012494991	0.667604655103854	2	2	1	1	5
60.4709704726478	13.0266555128505	-0.693753996366892	1.14809936466153	0.574165357135154	0.716275692521387	2	2	1	1	5
71.2383935501241	23.7940785903268	-1.11443420221841	1.04970018084606	0.352293581222466	0.265471112679144	2	2	1	1	5
13.5151440643657	-23.0126707240118	-0.576828985841428	-0.501315003139109	-0.109649203936547	-0.376528539181443	2	2	1	2	6
23.9197657916352	-12.6080489967423	-0.00807179402414152	-0.278787323320843	-0.538450567880151	0.292988896865032	2	2	1	2	6
36.5278147883776	0	0.676307143308191	0.447418807566917	-0.760024940668757	0.685725800976128	2	2	1	2	6
46.4219235052321	9.89410871685452	1.15223016586695	1.20096365832689	-0.714198188237944	0.613117016031734	2	2	1	2	6
60.3183713189218	23.7905565305442	1.19433087031199	1.48757523594062	-0.413415726137369	0.110024269559922	2	2	1	2	6
72.6117380077293	36.0839232193517	0.782673082327041	1.11925666730041	0.0606373483408985	-0.58200202188459	2	2	1	2	6
12.1785672484835	-37.2718426475105	-1.26927351404334	0.345515461541135	0.134101440878944	-0.429484600382831	2	1	2	2	7
23.5563221117793	-25.8940877842147	-1.3912660925981	-0.240721166069774	-0.307264740803071	0.068785003930136	2	1	2	2	7
36.2555827222688	-13.1948271737251	-1.24694383784544	-0.52570114696881	-0.533157956812544	0.509868172911546	2	1	2	2	7
49.450409895994	0	-0.874751545130074	-0.388138990630922	-0.479527411918413	0.784214384519515	2	1	2	2	7
61.1279011557208	11.6774912597268	-0.373834398587617	0.113419809479789	-0.161579756014053	0.823685081639584	2	1	2	2	7
74.2964237069972	24.8460138110032	0.122372483154627	0.765515329242769	0.330532678916953	0.618477043974669	2	1	2	2	7
11.9038439653084	-37.036638177086	-0.178269774344047	-1.28315533199538	0.0402260329332355	-0.9466032405878	1	2	1	1	8
23.8336042951761	-25.1068778472183	-0.731123792273024	-0.912987818594801	0.734444861116016	-0.0946049481812292	1	2	1	1	8
37.3896107882457	-11.5508713541487	-0.695886511936984	-0.345918818998545	1.14368677464373	0.621149789599941	1	2	1	1	8
48.9404821423944	0	-0.0947283377165713	0.218927222223482	1.05986958170194	0.63595477994478	1	2	1	1	8
59.7266025798942	10.7861204374997	0.694117231886184	0.583206445142541	0.525610777328527	-0.0618706119939976	1	2	1	1	8
70.1627145669707	21.2222324245763	1.1743285424987	0.61900337918316	-0.187441649022337	-0.921765838688418	1	2	1	1	8
12.93892579821	NaN	-1.41603246442386	-0.564842162279855	-0.411264278289704	-0.448102350522859	1	1	1	1	9
23.4278011974684	NaN	-0.917510236719813	0.0474447620756968	-0.978262317739682	0.230067379340188	1	1	1	1	9
37.1775500662415	NaN	-0.198909034579193	0.579217214648371	-0.844541462299495	0.880809082217074	1	1	1	1	9
46.4901531542891	NaN	0.366893516690872	0.829174528286768	-0.10771946787958	1.17414513978347	1	1	1	1	9
60.6276679627669	NaN	0.486306046686564	0.702696205536847	0.694315171134104	0.96133092230921	1	1	1	1	9
71.8391370726663	NaN	0.0973661477691667	0.247660188602223	0.976067982953845	0.350280104785844	1	1	1	1	9
10.603176013015	NaN	0.132231306390013	-0.375505848050068	-0.559160893554745	-1.18853500546972	2	2	1	2	10
23.7301457990253	NaN	-0.348351422423503	0.211925480870036	-1.0339095398797	-0.419877156741261	2	2	1	2	10
35.8158757617691	NaN	-0.572742493155052	0.91276329161896	-1.27720563499989	0.390532744451702	2	2	1	2	10
47.9085849960691	NaN	-0.466273135045159	1.37666200247296	-1.21322100420703	0.614187727524318	2	2	1	2	10
59.6441718332664	NaN	-0.0643722805718312	1.37172079241131	-0.861897758614786	0.0776339444174096	2	2	1	2	10
74.0752849311821	NaN	0.499222828970652	0.900409749501345	-0.332732930769806	-0.803008574400555	2	2	1	2	10
12.8213660338865	NaN	-0.765181124379272	-0.558725086252874	-0.0476961977063745	-1.21883122140513	1	1	1	1	11
23.429893074118	NaN	-1.10396967510516	0.323279455070742	0.869742458465009	-1.27178269407024	1	1	1	1	11
35.3253546561031	NaN	-1.16997832671684	0.844385007739116	1.3216325649433	-0.906214250336571	1	1	1	1	11
47.5951533009557	NaN	-0.94368215889878	0.598949088947082	0.92376973214947	-0.280212651407434	1	1	1	1	11
59.0038431899746	NaN	-0.492018073655137	-0.221974425639358	0.0144234743267572	0.335513383244376	1	1	1	1	11
71.0845690191887	NaN	0.0514146953007829	-0.979356742439286	-0.633265086614636	0.67469870881446	1	1	1	1	11
12.6062536231409	NaN	-0.605665859252297	0.159188212063305	0.270634925838286	-0.0269276632305979	1	1	2	2	12
24.1282605148156	NaN	-0.749727692228522	-0.347183731091801	1.05444138762173	-0.625299833783266	1	1	2	2	12
34.2456340498787	NaN	-0.187612687969917	-0.603934668108055	1.37280916683261	-0.464540873092404	1	1	2	2	12
47.2634964337431	NaN	0.668404647738435	-0.523359924030444	1.00819669259997	0.328423261701226	1	1	2	2	12
59.2658293210281	NaN	1.19049171596405	-0.132983377918707	0.209744661888546	1.1275140530802	1	1	2	2	12
72.1273485370477	NaN	0.995731877942965	0.433844539320554	-0.476962477476543	1.30181573061237	1	1	2	2	12
10.6695771255906	NaN	-0.850472644251144	0.0107568224354767	-0.591609310987863	-0.681489417659363	2	1	1	2	13
22.6086560537055	NaN	-1.01893859464126	-0.559188424506127	-1.07217294143513	-0.26201045008051	2	1	1	2	13
37.4477893798596	NaN	-0.946194766325377	-0.810359335627076	-0.926289977900635	0.482150305597904	2	1	1	2	13
48.7208337599186	NaN	-0.649876598085973	-0.635559183491198	-0.247814769220153	1.12082057534579	2	1	1	2	13
59.4647708505373	NaN	-0.201821124584302	-0.109390573076456	0.526753127912957	1.28480829925348	2	1	1	2	13
71.1573156590527	NaN	0.289348626535581	0.543584053794667	0.899092567196154	0.879318136975351	2	1	1	2	13
11.0211286233022	NaN	-0.457831996830839	-0.417519005238572	0.150793154160316	-0.468915920382788	1	2	2	1	14
23.6805347641086	NaN	0.186059729350553	-0.546224767062597	0.694687508063943	-0.0246246161285457	1	2	2	1	14
35.8209847595978	NaN	0.621372140111987	-0.362902975772073	1.1646207712983	0.706140516274415	1	2	2	1	14
48.5899113333649	NaN	0.661902922658232	0.0751707251882103	1.42150369590099	1.32181735396711	1	2	2	1	14
59.0680804003761	NaN	0.290315274125546	0.631127974877041	1.38930494807908	1.48408584447793	1	2	2	1	14
72.1989654366712	NaN	-0.334446383382641	1.13126978759522	1.07755460363326	1.10377796837993	1	2	2	1	14
11.201184987648	NaN	-0.451743470218317	0.0591070735093409	-0.398645843266529	-0.522349339265536	1	2	2	1	15
23.2543034810246	NaN	-0.56615746585073	0.814424345712258	-0.824180231620987	-0.483813190773453	1	2	2	1	15
35.942146851678	NaN	-0.302301817016217	1.31415054807385	-1.01629432492363	-0.218278825908234	1	2	2	1	15
50.3018411671591	NaN	0.239197364934406	1.27164537020165	-0.919191171213365	0.210625158660306	1	2	2	1	15
60.7118731625347	NaN	0.851829598910344	0.711289557633905	-0.561073074182227	0.700122767598987	1	2	2	1	15
72.799384712621	NaN	1.30195653126837	-0.0454997550353073	-0.0459506137566563	1.13291827556617	1	2	2	1	15
13.547141006662	NaN	0.204445145997882	-1.25950382958867	-0.9866848137086	-0.045372447939889	2	2	2	1	16
24.7412381892809	NaN	0.955751466792667	-1.48215083765835	-0.622475508538752	-0.509591327040604	2	2	2	1	16
36.6314935296295	NaN	1.40693101055356	-1.18069853411732	-0.0962916612780532	-0.562435023317158	2	2	2	1	16
47.5310291817543	NaN	1.29704736281896	-0.513407460003873	0.433275917460375	-0.180083752657147	2	2	2	1	16
59.9487799082498	NaN	0.689650933717882	0.169398817143404	0.806616566832845	0.465114118644973	2	2	2	1	16
73.1983112842036	NaN	-0.0639749604776592	0.509251346925646	0.911206125318536	1.08232969164602	2	2	2	1	16
