age	diseaseAge	x1	x2	x3	x4	z1	z2	z3	z4	id
10.9142662532359	-36.2256348811027	-0.463339406359649	-0.104915045744559	-0.619005653814151	-0.851158772274465	1	1	2	2	1
25.0949695047459	-22.0449316295927	-0.172959694493862	-0.696036543559497	-0.533996881289876	-0.0749933621721447	1	1	2	2	1
34.4094881855095	-12.7304129488292	0.295926707271078	-0.99504863714514	-0.124919974722601	0.704961196914081	1	1	2	2	1
47.1399011343386	0	0.815854931269501	-0.875420632832397	0.461233656355699	0.908695561073811	1	1	2	2	1
58.6279252576243	11.4880241232857	1.24548459736211	-0.387774611442239	1.01384457327398	0.384703679715163	1	1	2	2	1
71.8239550622388	24.6840539279002	1.46802262234666	0.26153593606261	1.33434606083387	-0.477350480485047	1	1	2	2	1
12.6743848392926	-35.6861685257616	-0.827957447178354	-0.92253916219977	-0.636868380615956	-0.125534168583217	2	1	1	2	2
24.2891683035089	-24.0713850615453	-1.1859806304268	-0.983696206454123	0.230106274364102	0.513011817011388	2	1	1	2	2
36.4785595032705	-11.8819938617837	-0.918113404243271	-0.703471261193013	1.01413328950548	1.12651859400659	2	1	1	2	2
48.3605533650542	0	-0.192334363315266	-0.179387011625509	1.02368239512111	1.44380694672559	2	1	1	2	2
57.9132407845262	9.55268741947202	0.536223010423887	0.406166986436433	0.250331055438465	1.3246306548167	2	1	1	2	2
72.3467196831673	23.9861663181131	0.810682952314305	0.849408738592932	-0.623806656729324	0.821667430375302	2	1	1	2	2
10.223511496736	-38.3414794844266	-0.358881350355284	-0.479030939159593	-1.23126324208676	-0.637029549565192	2	2	1	2	3
25.4781174310091	-23.0868735501535	-0.719268529301322	0.23906062215465	-0.813371416279392	-0.392367705168606	2	2	1	2	3
34.2874519777818	-14.2775390033808	-0.470164885443915	0.862808822785153	-0.0720520715945533	0.473086936376095	2	2	1	2	3
48.5649909811626	0	0.236147335840616	1.05760821988501	0.566889936663775	1.22699755605462	2	2	1	2	3
58.6435984400824	10.0786074589198	0.967884763870162	0.718960013350233	0.736454055596571	1.2314144814832	2	2	1	2	3
72.8188383372342	24.2538473560716	1.27772106956854	0.0285297101952544	0.339244708460021	0.48260016598645	2	2	1	2	3
13.736390975342	-32.1580061446335	-1.00183006329812	-0.826711236419605	-0.916619470079692	0.053703504575546	1	2	1	1	4
23.3141407784039	-22.5802563415717	-1.32603009778664	-0.371154798025384	-0.560285568848489	-0.55463652915791	1	2	1	1	4
34.6944480026485	-11.1999491173271	-1.43488023576173	0.259117646196354	-0.0155750383681859	-0.600822999470415	1	2	1	1	4
45.8943971199756	0	-1.30206707709398	0.809803964153369	0.538293687702558	-0.0557915898630498	1	2	1	1	4
59.4166568800798	13.5222597601042	-0.959696835440855	1.05871340951942	0.919088983602092	0.737479219527098	1	2	1	1	4
73.1104838058917	27.2160866859161	-0.490533991662066	0.90541607577583	1.00152313657861	1.2797983513679	1	2	1	1	4
10.7602410153333	-35.4248154768055	-0.727623207848558	-0.546428662021559	-1.0313170875723	-1.35420740629034	2	1	2	2	5
25.607689874506	-20.5773666176328	-0.100925164471251	-0.659287372269494	-0.610305881229567	-0.893738020399035	2	1	2	2	5
36.3449781677267	-9.8400783244121	0.526327142078416	0.0563886379230091	0.250555027795395	-0.200729108945306	2	1	2	2	5
46.1850564921387	0	0.876936915163789	0.964367435136358	0.895752526794309	0.385604843942498	2	1	2	2	5
58.4774993990802	12.2924429069415	0.795961869274	1.25746099374474	0.833993055510844	0.578264687072297	2	1	2	2	5
71.7041367886736	25.5190802965349	0.319186684821983	0.675110794515293	0.112304121915013	0.282947146388882	2	1	2	2	5
11.4644064443274	-37.2172442444982	-0.0932282333817117	0.0223788722456013	-0.461482670124879	-0.29675256809766	1	2	2	1	6
26.0451070735186	-22.636543615307	-0.609385103759182	-0.520708703365763	-0.638199578146792	-0.935249606416631	1	2	2	1	6
37.0557366728736	-11.625914015952	-0.71567948590427	-0.693030325693383	-0.523701860493739	-0.813100109412201	1	2	2	1	6
48.6816506888256	0	-0.362326226875307	-0.417077545577675	-0.151392745452512	-0.0284503451088667	1	2	2	1	6
58.842232033883	10.1605813450574	0.285174430622672	0.183028985497593	0.370111397865841	0.788239079112573	1	2	2	1	6
74.085179284315	25.4035285954894	0.923552279709254	0.83736767599964	0.8886684804412	0.980763912820358	1	2	2	1	6
13.1434539897496	-35.856655896563	-0.382388625934297	-1.35902948081811	-0.652410673292037	-1.4016312733938	2	2	1	1	7
23.4773274545346	-25.522782431778	0.42342030964313	-0.923305081102437	-0.289361757574594	-1.2802027354317	2	2	1	1	7
35.8563870098892	-13.1437228764234	1.07391446380234	0.0184055071465606	0.438933007183759	-0.885162416814394	2	2	1	1	7
49.0001098863126	0	1.13108456452653	0.621497407338132	1.11103928670613	-0.33982462436557	2	2	1	1	7
59.0302093941193	10.0300995078067	0.556435209452411	0.345067324669884	1.33803672047364	0.185580038375447	2	2	1	1	7
72.0008250217667	23.0007151354541	-0.263094312155735	-0.562959105560715	0.988571196097314	0.527043219009036	2	2	1	1	7
12.5291668979472	-34.8887191802202	-1.14333964452134	-1.06736899259943	-0.611732254835542	-0.926598679094191	2	2	1	2	8
24.3220239432576	-23.0958621349098	-0.778909214212203	-0.55137015755405	-0.192322913955409	-1.29530445983715	2	2	1	2	8
35.9427000672554	-11.475186010912	-0.200516250941686	0.146553932086451	0.35485116924467	-0.917104719190715	2	2	1	2	8
47.4178860781674	0	0.378467883332401	0.686217537746277	0.862223566166178	-0.0744841711965786	2	2	1	2	8
60.0656709721705	12.6477848940031	0.744453741422668	0.804575057476901	1.17441670478599	0.603187570779258	2	2	1	2	8
70.6563829423184	23.238496864151	0.762427749587735	0.443936062099553	1.1958246511287	0.609744352526931	2	2	1	2	8
11.6643885669453	NaN	-0.726214236407836	-0.953792945863516	-0.919069256164901	-0.501305202545963	2	1	2	2	9
24.1746669473679	NaN	-0.0290722082608253	-0.435652054669773	-1.40770090742797	-0.914473194900926	2	1	2	2	9
35.0467009523909	NaN	0.648900644222062	0.276508950091629	-1.35175829049781	-1.13887877719789	2	1	2	2	9
47.356192547831	NaN	0.935811624878503	0.821217454984626	-0.783272509366075	-1.11828574825249	2	1	2	2	9
58.3885536461588	NaN	0.674279656038293	0.921994959349821	-0.0277418723430233	-0.857854736008622	2	1	2	2	9
72.4566435413462	NaN	0.00776450702468952	0.527689676393361	0.482238905998209	-0.422849940444228	2	1	2	2	9
11.7036563119299	NaN	-0.47693740600883	0.288288520495127	-1.30995898106409	0.00710399819000628	1	2	2	1	10
24.657683396113	NaN	-0.434739071165226	-0.267642414238109	-1.23783033669726	-0.587192179711949	1	2	2	1	10
33.6223261467004	NaN	-0.0124863170646548	-0.504646061044063	-0.870665070203653	-0.921481175970673	1	2	2	1	10
49.1276028998586	NaN	0.616150147200462	-0.323521030748697	-0.326851339102704	-0.859934357972245	1	2	2	1	10
59.0505860665033	NaN	1.19261489611768	0.19992011063207	0.218264462123211	-0.42755948913103	1	2	2	1	10
72.1781276663015	NaN	1.47981050228361	0.846583315071494	0.588916101667434	0.199960450052253	1	2	2	1	10
12.3062207625469	NaN	-0.795009283946678	-0.608989438675498	-0.538130125230099	-0.859396718477957	2	2	2	2	11
24.5514609094858	NaN	-1.05247259142575	-0.234827294244698	-0.592381625452692	-0.49529755410446	2	2	2	2	11
36.8263121032769	NaN	-0.916000465505723	0.67993483291547	-0.252395332658451	0.387324431820471	2	2	2	2	11
48.415018315341	NaN	-0.439631988378237	1.34193805860337	0.343876245854615	1.06707990769868	2	2	2	2	11
59.6802885340972	NaN	0.188004465367706	1.17703734021639	0.954490534665683	0.98838748510589	2	2	2	2	11
70.1453617132729	NaN	0.718382702695997	0.328248491438996	1.33168527418138	0.215564476596423	2	2	2	2	11
11.9959943990469	NaN	0.0424804018655903	0.128442774804712	-0.629777714379749	-1.2969990348755	2	2	1	1	12
23.6122968566515	NaN	0.837171324996156	-0.516484345174868	0.0726478541658862	-0.992575354879651	2	2	1	1	12
35.9173758559586	NaN	1.35705289726005	-0.480990415921409	0.984582173521714	-0.354271169203332	2	2	1	1	12
47.9471355598398	NaN	1.27326503396079	0.208667522551041	1.29752063396304	0.309387045099285	2	2	1	1	12
60.9623320609289	NaN	0.638809197914509	1.04230712449075	0.734017609794275	0.67761785588093	2	2	1	1	12
71.8580011386749	NaN	-0.144978593005021	1.40323396226426	-0.206335225588548	0.572435661068687	2	2	1	1	12
11.5232023770782	NaN	-0.32156466827594	-0.981397777417719	-0.953770477440077	-0.549674023669294	2	1	1	1	13
24.0902343277207	NaN	0.285690336968498	-1.06425386152995	-0.583142596647605	0.066290714623499	2	1	1	1	13
35.070292382779	NaN	0.921355645251006	-0.803644687191864	0.161002967233753	0.990167889597442	2	1	1	1	13
47.2145653518414	NaN	1.30877730755793	-0.290214855783517	0.833322263698437	1.421819628609	2	1	1	1	13
60.196416035115	NaN	1.27934185479776	0.297455417616905	1.03145674084297	0.987407380894821	2	1	1	1	13
72.24291469084	NaN	0.845860170529811	0.754963744603121	0.63683014817858	0.0631604777468397	2	1	1	1	13
12.7841632192714	NaN	-0.154916770907125	-0.294063809931965	-1.12441300786569	-0.833844104273552	1	2	2	2	14
23.6368638682494	NaN	0.739645541088475	-0.566368381993896	-0.463432634499058	-0.210830051071555	1	2	2	2	14
37.7191732902163	NaN	1.14628209191611	-0.492026809976375	0.400575849534314	0.462608965208226	1	2	2	2	14
48.4200558014313	NaN	0.730604778288419	-0.0972117276809106	0.798720332594368	0.861071857145741	1	2	2	2	14
60.8777368125582	NaN	-0.165563835638363	0.479078585897317	0.422768072835028	0.792024103873345	1	2	2	2	14
72.9745460581394	NaN	-0.805280348129368	1.03395582840865	-0.436228809824289	0.288829103494801	1	2	2	2	14
11.2264276698669	NaN	-1.30143278802413	-0.503976783443813	-0.440012827323705	0.332388181609467	2	1	2	1	15
23.5059230324157	NaN	-1.35191180725046	-0.170753930135532	0.279107805647273	1.11889320219132	2	1	2	1	15
34.9509379406187	NaN	-0.961414143455449	0.656100633877594	0.807650845241845	1.33921338747179	2	1	2	1	15
47.8258090114694	NaN	-0.308630320443089	1.36339473533532	0.872263411811432	0.829697771256977	2	1	2	1	15
60.8220432699831	NaN	0.30772780233208	1.42660178143271	0.439529057100787	-0.0311920779940802	2	1	2	1	15
72.4886601129123	NaN	0.605616653240994	0.79884766921542	-0.26674985442463	-0.603998384603218	2	1	2	1	15
12.9870096352057	NaN	-0.718171819746045	-0.250691819495927	-0.448740795234216	-1.05969861293298	1	2	2	2	16
24.3845304712123	NaN	-0.156078886295918	0.278513365670145	-0.680921568148221	-0.401446544323065	1	2	2	2	16
38.2323044353834	NaN	0.36235931088862	0.796667377673336	-0.360204531385111	0.283923865819531	1	2	2	2	16
47.7761011358794	NaN	0.669449502686183	1.15007696508968	0.335721418839836	0.639871674398783	1	2	2	2	16
59.0761658532718	NaN	0.665860739993662	1.23391486166983	1.02128800966191	0.481226985712004	1	2	2	2	16
72.2859691122299	NaN	0.352753838798918	1.0233133280555	1.31666642988134	-0.109480627786996	1	2	2	2	16
