age	diseaseAge	x1	x2	x3	x4	z1	z2	z3	z4	id
10.3525363775426	-37.9639793291633	-0.231896936298217	-1.39110113522408	-1.05081201058294	-0.490402683966329	2	1	2	1	1
23.9749400413437	-24.3415756653622	-0.96608213766132	-1.10371116055328	-1.27814645204545	-0.117609032029717	2	1	2	1	1
35.1105594042627	-13.2059563024432	-1.17186490878458	-0.575478893558965	-0.68022767513601	0.401783139569207	2	1	2	1	1
48.3165157067059	0	-0.709754291494117	0.00946065771432431	0.236315238238632	0.917730109550907	2	1	2	1	1
60.7479504398687	12.4314347331628	0.107005546895596	0.44720505165289	0.694876313047441	1.28118341782666	2	1	2	1	1
72.4199615487521	24.1034458420462	0.724769557126849	0.585162194710509	0.306907162284765	1.38714747557739	2	1	2	1	1
12.2803475705689	-35.9350808439106	-0.855714626183937	-0.346802712526068	-0.752610588790637	-0.292477908362647	1	1	2	1	2
25.6506769895177	-22.5647514249619	-1.06509724818993	-0.940854139546779	-0.804318565937367	-1.01745083883539	1	1	2	1	2
35.7018931317874	-12.5135352826922	-0.512362896366873	-1.16165876112498	-0.556412718738856	-1.17220228425795	1	1	2	1	2
48.2154284144796	0	0.370998278481364	-0.903391208111461	-0.0844715543884277	-0.648501105677147	1	1	2	1	2
59.2426821571824	11.0272537427028	0.895393445201105	-0.289831766179449	0.467625268413806	0.187382935263446	1	1	2	1	2
73.6174594253286	25.4020310108491	0.651455339350718	0.384957991261265	0.93156121270389	0.750843461952939	1	1	2	1	2
12.0409118961913	-37.1483458025952	-0.0964410799655138	-0.293473213687502	-0.896887679047716	-1.20010130447733	1	2	2	1	3
25.9290716219881	-23.2601860767984	-0.434947860451984	0.483522949254927	-0.391843210652683	-1.00335395579191	1	2	2	1	3
35.7414569280246	-13.4478007707618	-0.536984465471186	1.17395056065836	0.392272422888154	-0.321643195001196	1	2	2	1	3
49.1892576987865	0	-0.375626958235786	1.3254221654244	0.971300703928569	0.427794405070379	1	2	2	1	3
60.9192973290177	11.7300396302312	0.0065479866956103	0.838689337406716	0.987715953560939	0.786270506516959	1	2	2	1	3
71.2717797661031	22.0825220673166	0.508697597681409	0.0326730202972351	0.431382443598195	0.534382176878526	1	2	2	1	3
13.1964113416256	-34.8604245691603	-0.711652793211317	-1.22768453870503	-1.08154798775405	-0.856885312415583	2	2	2	2	4
24.7228102746253	-23.3340256361607	-0.538259659522744	-0.904997766954096	-0.182463852207462	-0.444922119308656	2	2	2	2	4
32.0672000129432	-15.9896358978427	0.017907298841676	-0.360181215871421	0.481614983288694	0.108368942839429	2	2	2	2	4
48.0568359107859	0	0.698007303280315	0.217227512387193	0.353659012599477	0.628091056653493	2	2	2	2	4
59.8341589419464	11.7773230311604	1.1855209848728	0.626352241060069	-0.459002261586206	0.949958641100145	2	2	2	2	4
72.4421188228622	24.3852829120762	1.25355888349471	0.72486153784912	-1.27470834352852	0.972228472789144	2	2	2	2	4
11.9543164444436	-34.454217161707	-1.23093913884911	-1.36783637922583	-0.528485074084734	-1.48631752518285	1	1	1	2	5
24.5859886319289	-21.8225449742217	-0.80289795637203	-1.37310283140485	-1.10823741940366	-1.22945666090433	1	1	1	2	5
35.0636354354722	-11.3448981706784	-0.189392316244333	-0.603537878565629	-1.2565292425527	-0.691779008035979	1	1	1	2	5
46.4085336061506	0	0.37100708525372	0.26835504610881	-0.897118364661445	-0.078288916943635	1	1	1	2	5
59.7901798414099	13.3816462352593	0.660380694224299	0.480650671660806	-0.214790890980063	0.37710369086244	1	1	1	2	5
71.0488334658311	24.6402998596805	0.56620132450678	-0.152170803073562	0.439643995679467	0.500767895021969	1	1	1	2	5
11.0952057446062	-37.9008984492965	-1.30318514196361	-0.807035585649594	-0.55906207756825	-0.363780749527468	1	1	2	1	6
26.5502952504494	-22.4458089434534	-1.0465410895584	-1.055689248647	-0.00190308851298848	0.423681778299912	1	1	2	1	6
35.4668818309079	-13.5292223629949	-0.581645248539407	-1.03634658672558	0.723511866963304	0.992745547030859	1	1	2	1	6
48.9961041939028	0	-0.0432785365453657	-0.754329689486876	1.23460958007595	0.989787438758282	1	1	2	1	6
61.8013910965253	12.8052869026225	0.412477720099823	-0.287234867218983	1.26184461254594	0.416645657788857	1	1	2	1	6
71.340175118063	22.3440709241602	0.653492318941011	0.236417798063334	0.790853607669993	-0.370522551775907	1	1	2	1	6
11.1314680741009	-37.6092172491586	-1.07579706877958	0.310990699676762	-0.966630801547129	-0.919642518685201	1	1	1	1	7
23.0554418342378	-25.6852434890217	-0.748340036059379	-0.286351621625579	-1.38615717998561	-0.1490435947197	1	1	1	1	7
36.6431505099509	-12.0975348133086	-0.127739395432662	-0.607108595836854	-1.12145933511139	0.522878114377003	1	1	1	1	7
48.7406853232595	0	0.509409746693589	-0.517126585961081	-0.354610360925264	0.670476181038481	1	1	1	1	7
61.0977536730228	12.3570683497632	0.879136792761561	-0.0540397351645214	0.386910701601534	0.200250739224345	1	1	1	1	7
71.1905141727236	22.449828849464	0.816658329809519	0.58847016543313	0.593046680733554	-0.589921573431381	1	1	1	1	7
9.79901649687433	-36.6853555278252	-0.803468818573882	-0.584108602199571	-1.03463535564142	-1.31252080535837	1	2	1	2	8
23.6514400185591	-22.8329320061405	-0.924248164502872	-0.281142709232211	-0.667059556627883	-1.09463795135593	1	2	1	2	8
36.6681415159582	-9.81623050874137	-0.803789185895097	0.316566437260316	-0.16138265627825	-0.273125813054728	1	2	1	2	8
46.4843720246996	0	-0.471151206569908	0.95231711094376	0.34372707403498	0.498687245893033	1	2	1	2	8
59.2410625433549	12.7566905186553	-0.00657925987844798	1.35306966300167	0.709756894047154	0.606997315187899	1	2	1	2	8
72.268937265943	25.7845652412434	0.477854089789945	1.34671049512322	0.836332983287571	-0.0343319347997821	1	2	1	2	8
13.4705600673031	NaN	0.053862650183866	-1.22653273017631	-0.234638786025426	-1.24136262416537	2	1	2	1	9
23.7751542066391	NaN	0.892812492572112	-1.01700296245738	0.417243622718394	-0.589439293391453	2	1	2	1	9
36.5493460660034	NaN	1.10549175093531	-0.464206911553775	1.07305659240885	0.224742482151922	2	1	2	1	9
47.6055378244399	NaN	0.516623498650847	0.191777859393006	1.41356056639719	0.641726421333595	2	1	2	1	9
60.6286647450963	NaN	-0.388483926080332	0.666059254990087	1.27300350451792	0.374986479339669	2	1	2	1	9
72.2102414292417	NaN	-0.863897662239525	0.752658376668688	0.719806399023399	-0.392189851454498	2	1	2	1	9
11.9576489205804	NaN	-0.863900336908906	-0.539596727224135	-0.617582264092778	-0.343159165618686	1	1	1	2	10
23.5548344347259	NaN	-0.967201320962317	-1.05602167750891	-0.127194023501337	-0.819600305747531	1	1	1	2	10
34.9858897078218	NaN	-0.514390627206026	-1.14443475364076	0.536399035312897	-1.0608720069959	1	1	1	2	10
47.4926077435881	NaN	0.234515832868459	-0.762117262575744	1.07979460803655	-0.990917067003954	1	1	1	2	10
59.521009121301	NaN	0.849476104591769	-0.0937941823452048	1.26273473676436	-0.631787707393657	1	1	1	2	10
72.8702374450384	NaN	0.97736368766693	0.537619712815661	1.00433392306144	-0.0966939492156065	1	1	1	2	10
13.8020962058024	NaN	-0.773239972541761	-1.08244101379155	-0.926674597020739	0.179080915125198	1	2	2	1	11
24.8192011804675	NaN	-1.35213201181232	-0.656890395755101	-0.502557637545885	0.741448418063351	1	2	2	1	11
36.8988573992548	NaN	-1.26687160036089	0.257546710176843	0.0683211517334817	1.119023274588	1	2	2	1	11
49.7901219443163	NaN	-0.577322030625898	0.882636469128359	0.595011907508238	1.18286822110306	1	2	2	1	11
59.8056982211872	NaN	0.232368112590684	0.686394781706716	0.901344959946505	0.911180977727239	1	2	2	1	11
73.6230625424567	NaN	0.59369678944701	-0.164166405641513	0.884856781608435	0.396739464148504	1	2	2	1	11
10.4514757076238	NaN	-0.786010662060354	-0.284851251790882	-0.647265358597459	-0.352949308674407	2	2	2	1	12
26.0150064939606	NaN	-1.28364424970744	-0.689655076393644	-0.794158029075884	-0.837046349798051	2	2	2	1	12
34.8095404831058	NaN	-1.47666886433673	-0.837829386247315	-0.596875915337528	-0.7812676252727	2	2	2	1	12
45.8214709840166	NaN	-1.29222108212361	-0.684733139263654	-0.123387096986484	-0.217254076542922	2	2	2	1	12
61.7401168516396	NaN	-0.799926722317698	-0.276490228389412	0.46318098838291	0.5350529599559	2	2	2	1	12
72.5394016417132	NaN	-0.185618315417246	0.263906440354378	0.960742578589079	1.04890111416236	2	2	2	1	12
12.720557594695	NaN	-1.03108618644554	-0.736224717119461	-0.264453830811472	-0.5036700617393	1	2	1	1	13
23.6853198908071	NaN	-1.24290845328043	-0.138204894579807	0.425960079862514	0.00126151820398923	1	2	1	1	13
36.7619646236636	NaN	-0.968897999359953	0.555431181138878	0.99271183180712	0.846664102308505	1	2	1	1	13
45.806393090932	NaN	-0.342328953471246	1.00174280340873	1.16324440400981	1.4263186474106	1	2	1	1	13
58.6640551960833	NaN	0.332045918492905	0.980068982302326	0.855546845987086	1.32456800944148	1	2	1	1	13
71.3213257224784	NaN	0.726221891708964	0.501125474663572	0.217594227070003	0.614375266052809	1	2	1	1	13
10.507440785441	NaN	-0.456776679385443	-0.502781960182504	-0.601612747455628	-0.800796911465434	2	2	2	1	14
23.8772357093812	NaN	0.0292653890890657	0.274276552184731	-0.717896412329686	-0.757443851780969	2	2	2	1	14
36.55421653756	NaN	0.404407586002669	0.98107781729911	-0.312339899802072	-0.307453982796051	2	2	2	1	14
47.9439513478649	NaN	0.575857591903861	1.14529976671812	0.398468792203081	0.350151888787282	2	2	2	1	14
60.2951838028235	NaN	0.501206837859484	0.657200589466525	1.03492133105424	0.92452887939478	2	2	2	1	14
72.3154547178801	NaN	0.198920366388277	-0.157045973146305	1.25711938715889	1.16164244313842	2	2	2	1	14
12.1160675298406	NaN	-0.104081525413662	-1.09818993583348	-0.900731442164521	-0.47397621608775	1	1	1	2	15
25.5822100244161	NaN	0.420396912943637	-0.413272606629681	-1.40049132407279	0.207158251120114	1	1	1	2	15
35.8756394940696	NaN	0.856599119072696	0.420064113439223	-1.10143853460005	1.10913763571913	1	1	1	2	15
47.8525206583922	NaN	1.08410747758313	0.7883350577728	-0.244353019973462	1.4619409127355	1	1	1	2	15
58.2687428603729	NaN	1.04011622172669	0.420426814232074	0.480689716790547	0.964379445687209	1	1	1	2	15
73.1437975390809	NaN	0.736769540720741	-0.41281421782641	0.489927352397063	0.0412221343804543	1	1	1	2	15
11.3071743240943	NaN	-0.569354836601525	-0.897130629949974	-0.285603230192677	-1.19020977120522	2	2	1	1	16
22.6926927001547	NaN	0.0972467149484012	-0.99929442050638	0.23715369339332	-1.35860726849225	2	2	1	1	16
37.5414580910843	NaN	0.51626446770709	-0.819452935071167	0.722520641718964	-0.802984683519504	2	2	1	1	16
48.1889153380098	NaN	0.49277652310822	-0.40846859305482	1.03552212382488	0.0613651510644628	2	2	1	1	16
58.7312837200526	NaN	0.0377091837356086	0.117424812632251	1.08911568891379	0.588395258567206	2	2	1	1	16
72.1025653079149	NaN	-0.637245828086232	0.609495131004234	0.868397524962463	0.384183879586847	2	2	1	1	16
