age	diseaseAge	x1	x2	x3	x4	z1	z2	z3	z4	id
12.1858102965843	-37.048262901598	-0.442961248866385	-0.468844249657705	-0.607557268146858	-0.623603044328126	1	1	2	2	1
24.3471773536798	-24.8868958445025	0.331425867438228	-0.692435976775589	-0.81326703699279	-1.27682933983242	1	1	2	2	1
35.9443539691367	-13.2897192290457	1.19019606971037	-0.625854209039035	-0.207522131979776	-1.28403140348133	1	1	2	2	1
49.2340731981823	0	1.39746977227114	-0.288641899951004	0.702579923085187	-0.640053764972707	1	1	2	2	1
59.6260819929588	10.3920087947765	0.775634284369306	0.220223036546531	1.15514993241071	0.194123535468433	1	1	2	2	1
71.3538722672099	22.1197990690275	-0.142459999341348	0.751379534634368	0.771320275024633	0.621369382540159	1	1	2	2	1
12.1173880685716	-34.8042103075049	-0.600863946747543	-0.556379153158669	-1.22014646368363	-0.43027671594526	2	1	2	2	2
24.9570567325986	-21.9645416434779	-0.896011708143136	0.321746758394129	-1.33683867012213	0.317814041984662	2	1	2	2	2
36.7120154232364	-10.2095829528401	-0.85378491351148	1.05145198300998	-1.09410870590354	1.03685713420419	2	1	2	2	2
46.9215983760765	0	-0.488804251462339	1.01571713430963	-0.579730600823318	1.26494731295289	2	1	2	2	2
60.7818661351801	13.8602677591036	0.0725586541348068	0.244758652676995	0.0202904303656347	0.855561996112043	2	1	2	2	2
70.9231555162296	24.0015571401532	0.635936404300202	-0.609521415398823	0.488979676531022	0.0716857366952188	2	1	2	2	2
14.0947367054211	-33.8288982140123	-1.2663471462149	-0.864726798516903	-0.00312830074851711	-0.524236798611937	1	2	2	1	3
25.389145648096	-22.5344892713374	-1.37696938720147	-1.33159104342815	0.553781001975368	0.406319928373309	1	2	2	1	3
34.2132440257559	-13.7103908936774	-1.22495882146507	-1.44324579213904	1.01905055457964	0.881648594337688	1	2	2	1	3
47.9236349194334	0	-0.850273264309929	-1.15449409228348	1.24833312514321	0.488358491173615	1	2	2	1	3
58.2275623142536	10.3039273948202	-0.351403345104047	-0.582220330550584	1.17049510046626	-0.431508156695431	1	2	2	1	3
72.57896291859	24.6553279991566	0.140516945591491	0.0419236354536993	0.809685284908398	-1.07794842044202	1	2	2	1	3
11.8886322781685	-35.3237705792319	-0.734894528021035	-0.971043193836102	-0.624462109501168	-0.68905565127717	2	2	1	2	4
23.7587368635915	-23.4536659938089	-0.228549100656056	-1.38674459912173	-0.44749349992107	-0.644235318815027	2	2	1	2	4
36.5580519947462	-10.6543508626542	0.565411924157011	-1.28634870487611	0.179429475082548	-0.243269576001162	2	2	1	2	4
47.2124028574004	0	1.14452325569424	-0.723127984135436	0.909388411091047	0.359594814599905	2	2	1	2	4
60.8057923710018	13.5933895136014	1.14228914105532	0.00405911988868984	1.33844821644546	0.932443076770455	2	2	1	2	4
71.4967362165073	24.2843333591069	0.560123459544734	0.509349662476463	1.2291814096073	1.25490728266599	2	2	1	2	4
12.079820395378	-38.8427921169843	-1.0398028798003	-1.39537953436209	-1.12991989244846	-1.30826351573262	2	1	2	2	5
24.0124259600717	-26.9101865522907	-1.15084660856341	-0.960712345050056	-0.259990238633819	-1.13222706427958	2	1	2	2	5
35.1184426632529	-15.8041698491095	-0.938906714599795	-0.202138169829254	0.48164542721932	-0.654650738892601	2	1	2	2	5
50.9226125123623	0	-0.472730436645509	0.429323489355159	0.470579408597854	-0.0503250299888956	2	1	2	2	5
60.2455677799625	9.32295526760018	0.0964679764185382	0.558229422958228	-0.283871445922639	0.459569946466995	2	1	2	2	5
71.9154830308501	20.9928705184877	0.584056842188027	0.107937040353255	-1.14650990690259	0.688415239203182	2	1	2	2	5
12.2012702211699	-35.7193189622762	-1.15907205672953	0.0541289111271572	-0.637881606968045	-0.216964231732775	2	1	2	1	6
23.8402825641204	-24.0803066193256	-0.598624328364944	-0.436768039649732	-1.16833913425971	-0.866345561695389	2	1	2	1	6
37.6252976698222	-10.2952915136238	0.0391499832061951	-0.723995824287837	-1.32113845970682	-0.844050756041327	2	1	2	1	6
47.920589183446	0	0.489648852091833	-0.72099764604368	-1.02766179075756	-0.166457178570088	2	1	2	1	6
60.590580156631	12.6699909731849	0.565967739795325	-0.428677013278081	-0.419701078258806	0.668687098874145	2	1	2	1	6
72.8667570856917	24.9461679022457	0.236443200590196	0.0648745350023972	0.229725966959647	1.04790008999374	2	1	2	1	6
10.8600853346464	-36.7861958975567	-0.570304448913418	0.0295396129493691	-0.390299511928958	-0.357099529826601	1	2	1	2	7
23.8441835076645	-23.8020977245386	0.131011558027763	0.772387078245863	-0.836724443098699	-0.730441906300414	1	2	1	2	7
35.3883204405811	-12.257960791622	0.989553824799406	1.32507608827136	-0.888564743962983	-0.471557442766457	1	2	1	2	7
47.6462812322031	0	1.32783854762556	1.38236007994427	-0.523482705123561	0.255375558080532	1	2	1	2	7
59.013194259	11.3669130267968	0.878922059723993	0.91260147542141	0.101209768315741	0.989353663965458	1	2	1	2	7
70.9990619399709	23.3527807077678	-0.00295140239855229	0.175244911573695	0.716336018381937	1.26490560637599	1	2	1	2	7
11.5060449420451	-36.9049447937067	-0.78366937439293	0.187995020073561	-1.02518801942976	-0.19230659646991	2	2	2	2	8
23.7170669225205	-24.6939228132313	-0.706228576555778	-0.356809465328007	-0.658252123766526	0.659229348957144	2	2	2	2	8
33.9392570014226	-14.4717327343292	0.0614495772852266	-0.722823106836867	-0.0219873927877081	1.21530884244622	2	2	2	2	8
48.4109897357518	0	0.896581997314865	-0.7913578632468	0.599922001212886	1.07254295716996	2	2	2	2	8
61.0794500801312	12.6684603443793	1.12166295232454	-0.540189819735104	0.930192337970903	0.334496341570616	2	2	2	2	8
73.710062839784	25.2990731040321	0.554094289796651	-0.050765785155978	0.82156971112529	-0.463440227131857	2	2	2	2	8
9.55978903109325	NaN	-1.42194932481125	-1.18108842454313	-0.775066995970658	-0.380729216237051	1	1	2	2	9
24.0534077122226	NaN	-1.37748980799212	-0.396426209869205	-0.983113163488988	0.436067147456916	1	1	2	2	9
36.335557457297	NaN	-0.871753595638617	0.354441505949678	-0.94738141900763	0.904880179830365	1	1	2	2	9
46.9377650950914	NaN	-0.160963968022944	0.530464596558067	-0.676724896447892	0.708640744190789	1	1	2	2	9
62.286455886497	NaN	0.394768713914701	0.00480671860447918	-0.238203250346009	-0.0199298736898319	1	1	2	2	9
73.6267143205378	NaN	0.513891246661565	-0.843760667512949	0.259532488773668	-0.788082452098484	1	1	2	2	9
13.1511584686511	NaN	-0.365017924691425	-0.94070150011835	0.0159353493478744	-1.41910824964637	2	2	2	2	10
24.0516869618829	NaN	0.149191024884229	-1.10815686727915	0.581298018617847	-1.38687278985492	2	2	2	2	10
34.6517131326304	NaN	0.536265582634922	-0.849902566819676	1.02386150591676	-0.937812607110453	2	2	2	2	10
48.7676289193444	NaN	0.689141211042961	-0.276178295413132	1.20068801805958	-0.274333960962966	2	2	2	2	10
60.6173742841367	NaN	0.565532623913496	0.368113192014889	1.05466667231948	0.304511404036795	2	2	2	2	10
71.284533408794	NaN	0.199629865384626	0.807946472782867	0.632958993578208	0.537818759103016	2	2	2	2	10
10.5717805916941	NaN	-1.09023408334773	-0.559478764022784	-0.760309615004453	-0.424929709996089	2	1	2	2	11
26.0402867074211	NaN	-0.334044040437156	-0.875121802046971	-0.147378012455018	0.0770271083314792	2	1	2	2	11
37.2068030035481	NaN	0.336430272570066	-0.875882645603739	0.686012852807218	0.576366427460438	2	1	2	2	11
47.87811824527	NaN	0.510250279203229	-0.561511120201666	1.15343174511509	0.938902969960093	2	1	2	2	11
58.6215363199856	NaN	0.0808804348452929	-0.0353763557823343	0.925970525423849	1.0672138719171	2	1	2	2	11
70.9521997626106	NaN	-0.688515364144305	0.52952222361136	0.163686580597139	0.926818704258672	2	1	2	2	11
12.557356550006	NaN	-0.982834721750411	-0.189893310293147	-0.977742922357581	-1.11399354662868	2	1	1	1	12
26.6501180835425	NaN	-0.582523005544789	0.66678950455171	-1.45334690961955	-0.5606554126156	2	1	1	1	12
35.2846093534814	NaN	0.305803354292202	1.1878721884787	-1.26057308901519	0.127710469537584	2	1	1	1	12
47.3543628341269	NaN	0.95920131758868	0.990548864780091	-0.530610883660057	0.623567228770925	2	1	1	1	12
59.7968101977653	NaN	0.845918668735108	0.219780266662503	0.239774532022924	0.690977298124835	2	1	1	1	12
72.2967922872323	NaN	0.0581477666027841	-0.558199574227499	0.526308555065161	0.297865753831954	2	1	1	1	12
9.72966302071987	NaN	-0.338428022428553	-1.00758076824546	-1.30416637765356	-0.688887427558156	2	1	2	2	13
25.0530680061184	NaN	0.142904017359343	-1.07065248121816	-1.41928690814911	-0.0416209715725775	2	1	2	2	13
36.081913370028	NaN	0.518742522957898	-0.523328616062778	-1.25196945876361	0.827151490781505	2	1	2	2	13
47.0509703257001	NaN	0.698299305846592	0.280623645505765	-0.849532189344637	1.24313818100517	2	1	2	2	13
60.3990828171147	NaN	0.63820032421703	0.821563293995418	-0.325786248179008	0.883473887161631	2	1	2	2	13
72.6734205590526	NaN	0.352963190269126	0.749849637473787	0.171150554818005	0.0273095801520307	2	1	2	2	13
11.2314269046224	NaN	-0.933255759668053	-0.349520061446341	-0.542581488625055	-0.331204145025113	2	1	1	1	14
25.1361779489546	NaN	-1.01484856814636	-0.921232951479278	-0.492433212625208	0.399834802977467	2	1	1	1	14
34.9166314198361	NaN	-0.407593844457005	-0.795895849790892	0.0600871856748961	1.03041907514089	2	1	1	1	14
50.1969626244419	NaN	0.443739153615636	-0.0647747485284328	0.806731464631868	1.20959679547197	2	1	1	1	14
60.904611227306	NaN	0.915611850068967	0.739754130202667	1.33095068446055	0.837646547084358	2	1	1	1	14
74.1641622101382	NaN	0.662412328218053	1.03186164770843	1.34028568302863	0.121577358287504	2	1	1	1	14
11.852306306002	NaN	-0.184103120804303	-0.0834990310904637	-0.501238419590756	-0.254340334545618	2	2	1	1	15
22.3060390521205	NaN	0.446477189592249	0.78372429618453	0.0253390274781438	0.514294060670602	2	2	1	1	15
35.2705102675865	NaN	0.885907145962501	1.35232361243904	0.653103210719705	1.15326934328783	2	2	1	1	15
48.4431695441108	NaN	0.954783799051247	1.19393759433451	1.13373023614345	1.27132149259236	2	2	1	1	15
59.3328277863536	NaN	0.624987366581885	0.427888306414573	1.27709907152674	0.796163583178258	2	2	1	1	15
72.0885688592236	NaN	0.0311614971749394	-0.368711551155207	1.02649748570116	0.018749270325883	2	2	1	1	15
11.6269512869869	NaN	-0.317763472180542	-0.441241890275225	-1.04869972481265	-0.696229510597943	2	2	2	2	16
24.904667066245	NaN	-0.683990291711886	0.373093184866192	-0.733471074567567	-0.357310220143443	2	2	2	2	16
36.2199100586831	NaN	-0.795858603605139	0.518257187123802	-0.169788965238183	0.355385024856168	2	2	2	2	16
48.0936685921875	NaN	-0.621262824373055	-0.126229314277923	0.429857123502422	1.03694125017788	2	2	2	2	16
59.1013274339439	NaN	-0.210310971842928	-1.02547222973131	0.839420483277996	1.30013499201449	2	2	2	2	16
71.2063732508454	NaN	0.319056057342104	-1.43314138854785	0.904509296836421	0.995433770755467	2	2	2	2	16
