age	diseaseAge	x1	x2	x3	x4	z1	z2	z3	z4	id
12.3150395322593	-34.7008261126953	0.0303118216883822	-0.551454403634345	-0.0479638852231685	-1.39619793919313	1	1	2	2	1
22.5242241310176	-24.491641513937	-0.512143600862729	-0.0705477557910703	-0.539296936021862	-1.37617445011048	1	1	2	2	1
36.3061753446417	-10.7096903003129	-0.463121186905765	0.477524449441136	-0.543377674538773	-0.993405131161438	1	1	2	2	1
47.0158656449546	0	0.146559206886622	0.927664948085838	-0.0580684793251437	-0.39559500254403	1	1	2	2	1
60.5867766881402	13.5709110431856	0.933598170385341	1.14427670744961	0.662410159707763	0.186569846886818	1	1	2	2	1
73.4657675107104	26.4499018657558	1.40319289620276	1.06210918485819	1.24064847082686	0.528440610168573	1	1	2	2	1
12.7020682457058	-36.1509651176094	-1.29701247644501	-0.2649785680521	-0.433236081958575	-1.3608865029759	1	2	1	1	2
22.9459755982602	-25.9070577650549	-0.893948447288289	0.311673965157959	-0.686963381400991	-0.871015884917191	1	2	1	1	2
35.0389024319424	-13.8141309313728	0.0426765932680105	0.786568928127773	-0.12574542559056	-0.226528476233256	1	2	1	1	2
48.8530333633151	0	0.673692804357886	1.00173711568962	0.784609686011331	0.304159396953906	1	2	1	1	2
60.973912345116	12.1208789818009	0.433740783322562	0.885604916378012	1.28851175893579	0.500026676173549	1	2	1	1	2
71.1636772794612	22.310643916146	-0.462194293712313	0.47680258035375	0.967724590164974	0.27949849310822	1	2	1	1	2
10.2333822483243	-39.0483881611122	-0.675846413023434	-0.993612517365734	-0.80479954576361	0.0991205697914546	1	2	1	1	3
25.2920066959411	-23.9897637134954	-0.799927113380036	-0.257008854202511	-0.812750264249253	-0.324183999873984	1	2	1	1	3
35.3186834792092	-13.9630869302273	-0.363384742275363	0.611840083096777	-0.438130623313182	-0.502958946225931	1	2	1	1	3
49.2817704094365	0	0.382743799197508	0.887090371905249	0.168571608187858	-0.383867055120299	1	2	1	1	3
59.2388775864059	9.95710717696942	1.0093918057965	0.33879553849648	0.763639189612496	-0.00243919835061374	1	2	1	1	3
71.8919899757691	22.6102195663327	1.15620073258888	-0.574994167480223	1.10802861426201	0.527526244096515	1	2	1	1	3
12.1697621320455	-37.6755244461081	-1.34577051700802	-0.151847563759461	-0.619847980138203	0.121749933243444	2	1	1	2	4
25.3721800227479	-24.4731065554057	-0.714179935623656	-0.802269542074848	-0.533119559624216	0.688944742535192	2	1	1	2	4
36.310841954126	-13.5344446240276	0.134596491787872	-1.12328036086978	-0.200901090961843	1.16892632188756	2	1	1	2	4
49.8452865781536	0	0.576340231317943	-0.957512900662839	0.287060737418372	1.40725336311573	2	1	1	2	4
60.7474295066227	10.9021429284691	0.286178182645314	-0.38623030334577	0.798946167409776	1.32724054826903	2	1	1	2	4
70.5643000562028	20.7190134780492	-0.52249479220408	0.310511147971928	1.19647263337854	0.954633206601867	2	1	1	2	4
11.9819426016899	-36.7756894483117	-0.773593104620923	-0.951016503603841	-0.346817602392254	-1.01221364277606	1	1	2	1	5
23.8527142220841	-24.9049178279175	-1.08142643898542	-1.30150160951706	-0.983958697947141	-1.36263060753655	1	1	2	1	5
37.7059745877925	-11.0516574622091	-0.932991771385096	-1.25621860064486	-1.31511015697662	-1.06433196429587	1	1	2	1	5
48.7576320500016	0	-0.396549852467389	-0.833685966947405	-1.18589977793167	-0.310949641296048	1	1	2	1	5
59.6266965384375	10.8690644884359	0.281205410905813	-0.206698461464476	-0.656561300185249	0.408480037592653	1	1	2	1	5
73.8882183503527	25.1305863003511	0.7885942489002	0.368337327226633	0.0261446356367511	0.626960124464708	1	1	2	1	5
11.9875238928401	-36.4579301270572	-0.396931753712831	-0.419767011034661	-0.335978477570449	-0.808315341444345	2	1	2	1	6
23.9076793136193	-24.537774706278	-0.986680718598751	0.107114326776045	-0.806528585211947	-1.32296672761326	2	1	2	1	6
35.0205455472913	-13.4249084726061	-0.806758329411516	0.777067983329245	-1.00015005894622	-1.11222264866419	2	1	2	1	6
48.4454540198974	0	-0.000442355806357635	1.2893032256089	-0.850286007946057	-0.331970082194139	2	1	2	1	6
60.2941649287406	11.8487109088432	0.790172825539065	1.41384054309984	-0.408451819884991	0.440639694494688	2	1	2	1	6
70.9613002309755	22.5158462110781	0.935495864985344	1.09476611154044	0.173473123000373	0.634108760556632	2	1	2	1	6
13.4919068542494	-36.9838161158249	-1.02408064214937	-0.806809318854651	-0.826663315792486	-0.450792712509989	2	1	2	2	7
21.6382507525272	-28.8374722175472	-0.730655233020243	-0.916740199879982	0.068536341500228	0.285086309864539	2	1	2	2	7
35.0040228602368	-15.4717001098376	0.0519867059506095	-0.258295905057379	0.586317521696102	1.14642474035466	2	1	2	2	7
50.4757229700743	0	0.780067820282124	0.630515147107923	0.311463646385857	1.4253284561948	2	1	2	2	7
60.0188108580674	9.54308788799307	0.947719458571041	1.02345410499938	-0.535615794796917	0.892579423831807	2	1	2	2	7
71.2040246005653	20.7283016304909	0.438457747664534	0.599454374272466	-1.2756349555113	-0.0139806262728046	2	1	2	2	7
10.1905260297121	-37.5985350790936	-1.03178344059751	-0.773292481544326	-0.877311347361972	-0.406412236822724	1	1	1	1	8
23.4291985949205	-24.3598625138853	-1.20566708806407	0.0401713529226451	-0.69045547309257	-0.0559529739580314	1	1	1	1	8
35.5923143798116	-12.1967467289941	-1.14224144330909	0.705137717642227	0.0558059659231165	0.449370179227301	1	1	1	1	8
47.7890611088057	0	-0.856661229859716	0.760966792847487	0.833849266204392	0.967046663832358	1	1	1	1	8
59.0139124269554	11.2248513181496	-0.417162083260005	0.168984298898506	1.09358023006068	1.35108205097359	1	1	1	1	8
72.6574301706253	24.8683690618196	0.0712434564856961	-0.660727805498681	0.651363195921128	1.49317119509366	1	1	1	1	8
10.2887739146859	NaN	-0.689281131251324	-1.22790610104918	0.146505416185411	-1.07907547719991	1	1	2	1	9
25.0674633089187	NaN	-0.336715160555615	-0.964021331523055	0.862355669051278	-1.41630857361177	1	1	2	1	9
37.1466965541467	NaN	0.468694077639206	-0.450649560807448	1.37182586688353	-1.41704592359623	1	1	2	1	9
50.9870662950855	NaN	1.16360255206553	0.134851001055271	1.41326316812557	-1.08102759817623	1	1	2	1	9
61.4897837929883	NaN	1.2619560647075	0.590203295694668	0.965386273768075	-0.526706030300185	1	1	2	1	9
71.6064854665452	NaN	0.694961185252288	0.758093515607552	0.258215040860182	0.0505105734449132	1	1	2	1	9
11.9763136335531	NaN	-0.267388240306236	-0.882640870501409	-0.966089875575642	0.116087290678039	1	1	2	2	10
24.1836946425154	NaN	0.637822285591486	-1.02101616233953	-0.156650647023709	1.01728888682579	1	1	2	2	10
33.8111563954455	NaN	1.1523277141666	-0.918123615029662	0.599668014898541	1.48611724033931	1	1	2	2	10
48.5054486508789	NaN	0.85423684144845	-0.598805130322513	0.727692423345905	1.13889244209744	1	1	2	2	10
61.5280669562987	NaN	-0.0120176984272771	-0.140155489440612	0.130061142299212	0.259776441853518	1	1	2	2	10
72.8165571585339	NaN	-0.736112650397286	0.347091055090667	-0.738732498115318	-0.431779505892262	1	1	2	2	10
11.098409925231	NaN	-0.917767354489959	-0.995239327676401	-1.06971627641893	-0.631286395803302	2	2	1	2	11
25.7509347410989	NaN	-0.807993554690624	-1.13334700816916	-0.638564894506167	-0.887687392284884	2	2	1	2	11
37.0308023570922	NaN	-0.0305105488403737	-0.689696435543311	-0.116359075435099	-0.544363348209952	2	2	1	2	11
47.2080705381452	NaN	0.791108412167689	0.0714603198981306	0.353721522338376	0.192403788401833	2	2	1	2	11
59.2916025425244	NaN	0.997891231636842	0.696754636854721	0.642789060000665	0.879936719528265	2	2	1	2	11
70.2015456940072	NaN	0.423989609353489	0.813741785172029	0.671586298735856	1.10513990231982	2	2	1	2	11
13.1822119246092	NaN	-0.700821204025923	-1.02819306269503	-0.643089333608285	-0.872259765175218	1	2	2	1	12
23.4384813231354	NaN	-0.434310124562302	-0.246222643039994	-0.328962892165994	-0.129590509341362	1	2	2	1	12
37.0109134901207	NaN	0.404549557819534	0.449201211440759	0.285617194681689	0.491829974481012	1	2	2	1	12
48.0672654544576	NaN	1.14989201033879	0.594990688974844	0.926952724330862	0.638995359980363	1	2	2	1	12
60.4803060257135	NaN	1.21008303805544	0.0940635142050149	1.30943017709958	0.228306355778654	1	2	2	1	12
70.3769030833035	NaN	0.537344508776178	-0.720009257278914	1.26271635541183	-0.506939584300194	1	2	2	1	12
10.843973070484	NaN	-0.0269075962282652	-0.208152030109586	-0.29769192450973	-1.00245102846147	2	1	1	2	13
22.9500059830174	NaN	-0.681909910262295	-0.968417581138073	0.559102994036885	-1.29763357224727	2	1	1	2	13
36.7808790439519	NaN	-0.596729579068825	-1.11354387561389	1.23733839758331	-0.935566511679757	2	1	1	2	13
47.2199014656646	NaN	0.161125688079983	-0.534070159731814	1.21402135785774	-0.154460724678708	2	1	1	2	13
60.7498223259136	NaN	0.991035157169164	0.332938526159195	0.507131837010391	0.531779278972268	2	1	1	2	13
72.0302372049585	NaN	1.23527319627745	0.833545384071612	-0.338241809883936	0.671663011634929	2	1	1	2	13
11.4285866120131	NaN	-0.498675078801843	-0.376285902674327	0.219700976071054	-0.352617780184036	2	2	2	2	14
22.0618305038583	NaN	0.127008864805345	0.503534211877804	0.895437639774403	0.185330840426187	2	2	2	2	14
34.8653950366547	NaN	0.605868367875304	1.07634475691713	1.31510311089963	0.868081265557457	2	2	2	2	14
49.0563570252041	NaN	0.749670804571652	0.897662109514899	1.27814325564487	1.37702223292831	2	2	2	2	14
58.5579709159706	NaN	0.501889552602279	0.106138588766239	0.802220837010825	1.47465213423203	2	2	2	2	14
71.6645422663494	NaN	-0.0400762231583377	-0.68402754172753	0.114774648496792	1.11541115002973	2	2	2	2	14
13.0343549889602	NaN	-1.02689601658853	0.0631143528584429	-0.497468643484533	-0.472007153733418	2	2	2	1	15
23.2779968009273	NaN	-0.553894490943426	0.60642195156392	0.0156089474577864	-0.53863257394702	2	2	2	1	15
34.0143339312866	NaN	-0.0283513530180717	1.00620700910565	0.55969955987014	-0.259433599081031	2	2	2	1	15
48.5399304307746	NaN	0.403729686744367	1.13941046479879	0.968493685750846	0.267291226733314	2	2	2	1	15
60.9437033827391	NaN	0.622310080668251	0.965030555750126	1.11703723032557	0.856096080995488	2	2	2	1	15
71.2171132146068	NaN	0.566664940081264	0.536743694834588	0.959925617129538	1.29967841189936	2	2	2	1	15
12.2221500652341	NaN	-1.28228650510122	-0.409869808288891	-0.630187726895393	-0.44795135103508	1	2	2	2	16
24.1176334689111	NaN	-0.647023307002938	0.0841278820708454	-0.237742825862979	0.42944995343126	1	2	2	2	16
33.3966426218459	NaN	0.0766981372646975	0.465793392873175	0.314504216664457	1.11126086074568	1	2	2	2	16
47.6979168984582	NaN	0.491211076703043	0.638058605044442	0.848753191016445	1.04576126555765	1	2	2	2	16
59.9589794205751	NaN	0.368751065227249	0.557111699979035	1.19299850487458	0.285953317245946	1	2	2	2	16
71.8134825886008	NaN	-0.22339319751649	0.243539719463925	1.236407715023	-0.553327819788952	1	2	2	2	16
