age	diseaseAge	x1	x2	x3	x4	z1	z2	z3	z4	id
10.8522000818403	-36.8625816273856	-0.75696460506676	-0.830286233591299	-0.5491861915744	-0.992567094342741	1	1	2	2	1
23.7151961483993	-23.9995855608266	-0.0126883588888067	-0.910221625641311	-0.955233218685424	-0.153298817265732	1	1	2	2	1
36.4903831024178	-11.2243986068081	0.526369412672248	-0.751254380632298	-0.827048736833106	0.588448799380392	1	1	2	2	1
47.7147817092259	0	0.561598233081792	-0.391494449316157	-0.234560377960079	0.645990970245882	1	1	2	2	1
59.3032222066294	11.5884404974034	0.0734831349184639	0.0828112608754148	0.499015605148073	-0.0261852465448574	1	1	2	2	1
71.267176758812	23.5523950495861	-0.66758504477592	0.557955254692565	0.973496361903851	-0.896422518207677	1	1	2	2	1
10.9806877898253	-38.2875771749166	-0.268927018851277	-1.07328652079385	0.101173855266249	-1.1018977712866	1	1	2	2	2
25.1883193531856	-24.0799456115563	-0.545603483878176	-0.8302546204054	-0.496461865460386	-0.807519281056823	1	1	2	2	2
34.756663434484	-14.5116015302579	-0.493915870363751	-0.0105924500132911	-0.729706230338167	-0.3193958501043	1	1	2	2	2
49.2682649647419	0	-0.131197268744408	0.748069134763765	-0.487709366026159	0.219350877639576	1	1	2	2	2
61.5399109066392	12.2716459418973	0.420917099359867	0.855552798798749	0.114519210431375	0.650756107928206	1	1	2	2	2
72.1602464839644	22.8919815192225	0.977279427290899	0.228244947199418	0.790769105666136	0.848328421083124	1	1	2	2	2
10.1754210643703	-39.197548676607	-0.65426219013397	-0.5310002527507	-0.509617492770756	-0.869191745178549	1	1	1	2	3
23.3807553965231	-25.9922143444542	-0.353944504396394	0.16771822331719	0.167192556253417	-0.656414428161435	1	1	1	2	3
36.4576281623777	-12.9153415785997	0.270729668374981	0.626399102784854	0.956208864135193	-0.186989834219886	1	1	1	2	3
49.3729697409773	0	0.927834406105408	0.61653127648549	1.33443106055837	0.385241846200726	1	1	1	2	3
59.7591919890127	10.3862222480354	1.31028816961327	0.143030815774307	1.05115412610176	0.87274840488009	1	1	1	2	3
72.0965180818914	22.723548340914	1.23936071450946	-0.55820817451119	0.294148503711705	1.11576381592494	1	1	1	2	3
11.3493915365725	-34.8306006770781	-0.431269728811183	-0.678194551368714	-1.33078444222206	-0.245443061584522	2	1	1	2	4
24.7065473032306	-21.4734449104201	0.314187129864207	0.0718086886361648	-0.66540537335598	0.203808681483887	2	1	1	2	4
35.8811493297181	-10.2988428839325	0.713674348205186	0.820781556515807	0.155810712660799	0.705743453717397	2	1	1	2	4
46.1799922136506	0	0.532369592664097	1.06244368164348	0.553761052969048	1.13366309627033	2	1	1	2	4
60.8305498895726	14.650557675922	-0.123154501078118	0.633439626828981	0.247820187988362	1.3795523174264	2	1	1	2	4
72.3185635711882	26.1385713575376	-0.867574722860897	-0.176238351617072	-0.546269395987292	1.38134386597316	2	1	1	2	4
12.5068406694287	-35.7369452963016	-0.871081570156079	-0.573914095649928	-1.01202241095937	-0.788334440252707	1	1	2	1	5
24.0606583787179	-24.1831275870123	-1.3122152702205	0.36123850195521	-0.709713324813651	-0.294801303218901	1	1	2	1	5
34.7100291929962	-13.5337567727341	-1.41379014400741	0.896334477999777	0.0442191444301218	0.214279477431363	1	1	2	1	5
48.2437859657303	0	-1.1369332446847	0.563364854098515	0.761450333389897	0.601240000644064	1	1	2	1	5
59.6315339650786	11.3877479993483	-0.587598368956564	-0.346446401541471	0.977427124639657	0.761436671441183	1	1	2	1	5
70.5205227589447	22.2767367932144	0.0239827140290584	-1.03735449669992	0.552260604798124	0.651548389787652	1	1	2	1	5
11.3112791334063	-36.1063332606991	-0.650669201534911	-0.882110538568111	-1.00178637540544	-0.892332494698117	1	1	1	1	6
22.0843346256427	-25.3332777684627	-0.5587519516803	-0.233915349494226	-0.202445551390903	-0.512961187326995	1	1	1	1	6
35.3442555064542	-12.0733568876512	-0.188310217703491	0.59057753019808	0.424734419197228	-0.00135171011431476	1	1	1	1	6
47.4176123941054	0	0.346195114790823	1.01268053682035	0.469932878530698	0.501060827012693	1	1	1	1	6
60.5772722146616	13.1596598205562	0.879609992934611	0.736131851084377	-0.0963843792094335	0.855383820256857	1	1	1	1	6
71.9401157806211	24.5225033865157	1.24711729773965	-0.0449670506580742	-0.904166456369473	0.963664214150438	1	1	1	1	6
11.0898546117941	-36.7654629052682	-1.03932548760141	-0.478178328893766	-1.03455224363832	-0.97678436219088	1	1	1	1	7
23.2334169513346	-24.6219005657276	-0.540601691939962	0.460142074710913	-1.07061085262933	-0.915566645378362	1	1	1	1	7
37.799370829431	-10.0559466876313	0.124112226809186	0.898961781319519	-0.773320842388097	-0.603164920699983	1	1	1	1	7
47.8553175170623	0	0.660516772484064	0.447672420569459	-0.244595895939763	-0.124113602878536	1	1	1	1	7
61.2260504867747	13.3707329697124	0.831120923641686	-0.492017973214856	0.334312330946628	0.39195830934754	1	1	1	1	7
71.802122016519	23.9468044994567	0.560390357451397	-1.08365896758086	0.764948903684907	0.8054042211977	1	1	1	1	7
12.5817258411869	-36.5624961785039	-0.385459127384422	-0.446975835964168	-0.664740553764319	-0.313709943763107	1	1	2	1	8
23.1999217291355	-25.9443002905554	0.43602510847029	0.229820744407606	-0.27112239287698	0.214684412768857	1	1	2	1	8
34.883800668588	-14.2604213511028	0.732511299557825	0.902502024571356	0.410810442950052	0.782316444936671	1	1	2	1	8
49.1442220196909	0	0.281187266482227	1.21863340452292	1.04186922439434	1.2006473682853	1	1	2	1	8
59.1006512869524	9.95642926726159	-0.57877270727813	1.01258572268542	1.30816962889462	1.33072871035647	1	1	2	1	8
70.0760019481655	20.9317799284747	-1.20110056032047	0.392312529234196	1.07725565627757	1.12935399807517	1	1	2	1	8
11.6359003068661	NaN	-0.337843024264173	-0.482840446553399	-1.02690540252692	0.240409588760577	1	2	1	1	9
23.7299078867938	NaN	-0.840395188032509	-1.04908218951272	-1.41556057170809	-0.508621136543949	1	2	1	1	9
36.4248744654898	NaN	-1.17423664439915	-0.728788539355734	-0.95699362576523	-0.505492754529621	1	2	1	1	9
48.5109917731378	NaN	-1.24340476819198	0.190950430265724	-0.0400683239805953	0.247149694432909	1	2	1	1	9
60.9943171186239	NaN	-1.02801720324821	0.885741452736222	0.557664699027181	1.11294861301215	1	2	1	1	9
73.7729634204299	NaN	-0.589987039650723	0.732819744189673	0.329329157406224	1.35987284835624	1	2	1	1	9
12.482648634267	NaN	0.053088238587811	-0.834229006288546	-1.04359422984558	-0.782851901748874	2	1	1	2	10
22.4656120092031	NaN	0.80016693498618	-0.779035721790217	-0.485196119295972	-0.958851229976117	2	1	1	2	10
35.0977004434791	NaN	1.32437016215037	-0.301229918944253	0.0718137317174008	-0.862861198713236	2	1	1	2	10
46.8921383249974	NaN	1.33290510382654	0.377153526365382	0.438092964829324	-0.521072638026768	2	1	1	2	10
59.256415573101	NaN	0.821004582934422	0.940871929382889	0.489133595681102	-0.0267423787964862	2	1	1	2	10
70.7198945782473	NaN	0.074589760174696	1.12796709516385	0.207585565920371	0.485251825049267	2	1	1	2	10
11.3559642521378	NaN	-0.519018304710754	-0.459305921820602	-1.41847758126349	-1.03808195764316	2	1	2	1	11
23.6388818846056	NaN	0.241099680504551	-1.18202605084672	-0.923795754099665	-0.327248474972737	2	1	2	1	11
37.2887637607216	NaN	1.06637603603377	-1.2238739176398	-0.0598913488725933	0.387760433514763	2	1	2	1	11
48.1995428743436	NaN	1.30658559207507	-0.552309031551053	0.52555639517668	0.679693285426247	2	1	2	1	11
61.9602127265658	NaN	0.772470170663547	0.310466340721652	0.39363045530007	0.374106458790248	2	1	2	1	11
72.7035041548976	NaN	-0.115147205398485	0.693566534390371	-0.356762748002132	-0.346397531752938	2	1	2	1	11
12.2178633855077	NaN	-1.2266793139578	-0.920448391815223	-0.179808467427446	-0.262798107262909	2	2	2	2	12
25.0999631161895	NaN	-0.916100836277933	-1.36699561377087	0.448493965160239	-0.546126531971054	2	2	2	2	12
36.4996007564596	NaN	-0.426933287744773	-1.3436903592226	0.838394299223984	-0.457744366707264	2	2	2	2	12
47.8072586085363	NaN	0.101746730742544	-0.862094584810582	0.824586989033057	-0.0309710169591247	2	2	2	2	12
61.0089026632593	NaN	0.519628716872513	-0.161132497533479	0.412925902221775	0.573303203609832	2	2	2	2	12
73.1340847478053	NaN	0.707903468394883	0.411441998323987	-0.222057536981025	1.12727150026066	2	2	2	2	12
12.0399848798676	NaN	-0.735286275234874	-0.827784164666797	-0.899072355168544	-1.25929859620698	1	1	1	1	13
24.6863911968394	NaN	-0.54288785430271	-0.0384846333939385	-1.2288199551481	-1.30481830641376	1	1	1	1	13
35.6461587196102	NaN	0.16503590886428	0.463891711312959	-0.975147156509453	-1.04640697422485	1	1	1	1	13
46.3299620727129	NaN	0.92795449412652	0.364855114741206	-0.286266903240094	-0.564206899340476	1	1	1	1	13
61.3700991872934	NaN	1.24956122105395	-0.273597087264092	0.435329993899661	-0.00776501760712528	1	1	1	1	13
71.3413974568613	NaN	0.920639051120142	-1.05179106746179	0.768037430229752	0.450346780749294	1	1	1	1	13
10.5059199774098	NaN	-1.03228788010314	-0.78317079497255	-0.366101623903931	-0.226351101396041	2	1	2	2	14
23.3920661846791	NaN	-1.00831431752688	-1.24912619792336	-0.559461255959803	0.58500990970687	2	1	2	2	14
36.1513102490761	NaN	-0.500251161766614	-1.45991147281042	-0.121849650914121	0.88934416522389	2	1	2	2	14
48.9406350191556	NaN	0.22438191017149	-1.34702622264623	0.666700587323387	0.46385771693973	2	1	2	2	14
60.0555300905468	NaN	0.784030748660517	-0.947155573820315	1.30158726360702	-0.379963613201957	2	1	2	2	14
71.1587250140837	NaN	0.884013334719125	-0.390248348435624	1.37653922996588	-1.02438362783765	2	1	2	2	14
10.793959240173	NaN	-0.205954359405605	-0.92155086631434	-0.408937963368508	-0.798503551266031	1	2	1	1	15
25.0740222273193	NaN	-0.508227521703229	-1.12025458904902	0.369232435956873	-0.68374242284458	1	2	1	1	15
37.038316934872	NaN	-0.483333361107805	-0.793896890287375	0.981910680203893	-0.266112432039785	1	2	1	1	15
47.9645088427547	NaN	-0.139682133996944	-0.114603054776675	1.05161276441214	0.310678101550048	1	2	1	1	15
61.8953763442164	NaN	0.406626847366779	0.559358534944515	0.535393762516296	0.848153014413116	1	2	1	1	15
72.5483776391476	NaN	0.971028267874698	0.872531791951751	-0.24869289678421	1.16136482132463	1	2	1	1	15
12.8171997117797	NaN	-1.22446505775952	-0.537656986110718	-0.00340215463307192	-0.75248839498764	2	2	1	2	16
22.8413593130576	NaN	-1.34694765704956	0.0969221235959832	-0.592241012320924	0.145120764304189	2	2	1	2	16
35.8840911051334	NaN	-1.00132192449372	0.641683424819107	-0.713317693469244	0.586412864715044	2	2	1	2	16
46.9238043431248	NaN	-0.351837809040467	0.874955719643761	-0.300477990244602	0.210438878486708	2	2	1	2	16
60.7749105746484	NaN	0.292853675344394	0.701817160798422	0.420709612406191	-0.675278252852629	2	2	1	2	16
73.8471284681973	NaN	0.626379092242563	0.192720314679296	1.05620066182582	-1.3462779347714	2	2	1	2	16
