age	diseaseAge	x1	x2	x3	x4	z1	z2	z3	z4	id
13.4230158999323	-35.4949630066818	-0.872091687228131	-1.11225219710674	0.286486920640735	-0.965330931155748	2	2	1	2	1
24.3016002846809	-24.6163786219332	-1.21985170063988	-0.791766059556197	1.05025764229334	-1.14118720401485	2	2	1	2	1
34.0160071846136	-14.9019717220005	-0.788654042450685	-0.196819741901795	1.40401395297236	-0.950028568021602	2	2	1	2	1
48.9179789066141	0	0.0851500962465576	0.425566706297911	1.12288300580196	-0.462019253385789	2	2	1	2	1
61.3484154812535	12.4304365746395	0.71995900159521	0.816980169915159	0.385571765228264	0.143718317728844	2	2	1	2	1
71.3854061702703	22.4674272636562	0.620596673968867	0.814906871972874	-0.339231938464874	0.644849903578145	2	2	1	2	1
12.1723173039619	-36.1085901456853	-1.13272443055463	-0.146376362292964	-0.895501088113287	0.119815825499323	1	1	2	2	2
25.3353226365727	-22.9455848130744	-0.653653785400586	0.346429719774481	-0.21719730312567	0.791768019446335	1	1	2	2	2
36.0771122028864	-12.2037952467608	0.177113449736352	0.875269167812386	0.430159471309134	1.3085985853605	1	1	2	2	2
48.2809074496472	0	0.780615302292977	1.28913368007501	0.719863200910715	1.43693329422011	1	1	2	2	2
59.9801476734561	11.6992402238089	0.736271123173112	1.46984565581513	0.505707094691196	1.11882276045841	1	1	2	2	2
72.4135720995722	24.132664649925	0.074984386092472	1.36580340634844	-0.10422919955243	0.497909418282088	1	1	2	2	2
12.9040851518493	-34.0252483271152	-0.218167742776123	-1.05121370613192	-0.753680632102102	-0.628226428974008	2	2	2	2	3
25.0008827016295	-21.928450777335	0.239247728215206	-1.0910491163231	-0.240714143476168	-0.529483531427263	2	2	2	2	3
36.0202313849452	-10.9091020940194	0.729964743090668	-0.843360786135837	0.670335477087957	0.230450402647299	2	2	2	2	3
46.9293334789646	0	1.13430821746193	-0.380823106826867	1.22274815282251	1.05444786557032	2	2	2	2	3
59.5897002457445	12.66036676678	1.35366767329302	0.160850445512019	0.957688543748443	1.29504263783612	2	2	2	2	3
72.9999676461995	26.0706341672349	1.33454616510992	0.622727087707942	0.0953158192448622	0.763184395091543	2	2	2	2	3
13.1905273012461	-45.7825292281095	-0.21745698497888	-0.557213703187229	-0.841801049982864	-1.06962182394433	1	2	1	1	4
21.5792001336716	-37.393856395684	0.643764413163993	-0.535843964589181	-0.202163967281123	-1.08791221852102	1	2	1	1	4
36.4769387154455	-22.4961178139101	1.02245745461368	0.0560523630982256	0.593823658772492	-0.608619925275	1	2	1	1	4
47.2091312741811	-11.7639252551744	0.624480937159209	0.84615367822335	1.02618461446385	0.114642847268093	1	2	1	1	4
58.9730565293556	0	-0.241045935826503	1.3374611427231	0.812480030518334	0.699169613579852	1	2	1	1	4
71.9690294681677	12.9959729388121	-0.901844862129827	1.22092674678694	0.0923119691801132	0.835664509245901	1	2	1	1	4
11.9699381887937	-35.7484522106488	-1.09417876369867	-0.330564050997377	-0.476601348865584	-0.386968058647961	2	1	1	2	5
23.8345897815466	-23.8838006178959	-1.40279764954109	-0.860325613410983	-1.05032947794988	-0.753278261763518	2	1	1	2	5
34.9380871820102	-12.7803032174323	-1.42968665956061	-0.890302635757533	-1.30980116455872	-0.444637625755983	2	1	1	2	5
47.7183903994425	0	-1.16685060788489	-0.404091397242067	-1.14446988936342	0.330482158490719	2	1	1	2	5
60.5368627668253	12.8184723673828	-0.692441240731954	0.332248541189826	-0.624774154721912	1.0485254952204	2	1	1	2	5
73.2533651954724	25.5349747960299	-0.147519574004336	0.915784739465278	0.0278724611622038	1.22448914418469	2	1	1	2	5
10.858698700491	-37.9348377825004	-1.27588251038528	-0.496297447892576	-0.977511155641779	-0.231006741369308	2	2	1	2	6
23.940246153765	-24.8532903292264	-1.4064639898376	-1.01598751180037	-0.383747323775975	-0.529075998853093	2	2	1	2	6
36.1839802613187	-12.6095562216727	-1.23021199562053	-0.667717901939135	0.209906044097187	-0.452983534889615	2	2	1	2	6
48.7935364829914	0	-0.80125633714373	0.24458677340299	0.571544320186827	-0.0317229634848726	2	2	1	2	6
58.5425760145967	9.74903953160526	-0.251336165170844	0.924785153504705	0.559897203758422	0.574192232592083	2	2	1	2	6
71.6160505893084	22.822514106317	0.250659230666771	0.779288190177126	0.179514521943995	1.13388937028742	2	2	1	2	6
12.5997583451393	-35.0365677010535	-0.574475004521502	-0.324672249543218	-0.703608837635559	-0.624468087521634	1	2	1	1	7
23.5068546030517	-24.1294714431411	-0.454629850963192	-0.548819412044381	0.0404536044015184	-0.381438552723211	1	2	1	1	7
36.3380202006195	-11.2983058455733	-0.0581945879097446	-0.111295639274251	0.777366505493973	0.49591587383697	1	2	1	1	7
47.6363260461928	0	0.489909229131058	0.695397146703193	1.02374665145156	1.24833051166077	1	2	1	1	7
59.632139020679	11.9958129744862	1.01696744532567	1.33195295819361	0.617979248057651	1.22466388098246	1	2	1	1	7
73.9239465005929	26.2876204544001	1.356897629704	1.37280909449373	-0.173769714954914	0.445397142250376	1	2	1	1	7
12.5962165434313	-36.0080664822059	-0.936061263553161	-0.69314972111932	-1.15804517502584	-1.39018044133613	1	2	2	2	8
24.2723916955561	-24.3318913300812	-0.372038489009774	-0.857133554457779	-1.21965319930571	-1.2337783262745	1	2	2	2	8
35.754868394093	-12.8494146315442	0.189571722022716	-0.611683377004051	-0.541197649710506	-0.866731108511849	1	2	2	2	8
48.6042830256372	0	0.55397217673952	-0.0575219977915452	0.333240797500749	-0.380920489949899	1	2	2	2	8
61.5009636191428	12.8966805935055	0.594768831298169	0.577945203598651	0.7024149316752	0.102042182763649	1	2	2	2	8
73.3365764549186	24.7322934292813	0.29781117057672	1.03394823206362	0.270269229796174	0.461258479736255	1	2	2	2	8
11.9261916922582	NaN	-0.517710398405879	-0.581011870718782	-1.14666883679228	-0.172354343316127	2	1	1	1	9
25.9886456023962	NaN	-0.772419353226193	-0.421246112762549	-0.836857690766723	-0.580365741257082	2	1	1	1	9
35.4452067043901	NaN	-0.78446693568602	0.340302285257186	-0.3133648450345	-0.81158406274885	2	1	1	1	9
46.5509735426897	NaN	-0.550813048984949	1.13537284902919	0.251984880988517	-0.810683747820593	2	1	1	1	9
59.8629293499944	NaN	-0.130418105781057	1.37069116965862	0.673628083002419	-0.577880222426599	2	1	1	1	9
73.6545445125076	NaN	0.370635090508043	0.87066486084052	0.813169809415016	-0.168878351659343	2	1	1	1	9
13.0238653478508	NaN	-0.598403923842127	-0.403891984730333	-0.753816360450334	-0.0596537475966155	1	1	1	1	10
25.9239329409107	NaN	0.250547642048583	0.443813259492856	-0.364725645097701	0.742960338765356	1	1	1	1	10
36.9056460223292	NaN	0.904342573037467	1.16859477108528	0.1880068058243	1.25449754374039	1	1	1	1	10
47.8382528944249	NaN	0.875979924114572	1.19838991081174	0.725317360527296	1.14447554745046	1	1	1	1	10
60.2975507163308	NaN	0.186586559643228	0.50968167941705	1.07313847663549	0.483974858249366	1	1	1	1	10
72.0614712371191	NaN	-0.650319895708954	-0.35393955522501	1.11878975668148	-0.300283265027251	1	1	1	1	10
9.29584889858873	NaN	-0.789281682401294	-0.834776981086134	-0.85512795080141	-0.037799745173439	1	1	1	2	11
24.3905097869092	NaN	0.10799183589104	-1.02203790931918	-0.606607124532744	0.501862653815691	1	1	1	2	11
36.0603811732526	NaN	0.559934426106507	-0.50397973568667	-0.155743923308554	0.989103848313358	1	1	1	2	11
48.7213948750884	NaN	0.198258853695409	0.345251393170318	0.37191248388108	1.28072909454513	1	1	1	2	11
58.8609936607767	NaN	-0.682306083368249	0.912333324178526	0.829428784991448	1.29103299057886	1	1	1	2	11
71.6608963590239	NaN	-1.36418954194267	0.787714524102217	1.08940316224754	1.01698733648178	1	1	1	2	11
12.5711691339551	NaN	-0.934595290204063	-0.519151193776627	-0.877648033908425	-0.861395106814285	2	1	2	1	12
23.7218530837592	NaN	-0.861882711779672	0.0766467825608353	-0.384491842861539	-0.935183790107666	2	1	2	1	12
36.4500951784466	NaN	-0.540084625799075	0.822093677172152	0.154899183191686	-0.216115382812756	2	1	2	1	12
49.9367430678323	NaN	-0.0563522599444846	1.29735587438829	0.581400645572948	0.675992369387594	2	1	2	1	12
60.0403451651418	NaN	0.458307175391961	1.23476702790016	0.76919141367608	0.972166431013827	2	1	2	1	12
72.7629394655039	NaN	0.864510621137284	0.669577001798181	0.662871802284964	0.417112677967932	2	1	2	1	12
10.2465101456766	NaN	-0.431987474445478	0.126539743717379	-0.88698348238473	-1.01560095742825	1	1	2	2	13
23.7480601391394	NaN	0.496767430968113	-0.521753997654155	-0.27081276731633	-0.769579000299602	1	1	2	2	13
34.5302317729359	NaN	1.03119307399477	-0.69380854663166	0.668272541665171	-0.150170766073849	1	1	2	2	13
49.5041854323968	NaN	0.710270568465165	-0.28899749236436	1.0892404002556	0.535878171719324	1	1	2	2	13
58.4836160963459	NaN	-0.189158324794957	0.455924695674445	0.615077713573665	0.948820190648242	1	1	2	2	13
71.9850314102835	NaN	-0.891206984382217	1.10528894281675	-0.329561858165901	0.884156658903156	1	1	2	2	13
11.581269969756	NaN	-0.827074875643109	0.102282495604477	-0.527696570486605	-1.08218404142064	1	2	2	1	14
23.5461745914039	NaN	-0.439686970195698	-0.626682315793794	-0.274056607571806	-0.465693986221221	1	2	2	1	14
34.8953951993332	NaN	0.440006150588604	-0.636974471191086	0.26703151672852	0.432530221302702	1	2	2	1	14
49.1085489736097	NaN	1.10488059808472	0.0797364987968947	0.885692563184237	0.87766309857997	1	2	2	1	14
59.9631665607231	NaN	1.02049021868203	0.943344818227232	1.34196259746366	0.505547257495604	1	2	2	1	14
73.0630352667104	NaN	0.254670547109466	1.25484601356397	1.45886530406964	-0.379394196664724	1	2	2	1	14
10.7932847345017	NaN	-1.0629424214687	-0.431860971271386	0.367926750414852	-0.490294664147623	2	1	1	2	15
25.0604896567922	NaN	-0.44917785631564	-1.10673889318159	-0.425376603439958	-1.06073719336057	2	1	1	2	15
35.6545773240543	NaN	0.307044601610642	-1.26192242938354	-0.554226877628375	-1.19481316239623	2	1	1	2	15
49.6846104356621	NaN	0.763936351623062	-0.799343424697334	0.0858770277370841	-0.823699934375299	2	1	1	2	15
60.0362625323667	NaN	0.654579154534476	-0.0113284411076124	0.975793321346389	-0.137893920525659	2	1	1	2	15
73.6616623508074	NaN	0.0428599824526813	0.604136861397788	1.39377552593575	0.510573276470248	2	1	1	2	15
10.7028145876517	NaN	-0.29625530691614	-1.27278629759984	0.106961830922357	-1.30297914254942	2	2	1	1	16
24.0531340324557	NaN	0.202306603181255	-1.30649167018892	0.939908336225767	-1.30507154277266	2	2	1	1	16
36.3382286647496	NaN	0.64748947668859	-0.790328238812633	1.36950703011841	-1.01969125283885	2	2	1	1	16
48.9513497706643	NaN	0.928493729997136	-0.0262535970898615	1.08940903628425	-0.532029294756008	2	2	1	1	16
58.6460624167012	NaN	0.975381465420998	0.53874564931338	0.299353569225914	0.0123386835811431	2	2	1	1	16
70.2672219784838	NaN	0.77648300321623	0.574142767060907	-0.437267051662945	0.450909292629723	2	2	1	1	16
