age	diseaseAge	x1	x2	x3	x4	z1	z2	z3	z4	id
12.1773431079624	-35.1360888585424	-0.513251307653007	-0.333902746545168	0.0157353472316351	-1.39504710399696	2	1	1	1	1
23.4830930457991	-23.8303389207056	-1.15733963192982	0.266044513632748	0.78097377466688	-0.912456923556644	2	1	1	1	1
34.0091460513016	-13.3042859152032	-1.21921555087355	0.744916657925118	1.21584617537938	-0.14465480075024	2	1	1	1	1
47.3134319665048	0	-0.657940542450168	0.930105146256187	1.05739148786657	0.45089425087307	2	1	1	1	1
59.5662126660615	12.2527806995568	0.155133020854635	0.754859145463804	0.401424973708998	0.51935550648308	2	1	1	1	1
71.9282743815347	24.6148424150299	0.682057088250622	0.28234573826811	-0.35539988761202	0.01993899129989	2	1	1	1	1
13.4786502393563	-47.7206699695282	-0.043222490624702	-0.704286762591829	-0.938219183414309	-0.186341439263032	1	2	2	2	2
26.0861222214239	-35.1131979874606	0.629569932925608	-0.0893514257686553	-1.07195699902058	0.444692600580927	1	2	2	2	2
35.3848428560489	-25.8144773528355	1.12438609075072	0.470814530414746	-0.719321349875757	1.01868606750272	1	2	2	2	2
47.6658153796076	-13.5335048292768	1.21646863396259	0.757622523704489	-0.0542509891292484	1.29877057489525	1	2	2	2	2
61.1993202088844	0	0.86399146621439	0.659154020065703	0.595205828354707	1.16936437975455	1	2	2	2	2
72.5401889635625	11.3408687546781	0.227058158324927	0.213833508472539	0.908702281908669	0.683869199044959	1	2	2	2	2
13.5055934388027	-34.6074094458721	-1.0174615000806	-0.496730540465648	-1.02477298336504	-1.44457686854573	2	2	2	2	3
23.6902118234147	-24.4227910612601	-0.902187919397157	-0.682136727022254	-1.06067869761922	-1.08477322977096	2	2	2	2	3
33.0266216831193	-15.0863812015555	-0.323505236188617	-0.335236563804351	-0.493389944123367	-0.310727809418023	2	2	2	2	3
48.1130028846748	0	0.407165804418875	0.358002241903984	0.310190223834684	0.375771395808172	2	2	2	2	3
60.9375879148266	12.8245850301518	0.8966112243494	1.02594529794206	0.830333510270811	0.529689699476829	2	2	2	2	3
71.3155542215235	23.2025513368487	0.881433721772153	1.3105188646625	0.730628944996487	0.0512469656640166	2	2	2	2	3
13.1332931240757	-34.8541960612372	-0.355168785972865	-1.12555259333123	-0.586141279183085	-1.02720090456213	2	1	1	2	4
23.6248576885528	-24.36263149676	0.527390015656948	-0.684437162568732	-0.669501700072854	-0.242970553407777	2	1	1	2	4
37.0351924243006	-10.9522967610122	0.916618196784434	-0.191510150504948	-0.104916369062306	0.49296105591517	2	1	1	2	4
47.9874891853128	0	0.498043666819973	0.233315368495771	0.721550169325576	0.662094904312725	2	1	1	2	4
60.4944995778942	12.5070103925813	-0.390151464389721	0.486693193464399	1.24475849296818	0.145268105752035	2	1	1	2	4
72.5271624646527	24.5396732793399	-1.03036093577192	0.506984758803708	1.10693773524351	-0.69339013985152	2	1	1	2	4
12.917787549145	-35.1517433543785	-0.519260984168576	-1.42029560679887	-1.11549361413545	-0.368479526671788	1	1	1	2	5
23.5316558883483	-24.5378750151752	-0.0596993322990848	-1.13452963817731	-0.874119673918421	0.209968312163254	1	1	1	2	5
37.5273753426092	-10.5421555609143	0.503729688021481	-0.586080973510718	-0.0748176051323219	0.705850364355288	1	1	1	2	5
48.0695309035235	0	0.99177404003881	0.0190072398883535	0.683884203978131	0.95290859701355	1	1	1	2	5
60.2001566439866	12.1306257404631	1.24916493039936	0.453413307351771	0.83385939831057	0.868309974359353	1	1	1	2	5
70.9918423743866	22.9223114708631	1.19401477490861	0.553938010578496	0.262804488551116	0.48041850054566	1	1	1	2	5
11.0744025833288	-35.0186883804132	-0.932596266443076	-0.0292265142323042	-0.75979296246635	-1.19465403318911	1	1	1	2	6
22.1243834918505	-23.9687074718915	-0.101856806349076	-0.492214470255881	-0.0411298576546701	-0.789568617431518	1	1	1	2	6
35.0932448868584	-10.9998460768837	0.722423839172712	-0.762096459733444	0.492818003408034	0.015131913404233	1	1	1	2	6
46.093090963742	0	0.817216087022281	-0.763762993955138	0.566278111697953	0.675113796917888	1	1	1	2	6
59.1569369535321	13.0638459897901	0.0993715582874949	-0.496750268227841	0.141309911865823	0.743937136523464	1	1	1	2	6
70.5482308629904	24.4551398992484	-0.801442129380403	-0.0353692410087084	-0.562599722426596	0.175046889751255	1	1	1	2	6
11.460454919146	-36.4064360603394	-0.781804068600577	-0.512568247249334	-1.07105360852395	-0.122701539119046	1	2	2	2	7
23.1307682334489	-24.7361227460366	0.0749639234218869	0.264267000691309	-1.11541258608921	-0.711016938398746	1	2	2	2	7
36.4146922186599	-11.4521987608255	0.825841002272023	0.70428328376483	-0.783556119605205	-0.975239995673917	1	2	2	2	7
47.8668909794855	0	0.848769818422803	0.534268593525461	-0.204188278967943	-0.79859913865751	1	2	2	2	7
60.6726218957836	12.8057309162982	0.124755200754625	-0.140212669861584	0.397994398048528	-0.259159585490032	1	2	2	2	7
71.1549397083084	23.2880487288229	-0.746399465103559	-0.900366048741603	0.789447083543035	0.404677044277245	1	2	2	2	7
12.4603982052532	-34.3782380837248	-0.802376060629375	-0.154750772816947	-0.558331005334491	-0.790289273514931	2	2	2	1	8
24.4138218997596	-22.4248143892184	-1.26747712524534	0.702439043622485	-1.00869135703757	-0.395729703506546	2	2	2	1	8
36.4340625209406	-10.4045737680374	-1.21811398647812	1.25441687752771	-0.774529859540223	0.469844751757904	2	2	2	1	8
46.8386362889779	0	-0.680945063624958	1.09551560641443	-0.0177978680720634	1.1330150571464	2	2	2	1	8
59.4569866300039	12.618350341026	0.0539331312914795	0.342517132475269	0.738131761992797	1.07783309927974	2	2	2	1	8
72.4191454774973	25.5805091885194	0.589651769794572	-0.451174575154256	0.970441106462513	0.347230575826736	2	2	2	1	8
12.6036845609577	NaN	-0.328082998018298	-1.27650927641773	-0.0459880386001484	-1.2105460278958	1	2	1	1	9
23.0384508363714	NaN	-0.631230965131891	-0.603910952584575	0.72017476078824	-1.2258325842717	1	2	1	1	9
36.4121792155145	NaN	-0.56264571693804	0.228886907670732	1.01129393523425	-0.873479625190196	1	2	1	1	9
48.3524172419692	NaN	-0.148349115317209	0.615744896074219	0.631798967115266	-0.28867914980165	1	2	1	1	9
60.5572345375522	NaN	0.45447097165651	0.275094239016091	-0.163369782833488	0.304190577616133	1	2	1	1	9
71.7630533259455	NaN	1.01709916487326	-0.54512760166381	-0.840027081637476	0.677655254323443	1	2	1	1	9
14.0407731146759	NaN	-0.656326314833069	-0.516104784288793	-0.76461142107514	-0.989718919894922	2	1	1	2	10
22.1923375553496	NaN	-0.115993940247606	0.234842039990078	-1.2077308211068	-0.362109654658856	2	1	1	2	10
35.4171407461553	NaN	0.80404603090725	0.962497812881268	-1.30330285756845	0.406683442859136	2	1	1	2	10
47.5189220944437	NaN	1.32487298396942	1.19077139072692	-1.01404901851843	0.849539609401081	2	1	1	2	10
59.2256544788455	NaN	1.00554645642557	0.770307772450641	-0.45279469820818	0.69737824162073	2	1	1	2	10
72.2662256986746	NaN	0.116413414614746	-0.0237918026674833	0.161539102443878	0.0426529977070096	2	1	1	2	10
11.8757795305529	NaN	-1.18413960970409	-0.875923149889639	-0.571146540439932	-1.45546903586904	1	2	2	2	11
23.585891328026	NaN	-0.973411743941562	0.0390444788970847	-0.810182081762977	-0.909417406187371	1	2	2	2	11
36.0315823775577	NaN	-0.450290589889659	0.616540876708393	-0.335861312604171	0.0366712621227427	1	2	2	2	11
49.4755880041017	NaN	0.178112493493722	0.371180726685358	0.509427350275089	0.535200037036915	1	2	2	2	11
60.0314081294868	NaN	0.663003482941159	-0.49081093736255	1.11551233985095	0.139539047279043	1	2	2	2	11
72.555431085245	NaN	0.812406903951127	-1.24493072706899	1.04489124531447	-0.795840659908001	1	2	2	2	11
12.7859207831856	NaN	-0.731014186490339	-0.641075091598847	-0.701515810778294	-0.422285486224361	1	1	2	2	12
23.4082958707846	NaN	-1.08924868851585	0.00997285927220298	-1.01600880849581	-0.790106862158131	1	1	2	2	12
36.0323613141748	NaN	-1.05743887434825	0.546445534049054	-0.747229052513675	-0.919527221215991	1	1	2	2	12
48.9731337846392	NaN	-0.648472362775108	0.740146234939743	-0.0520306741854785	-0.775101379160395	1	1	2	2	12
59.2153016518216	NaN	-0.0280402977392399	0.50868146385673	0.663883384492097	-0.396384168149045	1	1	2	2	12
71.7618784442763	NaN	0.55249175491104	-0.0494917675016991	0.982720952425758	0.112902698975141	1	1	2	2	12
10.8901379409394	NaN	-0.472423258199865	-0.915886660585778	-0.611860986904411	-0.731523651418077	1	2	2	2	13
22.3044606541253	NaN	-0.580206766348876	-0.0680739002123061	0.214886138240439	-0.241763831711847	1	2	2	2	13
37.6635217255924	NaN	-0.0230960734788683	0.642824910472509	0.795505928050064	0.415826739620291	1	2	2	2	13
47.3485319232513	NaN	0.811076002084553	0.663592655072754	0.731706630342294	0.955817273529693	1	2	2	2	13
59.31837696518	NaN	1.34160025627345	-0.0219319985296074	0.0672530883381127	1.14382192129544	1	2	2	2	13
71.0149135915215	NaN	1.19915203004707	-0.880277948140894	-0.742054929967544	0.898236235870971	1	2	2	2	13
13.431662711465	NaN	-0.651904658832214	0.0622885714161379	-0.701009053045547	-0.0969455375777318	1	1	1	1	14
24.6781120956927	NaN	-0.520624132747087	0.63314447730601	-1.14059778383456	0.456200837523414	1	1	1	1	14
36.6577786202469	NaN	0.231377846849824	1.0542820625677	-0.983014791006032	0.926256935030541	1	1	1	1	14
47.9239507637604	NaN	1.03833084561522	1.18446625991526	-0.324230183127917	1.16939534048068	1	1	1	1	14
60.0506979495201	NaN	1.29312190242253	0.980037765322138	0.434547576842333	1.1112207457436	1	1	1	1	14
72.7023174556211	NaN	0.804058374449275	0.509554867574371	0.831212885398749	0.769533369969381	1	1	1	1	14
12.166137533248	NaN	0.150236987691671	-0.368713953882372	-0.606998698745263	-0.333244480765222	2	1	2	2	15
24.281887595633	NaN	-0.524290419663056	0.389975601929633	-0.626782153602887	0.392083589840837	2	1	2	2	15
38.0453247282281	NaN	-0.811019492345928	0.813828771155844	-0.104664247990584	0.799095640520672	2	1	2	2	15
48.4222511586315	NaN	-0.554007112185687	0.649189975689307	0.656501556344148	0.661980779394962	2	1	2	2	15
61.0726616550141	NaN	0.106965597139521	-0.00541244523604881	1.21520253530453	0.056810535621112	2	1	2	2	15
73.6762250574761	NaN	0.812415921324403	-0.758230670521785	1.24736528757437	-0.680665738276441	2	1	2	2	15
11.1722098179744	NaN	-0.813030678013106	0.184362874355496	-1.34679318548394	-0.886541017929743	1	1	2	2	16
23.4773722774609	NaN	-0.648383174493825	0.757541323362709	-1.08299815736593	-0.587916504763745	1	1	2	2	16
37.1335761616859	NaN	-0.127378936276788	1.19287001748388	-0.392054828851165	-0.0820370593654949	1	1	2	2	16
48.0172485388026	NaN	0.526892191379271	1.34481728558963	0.3247672961436	0.472837766359508	1	1	2	2	16
60.0521932168693	NaN	1.03427654767967	1.16258670614929	0.651169446615689	0.903120683815757	1	1	2	2	16
72.4857837862558	NaN	1.17751621180379	0.707098501319062	0.397591605712727	1.07420179270258	1	1	2	2	16
