age	diseaseAge	x1	x2	x3	x4	z1	z2	z3	z4	id
12.0275091546719	-36.7467117259303	-0.505948842101216	-0.761822605913063	-0.993183146563983	-0.106495436709105	2	2	2	1	1
24.771349642344	-24.0028712382582	0.419157000140258	-0.0180868151380424	-0.722493109730725	0.462421421751825	2	2	2	1	1
37.8011666025062	-10.9730542780961	0.802554664798305	0.631962580065212	-0.0986449547418392	0.937832426777151	2	2	2	1	1
48.7742208806022	0	0.306139980783182	0.808910792026784	0.575876475760593	1.16585972627415	2	2	2	1	1
61.2224800136455	12.4482591330432	-0.632317365943653	0.409478333425593	0.974016421523458	1.07269697017055	2	2	2	1	1
72.665570429214	23.8913495486118	-1.18522667109047	-0.333197771710736	0.902729030153792	0.688498455806408	2	2	2	1	1
10.972872339014	-36.7974961419728	-0.563771049771278	-0.717086469361098	-1.03865163271308	-0.796676785087861	2	1	2	2	2
22.0478811423408	-25.722487338646	0.150005231440206	-0.505191696956542	-0.52444917023069	-0.363740806243151	2	1	2	2	2
35.8588729917031	-11.9114954892836	0.862502093814499	-0.0225432417529643	0.0238383960342199	0.330957921306694	2	1	2	2	2
47.7703684809867	0	1.14767985437396	0.564508077736621	0.436431546291639	0.939866785543455	2	1	2	2	2
61.2213051469622	13.4509366659754	0.835015596994922	1.05362769179926	0.58556909967702	1.15835320567498	2	1	2	2	2
72.14371883354	24.3733503525533	0.111467872832699	1.27623441619442	0.425069993999006	0.877110048989162	2	1	2	2	2
13.7164272228688	-31.0735301366477	-0.220612337962595	-0.651056658440138	-0.643770080383731	-0.52232688171259	2	2	1	1	3
24.118936691898	-20.6710206676185	-0.703447254046954	-0.397155832324573	0.0270663703943065	-0.15937811785099	2	2	1	1	3
35.8773997961367	-8.91255756337974	-0.931642177040219	0.127606486097909	0.562776794095786	0.342298277577981	2	2	1	1	3
44.7899573595165	0	-0.829268990909904	0.730713042875019	0.721935504773253	0.846543442399178	2	2	1	1	3
59.9574346251619	15.1674772656454	-0.430390693435094	1.1909047763798	0.432815316992602	1.21650133051407	2	2	1	1	3
73.1268634769951	28.3369061174786	0.132272507343468	1.33935316040972	-0.174287555904056	1.35176250357272	2	2	1	1	3
12.7038493629238	-35.8309067135753	-1.10406076991785	-1.47267906566527	-0.813253577167791	-0.41546513225192	2	1	2	1	4
23.3975308840272	-25.1372251924719	-0.471513510404462	-1.36848022891817	-0.823041411549415	-0.870420086238068	2	1	2	1	4
37.0464134405934	-11.4883426359057	0.215535522229852	-0.966746571387223	-0.471830614148081	-1.0309535517655	2	1	2	1	4
48.5347560764991	0	0.61082381739024	-0.401854874623551	0.107815553384697	-0.840739421047102	2	1	2	1	4
60.2623636941428	11.7276076176436	0.515131943872222	0.137242985638605	0.697111714458863	-0.366517807082215	2	1	2	1	4
71.9693167225466	23.4345606460475	-0.0233128149804958	0.470222971208493	1.07363013687278	0.225321947848395	2	1	2	1	4
10.4348973875606	-37.8221519648086	-0.744978680859038	-0.93578672654472	-0.384483810568905	-0.986172960681861	1	1	2	2	5
23.2989829943089	-24.9580663580604	-0.364926981268009	-1.11795952176341	0.126973902970344	-0.856945770284941	1	1	2	2	5
35.8959380142192	-12.3611113381501	0.273032190477931	-1.05147285678534	0.767002035257779	-0.104619285929378	1	1	2	2	5
48.2570493523693	0	0.887041813678299	-0.752978351178268	1.27341092338422	0.703394397896966	1	1	2	2	5
58.5457972203557	10.2887478679864	1.20582602815062	-0.297234107970513	1.43874847427127	0.957683348677205	1	1	2	2	5
71.1140044689772	22.8569551166079	1.08854264066862	0.201618491846696	1.19528360775785	0.466460318231539	1	1	2	2	5
11.4617820042951	-37.051645344904	-0.345923872371611	-1.07632930434499	-0.407019952198207	-0.13916832607628	1	1	2	1	6
23.8069215185268	-24.7065058306723	-0.580106937543959	-0.570290697612445	-0.645161559043471	0.752689905365594	1	1	2	1	6
35.866983686082	-12.6464436631171	-0.420327772981408	0.0537259102879854	-0.394847827226064	1.17177209405814	1	1	2	1	6
48.5134273491991	0	0.0703438742984635	0.552708398333262	0.221648883788301	0.776944420376478	1	1	2	1	6
59.5091716449136	10.9957442957145	0.698224824468253	0.732336949970388	0.903184458128415	-0.110402524404599	1	1	2	1	6
72.8398263848926	24.3263990356935	1.2154711687631	0.52265843450224	1.31684482779911	-0.767966383437135	1	1	2	1	6
12.2079044995503	-34.7956635839561	-1.05299223330617	-0.316122704313133	-0.578835039661285	-0.878832684301482	1	1	2	2	7
21.7769511572434	-25.226616926263	-1.15773865002871	0.573691021488702	-0.0488278820509314	-1.02456670292198	1	1	2	2	7
35.9281920220858	-11.0753760614205	-0.96265528732975	1.32659101456238	0.35892597143782	-0.919807748133074	1	1	2	2	7
47.0035680835064	0	-0.526449536128104	1.27375998344537	0.526700522121362	-0.590820668400189	1	1	2	2	7
61.514383480214	14.5108153967076	0.0196090724253394	0.462128871771502	0.406056187236907	-0.120088109848215	1	1	2	2	7
71.7683534751074	24.764785391601	0.511192449284869	-0.387312910484136	0.0318251938456362	0.37436928343545	1	1	2	2	7
12.2876797892265	-37.1137426079826	-0.968735092604155	-0.529030379246799	-0.271534361752281	-0.266298832765975	1	2	2	2	8
26.8304538391157	-22.5709685580934	-0.134960453131211	-1.12018803641435	-0.84878064942282	-0.649495882751244	1	2	2	2	8
36.56429306333	-12.8371293338791	0.671581789517319	-1.25427217858663	-0.768804500881109	-0.743604341132111	1	2	2	2	8
49.4014223972091	0	0.759752459792665	-0.858965673946923	-0.0872456677940612	-0.518348495170338	1	2	2	2	8
59.7248767935106	10.3234543963016	0.053996675210835	-0.147473694567746	0.721732428483058	-0.046195595974717	1	2	2	2	8
70.2207186172929	20.8192962200839	-0.84091194506484	0.496466664129164	1.09532023533275	0.520957642912592	1	2	2	2	8
10.9796921745128	NaN	-0.333359683745157	-0.150932188733957	-0.711847435286027	-1.12069610185674	2	2	1	2	9
25.0533273795152	NaN	0.411950001063705	-0.707312717229207	-0.405073906221485	-1.07011322148561	2	2	1	2	9
36.8333488788761	NaN	1.17959111496421	-0.639712806960435	0.279219687922521	-0.605750311235986	2	2	1	2	9
47.4400971891758	NaN	1.43769130776101	0.00719902214578483	0.96770399739394	0.0621093653305229	2	2	1	2	9
59.6570129701021	NaN	1.00742175743964	0.805957795442631	1.28476334820567	0.631030559209836	2	2	1	2	9
72.6110337780849	NaN	0.186901562629532	1.22876144870135	1.05741999763981	0.843381571750576	2	2	1	2	9
12.2940533936544	NaN	0.299128280880472	-1.02083941719777	-1.35714835741285	-0.0136799189563315	1	1	2	2	10
24.0394997793459	NaN	-0.440675117441755	-1.00178697404928	-1.04445472407024	0.778744821471847	1	1	2	2	10
37.0926471143599	NaN	-0.604842994973295	-0.550569390714275	-0.260938004363375	1.24245532111797	1	1	2	2	10
48.810052389493	NaN	-0.0762882264649891	0.123190153714195	0.456055042978107	1.08132056883395	1	1	2	2	10
60.6798291212615	NaN	0.768015572343489	0.706481655052582	0.614800527027198	0.398243123784133	1	1	2	2	10
70.6780297982875	NaN	1.3258975862728	0.928324053687058	0.106428567701874	-0.370555676258397	1	1	2	2	10
12.1556464516614	NaN	-0.998713373742145	-1.01552321561746	-0.960080495404642	0.183621468175985	1	2	2	2	11
21.9204186487237	NaN	-0.514872488241487	-0.535942656907517	-0.875250283032917	-0.275950628799193	1	2	2	2	11
35.0548302975688	NaN	0.177855636565859	-0.00286438354252971	-0.149022165604445	-0.535661784819605	1	2	2	2	11
49.8033413302855	NaN	0.744273603869465	0.4311854827696	0.673529509425937	-0.522486146041919	1	2	2	2	11
60.6230451072307	NaN	0.910302996253223	0.642015156236295	0.975034239931908	-0.240128452325659	1	2	2	2	11
70.3327849259232	NaN	0.59560548453997	0.569301352188999	0.529196058722035	0.232017665386177	1	2	2	2	11
13.3145515945697	NaN	-0.0855837168507846	-0.661293896483025	-1.11883060730833	-1.27718067060568	2	2	1	1	12
24.4076485752885	NaN	-0.60962626534071	0.074819703489437	-1.36038039560141	-0.87898570890666	2	2	1	1	12
36.001820266876	NaN	-0.281482832809332	0.839226344912451	-1.36898415870842	0.00554900428337507	2	2	1	1	12
46.9737601237101	NaN	0.617195988755225	1.11274464862091	-1.14256478263778	0.661568114498465	2	2	1	1	12
56.2176227495194	NaN	1.31506024379155	0.709602275062783	-0.735784262164028	0.558895963761348	2	2	1	1	12
72.8166867324593	NaN	1.21312223036069	-0.0963883804193538	-0.246847243331129	-0.219490787301206	2	2	1	1	12
11.966503477549	NaN	-1.17032711831447	-0.82008176184281	-1.03835022717746	-0.679165763001843	2	1	1	1	13
25.0666293776775	NaN	-1.33757960022079	-0.430522628754263	-0.307440853476173	-0.77717349037999	2	1	1	1	13
36.5344751999587	NaN	-1.21338559766733	0.352212901209327	0.441986167937484	-0.446449113586451	2	1	1	1	13
46.9820555401058	NaN	-0.833972075910926	1.0205679961136	0.718451559356025	0.16867988641693	2	1	1	1	13
59.2448308777584	NaN	-0.310012659990157	1.14115464482206	0.340647458902256	0.799772398945142	2	1	1	1	13
71.2473384354175	NaN	0.205655482709371	0.63577967090524	-0.443659665041499	1.17142086719768	2	1	1	1	13
14.3848717594746	NaN	-0.818685168313477	-0.638742601393711	-0.362685677066428	-0.602321881955504	1	2	2	2	14
23.3702290679739	NaN	-0.0825974813324251	0.261122739794366	0.558888913168564	-1.01916447431034	1	2	2	2	14
34.4569873656655	NaN	0.523612074427215	0.93671295571598	1.07127085981489	-1.05222543356567	1	2	2	2	14
48.460034340698	NaN	0.664570284660288	0.816139738955882	0.739056293443126	-0.687849509399927	1	2	2	2	14
59.7674746866612	NaN	0.262294861559848	0.00146852981722977	-0.155450718393527	-0.0765357970513235	1	2	2	2	14
72.1305134139385	NaN	-0.460663427735331	-0.817680058620681	-0.852130080257244	0.529223278724532	1	2	2	2	14
13.2844015833724	NaN	-1.0812584710724	-0.637902761786086	-1.31003993470001	-0.0265239547930905	1	2	2	2	15
23.6908664808736	NaN	-0.557148340585151	-1.11870960699105	-0.768166074304978	-0.538401919552376	1	2	2	2	15
36.7215410976227	NaN	0.341417369803514	-0.814400942925447	0.0417884104381069	-0.7870671659605	1	2	2	2	15
46.4102598559042	NaN	0.888730793115398	0.0346246343275704	0.588463590946731	-0.684433599188414	1	2	2	2	15
61.5319796698446	NaN	0.642765650795535	0.75765156220905	0.513220444479964	-0.266857687322904	1	2	2	2	15
72.7730561304129	NaN	-0.197829436670962	0.783501038016357	-0.134578757765455	0.317740295684514	1	2	2	2	15
13.1197747490994	NaN	-0.52740822793335	-0.902965871300496	-0.125154373324089	-0.906753969594076	2	1	1	2	16
23.2213410712283	NaN	-0.19086212913826	-0.814374867439267	0.45842530051814	-0.546854691184266	2	1	1	2	16
37.3938722315957	NaN	0.663145197975791	-0.192603326310702	0.959603416389007	0.0670538893207256	2	1	1	2	16
49.4272793786218	NaN	1.36620398539932	0.581297085270137	1.20721870089366	0.677837941562666	2	1	1	2	16
59.8154833970855	NaN	1.36804803976509	1.03304277232481	1.11670611404787	1.02967233479407	2	1	1	2	16
69.2873766200666	NaN	0.667234066722225	0.885782133192279	0.718977320052825	0.975192252727564	2	1	1	2	16
