age	diseaseAge	x1	x2	x3	x4	z1	z2	z3	z4	id
11.8146006674373	-36.5695314606655	-0.463999216431642	-1.20506367601371	-1.34858262923763	0.268442968779261	1	2	2	1	1
22.9353794257258	-25.448752702377	0.212906224130868	-0.661998596398668	-1.28647009419614	-0.435314267650584	1	2	2	1	1
34.678732829703	-13.7053992983998	0.812117409543577	-0.0400955561834769	-0.600423007404498	-0.573237103977506	1	2	2	1	1
48.3841321281028	0	1.04921871821886	0.41685540409106	0.219090683876132	-0.0511801689035626	1	2	2	1	1
61.5937416988072	13.2096095707044	0.81167000116121	0.529726533108689	0.586185250147846	0.774503338201836	1	2	2	1	1
72.4053725952069	24.0212404671042	0.212223769779041	0.254271613469391	0.238417891438961	1.34020638589127	1	2	2	1	1
12.1947441629386	-34.9938343685631	-0.85789703462415	-0.346226819937658	-1.37652158343738	-0.852007260847449	2	2	1	1	2
23.9420131922696	-23.2465653392322	-1.20731349627171	0.486905854314774	-0.859693512485883	0.0122464894272253	2	2	1	1	2
38.1957439173894	-8.99283461411235	-0.869984647877766	1.08592095941616	0.0321065593681157	0.776956640444441	2	2	1	1	2
47.1885785315018	0	-0.0775769320779429	1.03161756462034	0.589060430255329	0.78797071070986	2	2	1	1	2
61.1615778814296	13.9729993499279	0.625709896169414	0.361998106672582	0.367866952716306	0.0358669848377361	2	2	1	1	2
71.8310955285117	24.6425169970099	0.756881398563899	-0.454326360003133	-0.455417421307262	-0.835985911862144	2	2	1	1	2
11.3907060203196	-35.2424992169524	-0.955248287926371	-0.454620395017889	-1.40774840796357	-1.46923907868328	1	1	2	1	3
23.5169549474471	-23.1162502898249	-0.279099413351792	-0.010651304511373	-1.44181902711082	-1.14578146945092	1	1	2	1	3
35.7423265200902	-10.8908787171818	0.396794919794924	0.655302773748316	-1.1291009288909	-0.483035397282653	1	1	2	1	3
46.633205237272	0	0.716754416399648	1.23975725000434	-0.581425519222709	0.183714673187097	1	1	2	1	3
60.1822069707978	13.5490017335258	0.512404698107836	1.47636804326296	0.00535249633295803	0.517158647171896	1	1	2	1	3
72.1150787293163	25.4818734920443	-0.108717946427027	1.25730830499465	0.421394893460294	0.348606601037338	1	1	2	1	3
9.79020860528074	-37.4997007432591	0.0564289419065558	-1.04105613396744	-0.693339881032704	-0.289315602444619	1	1	2	1	4
21.9330866574776	-25.3568226910623	0.852291059690865	-1.28623730681998	-1.36064834809014	-0.485314501100587	1	1	2	1	4
37.3993802629436	-9.89052908559621	1.17317127736138	-1.13530298723028	-1.43585588926314	0.0221718357519075	1	1	2	1	4
47.2899093485398	0	0.794403364878103	-0.64822695419824	-0.867749686789129	0.868553170145251	1	1	2	1	4
60.694342661239	13.4044333126991	-0.0188160271972426	-0.0185489569380719	-0.0431834918121484	1.44576904860657	1	1	2	1	4
72.8418347175986	25.5519253690587	-0.697106410596038	0.503528339235693	0.47635168535268	1.33913387429374	1	1	2	1	4
11.0215074230799	-37.2199599796129	-0.569401442012411	0.0738094100055631	-0.937043220776743	-0.878535243672454	2	2	1	2	5
24.0521224126002	-24.1893449900926	-0.0760500324845969	-0.607356447869144	-0.96592422648359	-0.570401993943883	2	2	1	2	5
36.1171375147589	-12.1243298879339	0.449028819846881	-0.54374665092878	-0.358335681092181	-0.039729954787474	2	2	1	2	5
48.2414674026928	0	0.857462224962016	0.213313046838447	0.467063064802373	0.533862629382537	2	2	1	2	5
59.711913900131	11.4704464974382	1.03383809869752	1.05296297175025	0.941530375829673	0.956230061458339	2	2	1	2	5
72.1310779371899	23.8896105344971	0.928317454014126	1.29770268275597	0.73813418946156	1.08441230011609	2	2	1	2	5
12.074397445939	-36.5124653819936	-0.423763529691128	-0.997914718915425	-0.807915153790765	-0.426600753051757	1	2	1	2	6
23.3779228788057	-25.208939949127	-0.702237551738537	-1.08074014850585	-0.57135933579176	-0.583355541882205	1	2	1	2	6
37.9888346717833	-10.5980281561493	-0.6011143795183	-0.525534040394413	-0.0987245253710533	-0.475448731960143	1	2	1	2	6
48.5868628279326	0	-0.159222404995841	0.294359942003576	0.461599374346434	-0.131473601168652	1	2	1	2	6
59.397235070548	10.8103722426154	0.453764553094536	0.827611007242294	0.93369131953483	0.357422901502727	1	2	1	2	6
71.3461368913723	22.7592740634397	1.00247711940738	0.715638975262951	1.16933184673522	0.861692385483964	1	2	1	2	6
11.4979969428805	-36.9099029420208	-1.13413260059216	-1.05029697378836	-0.264286523713544	-0.614244369101446	1	1	2	2	7
23.9842717391021	-24.4236281457992	-1.47475698248744	-1.37349513883016	-0.808782671011567	-0.0442716941532455	1	1	2	2	7
34.2681841723056	-14.1397157125957	-1.26092814946205	-1.31293255257868	-1.00179245850028	0.779046087807476	1	1	2	2	7
48.4078998849013	0	-0.611704443943602	-0.892437120123569	-0.759167418151964	1.29661879861509	1	1	2	2	7
60.4138055351053	12.005905650204	0.111431086388583	-0.277449683333159	-0.18668729158552	1.15697848089113	1	1	2	2	7
72.5152516720624	24.1073517871611	0.505841826192585	0.290067464202324	0.466057855049154	0.454950646516893	1	1	2	2	7
10.9630903795187	-36.1366556135289	-0.957294665846612	-0.0562217364709882	-0.587113892408872	-0.603806988387526	1	2	2	2	8
24.043451039476	-23.0562949535715	-0.975422558249181	-0.501513538727615	0.134712241052816	-1.09637112725756	1	2	2	2	8
35.1377195565075	-11.96202643654	-0.410623621824534	-0.40852250323931	0.744397761932122	-1.40199831848704	1	2	2	2	8
47.0997459930475	0	0.381880154361622	0.170991929976496	0.915644039165452	-1.43155827494609	1	2	2	2	8
59.0398689500356	11.9401229569881	0.903655169316685	0.914468103360446	0.556801486330967	-1.1764304043499	1	2	2	2	8
71.9096325604593	24.8098865674118	0.826538696973175	1.40808214455126	-0.140080340287978	-0.711017839055876	1	2	2	2	8
12.3759994823016	NaN	0.0930764477388271	-0.545130801377565	-0.58555899065648	-0.679847445883891	2	2	1	2	9
24.5053861083365	NaN	-0.502582461344499	-0.50104683095026	-0.0387169271669712	-0.467902762550523	2	2	1	2	9
37.1022756075178	NaN	-0.410497732463004	0.0988703267216864	0.551812873075826	0.33112010583305	2	2	1	2	9
48.2454456878267	NaN	0.302331599291408	0.882328826241413	0.97299510675485	1.10517861950869	2	2	1	2	9
59.6512055766208	NaN	1.11726495156752	1.36313618778397	1.07288708636021	1.26135265393745	2	2	1	2	9
72.9949106379284	NaN	1.4413728676584	1.24291678128119	0.815452496424985	0.680014653440711	2	2	1	2	9
11.8656401491249	NaN	0.116953818719213	-0.00956900903176461	-0.876171632465611	-0.456415402198935	1	1	2	1	10
24.3162388623412	NaN	0.792548767934195	-0.702544366469365	-0.752672191552196	-0.97776356111662	1	1	2	1	10
35.0847415618335	NaN	1.27725069501099	-0.749542557928254	-0.290512572548794	-1.32192671754156	1	1	2	1	10
48.3746609902458	NaN	1.34831277061158	-0.116007814389153	0.330307809132855	-1.38375552706697	1	1	2	1	10
59.504914389811	NaN	0.97307811606072	0.732248742829056	0.867995206952627	-1.14435994098868	1	1	2	1	10
72.1111142166911	NaN	0.323987410649751	1.17154018556105	1.11313405688846	-0.676880527842534	1	1	2	1	10
13.139024427678	NaN	-0.75172557034278	-0.390482253444312	-0.882320404358722	-0.0893541736522271	1	2	1	1	11
23.6357322917275	NaN	-0.317656900100218	-0.740347314363629	-0.175278293548167	0.565100227133172	1	2	1	1	11
36.6353817751022	NaN	0.46362188468932	-0.833881292239091	0.591579210639338	1.15805418083623	1	2	1	1	11
47.2933069964264	NaN	1.10013380076429	-0.644506771546116	0.916051432923981	1.42484845748427	1	2	1	1	11
59.2093116003932	NaN	1.19106262429117	-0.226033987244743	0.585647567320187	1.2464020266232	1	2	1	1	11
71.5079117871007	NaN	0.679149807922707	0.302629201438564	-0.183257057619851	0.702362717039942	1	2	1	1	11
11.4546936932677	NaN	-1.0989819859199	-0.922784068782008	-0.90027329301129	-1.14881357718915	2	2	2	1	12
24.9081365296567	NaN	-0.943321821151537	-1.15646640888616	-0.502720058751002	-0.526416019311825	2	2	2	1	12
34.7853815422199	NaN	-0.579878570978718	-0.95916807306465	0.173199852871069	0.357908522630232	2	2	2	1	12
48.4784900443992	NaN	-0.098335267259192	-0.415957431485888	0.798238965956079	0.801489813406208	2	2	2	1	12
61.125858063697	NaN	0.382482761904714	0.238951457506253	1.06793435999702	0.451865204802087	2	2	2	1	12
70.9929820033102	NaN	0.7439291567119	0.72318402869611	0.850914660630286	-0.41315914230049	2	2	2	1	12
11.3076156752292	NaN	-1.07063062139711	-0.726058964987504	-1.1376473945656	-0.976501483152665	2	1	1	2	13
23.2118990919182	NaN	-0.440319474878315	-1.2188345412674	-0.865132024451386	-0.477378848223246	2	1	1	2	13
36.882071019876	NaN	0.484340353543382	-0.936245334894181	0.0392665665343516	0.0999269560184436	2	1	1	2	13
45.6339330144591	NaN	0.896665541628725	-0.0993495715125934	0.767969505779296	0.562376861230628	2	1	1	2	13
58.7317732023672	NaN	0.436939096875348	0.637182689546036	0.670284605115279	0.755337225761003	2	1	1	2	13
72.8454640969889	NaN	-0.493768614755351	0.697191739815325	-0.166560819166207	0.614286112150861	2	1	1	2	13
11.2173292370297	NaN	-0.298689278836801	-0.990902953719688	-0.154235755455651	-1.28199506708462	2	2	1	2	14
24.7171848563408	NaN	-0.50958420061373	-1.34715967617428	-0.847700939775615	-1.13897358815465	2	2	1	2	14
34.142441369754	NaN	-0.268617705364675	-1.45749433888231	-1.0989844998447	-0.587778580249579	2	2	1	2	14
48.8018021655724	NaN	0.3152960324067	-1.29135623534253	-0.759296611082728	0.105701563048625	2	2	1	2	14
60.9012916036002	NaN	0.97823450071388	-0.894747558477298	-0.0297729998659427	0.606942184153953	2	2	1	2	14
71.7304741969243	NaN	1.42055688871396	-0.377485794336499	0.65762138508321	0.674152153552616	2	2	1	2	14
11.3313782333915	NaN	-0.172658207744026	-1.00813861370932	-0.385076626249566	-0.90886571844353	1	1	2	1	15
23.9559498835137	NaN	-0.694853448868909	-1.20741077699989	0.0162069091939511	-0.424011929201263	1	1	2	1	15
35.8329517895931	NaN	-1.03208769264498	-0.659698944169335	0.526215990423495	0.18137630745585	1	1	2	1	15
46.6602981033281	NaN	-1.07968241119118	0.215454740297356	1.0088992972035	0.685262711082769	1	1	2	1	15
59.6897551692227	NaN	-0.822864060111335	0.747690734161331	1.33549500242146	0.902838499391384	1	1	2	1	15
73.1186862229231	NaN	-0.341349831298142	0.529321240933319	1.4188796047251	0.754304106044391	1	1	2	1	15
12.6573029168377	NaN	-1.12350688757048	-1.34197099943787	-0.883075532520287	-1.11283382403366	1	2	1	1	16
22.3421520383081	NaN	-0.667045830657499	-1.49633142810239	-0.329081348301036	-0.888001554551798	1	2	1	1	16
36.5332541229985	NaN	-0.108402085071289	-1.26223784896638	0.29283524962054	-0.355229552301522	1	2	1	1	16
48.1521704587074	NaN	0.377656955892958	-0.730831171387523	0.736849717787324	0.273574459126341	1	2	1	1	16
58.2641094981386	NaN	0.63907146475477	-0.109006808781423	0.827456764508715	0.748306446329777	1	2	1	1	16
72.4887241124907	NaN	0.594059925755152	0.361137022925406	0.528842205103486	0.880143846750825	1	2	1	1	16
