age	diseaseAge	x1	x2	x3	x4	z1	z2	z3	z4	id
13.4619185139835	-35.0911590240438	-0.838787257965971	-0.0187893486203535	-0.369435879799334	-0.436226157573659	2	2	2	2	1
24.5229054448833	-24.0301720931441	-1.26841619459998	-0.467907390259182	-0.988131798274641	0.287004246987855	2	2	2	2	1
36.3132887977453	-12.2397887402821	-1.26671913061493	-0.40442621385957	-1.26382197747077	1.0044888005449	2	2	2	2	1
48.5530775380273	0	-0.834473236762482	0.137723191114457	-1.06562548667439	1.27651006555767	2	2	2	2	1
59.4239538892926	10.8708763512653	-0.169625596469466	0.868759399814968	-0.487633966201389	0.936357144885921	2	2	2	2	1
72.2197937788494	23.6667162408221	0.423356695976024	1.39794009614035	0.195757361149566	0.19249608829748	2	2	2	2	1
12.6965633655667	-33.9500961004082	-1.1753540004178	-0.0472285663230949	-0.44996828074081	-0.307827040043283	2	2	1	2	2
25.2082317539545	-21.4384277120203	-0.57022149394147	0.828819490142132	0.00629077943019507	-0.496965610207927	2	2	1	2	2
35.3195793694285	-11.3270800965463	0.323502336221546	1.32784734252349	0.595507566281867	-0.435646787734599	2	2	1	2	2
46.6466594659748	0	0.784783741536305	1.06560337992067	1.11147542811542	-0.139362577079406	2	2	1	2	2
59.7805288215258	13.1338693555509	0.44147256825464	0.244015540019224	1.37362244717986	0.317031763182837	2	2	1	2	2
72.6382738751628	25.9916144091879	-0.429456424944297	-0.504293269518038	1.29020571957232	0.818229662118546	2	2	1	2	2
13.186903981526	-34.3422573750923	-0.415662640907759	-1.23343899004724	-0.200069617664875	-1.25107797179966	2	2	1	2	3
23.3224571869009	-24.2067041697175	-0.874234114817012	-1.00167661286923	-0.948077819252875	-0.86111812219784	2	2	1	2	3
37.154117522361	-10.3750438342573	-1.06410943279255	-0.426341738050123	-1.00884076376012	-0.276478473396853	2	2	1	2	3
47.5291613566183	0	-0.922238495292837	0.235235445762913	-0.333936787294505	0.289379337500272	2	2	1	2	3
61.1817306126369	13.6525692560186	-0.495731041628807	0.687151128516983	0.538806758739667	0.629851234069097	2	2	1	2	3
72.1014744851145	24.5723131284962	0.0737866352435114	0.727276857748143	0.913905233287449	0.620625277189164	2	2	1	2	3
13.5093606684976	-33.6395247330017	-0.672086977900147	-0.38400336268242	-0.750040653991172	-0.799223499286641	2	1	2	1	4
24.7731089998745	-22.3757764016248	-0.116218761322455	-0.51403573846946	-0.727694834134459	-0.85289559335951	2	1	2	1	4
37.3409206947887	-9.80796470671064	0.431630634727118	-0.244633899220972	-0.0101099051394158	-0.236811434227967	2	1	2	1	4
47.1488854014994	0	0.789390244166806	0.315864172243045	0.838980172948513	0.605631629992465	2	1	2	1	4
60.0814140637976	12.9325286622982	0.838163088766072	0.942058268536099	1.1525311342664	1.06812516712231	2	1	2	1	4
72.9480313474419	25.7991459459425	0.561740117280584	1.38212900551654	0.684217675762883	0.817811393294799	2	1	2	1	4
12.2203030175455	-35.7322549753756	-1.14070347028752	-0.864444870248323	0.0105281964017383	-0.937105662727232	2	1	2	1	5
23.565096686032	-24.3874613068891	-1.49143155109596	-1.31331393833409	-0.573748035009331	-0.642582015667282	2	1	2	1	5
36.9922045531259	-10.9603534397953	-1.24757152992464	-1.45327154336276	-0.872462464771936	0.156654779387863	2	1	2	1	5
47.9525579929211	0	-0.554529371482212	-1.23390635051664	-0.761864738061878	0.886005955981734	2	1	2	1	5
59.2535779541326	11.3010199612115	0.174455955629365	-0.734231516541638	-0.287772888959386	1.02111591765371	2	1	2	1	5
72.4112747256639	24.4587167327427	0.504713715969446	-0.134224937960989	0.353407992254768	0.464849475192018	2	1	2	1	5
12.4392712524163	-35.7089344610315	-1.02259238145642	-0.568917298424912	-0.245706844744923	-0.262571476190586	1	2	2	2	6
25.056027381024	-23.0921783324239	-0.709315594482211	-0.739444312461918	0.533048525006205	0.475394985693129	1	2	2	2	6
33.9775091734523	-14.1706965399955	0.0209484736653265	-0.413509565219215	0.881787332186175	0.794682066901764	1	2	2	2	6
48.1482057134479	0	0.724715494847393	0.245944374020593	0.570133060647965	0.498870824089028	1	2	2	2	6
58.9215445337876	10.7733388203397	0.97459261465873	0.909240721507732	-0.196035781564269	-0.230061659540563	1	2	2	2	6
72.4860412375658	24.337835524118	0.618831182946115	1.24478178178434	-0.910588803982787	-0.943690888816927	1	2	2	2	6
10.9825703749044	-37.6265028329161	-0.766824244220136	-1.45337948040266	-1.16142266054101	-1.25692850951242	1	2	2	1	7
24.7582049264635	-23.850868281357	-0.327865831010791	-1.26990303364761	-0.628931920026813	-0.814933682553019	1	2	2	1	7
36.3703092456331	-12.2387639621875	0.256516796236434	-0.756934344310741	-0.0278230638157577	-0.244637782697082	1	2	2	1	7
48.6090732078206	0	0.783211649647868	-0.121589135209143	0.421588678508199	0.266238263749688	1	2	2	1	7
58.9044822268936	10.295409019073	1.06915709513087	0.379606250126253	0.554587298912952	0.549532411977557	1	2	2	1	7
71.9578399099961	23.3487667021756	1.01496799502475	0.544289666277724	0.32242684849747	0.511994403768369	1	2	2	1	7
12.8089539074393	-35.1816926744081	-0.530184406950853	-0.931253317792588	-0.369543491362564	-0.514833621203932	1	2	2	2	8
23.1049586110006	-24.8856879708468	-0.982769221508022	-0.783250142434987	0.34016785459437	-0.420483628103382	1	2	2	2	8
35.5940464637606	-12.3966001180868	-1.05377355066024	0.0738553250139068	0.736085085946526	0.346403951207603	1	2	2	2	8
47.9906465818474	0	-0.713247314421146	0.877345511977665	0.605805826333938	1.17364378896373	1	2	2	2	8
58.1442886397777	10.1536420579303	-0.10482665631308	0.912213796442736	0.0192225233210261	1.40087300424281	1	2	2	2	8
73.6960157580257	25.7053691761783	0.514852700275501	0.147431729405918	-0.708973575460711	0.846700744739664	1	2	2	2	8
11.9495987626114	NaN	-0.539880670538417	-0.877901716509172	-0.644229545528679	-0.669271874206847	1	2	2	2	9
24.5860583703484	NaN	0.150614502737293	-1.14709430513476	-0.107162830280886	-0.3377432352064	1	2	2	2	9
37.0356031306762	NaN	0.933015807203115	-1.13127584141665	0.357027676444869	0.20828830891411	1	2	2	2	9
50.0186674947615	NaN	1.28873138618688	-0.835093846602581	0.614413854587657	0.780824761061805	1	2	2	2	9
58.6827347655527	NaN	0.981985555906534	-0.345567650674312	0.590734713306714	1.18274251651931	1	2	2	2	9
73.8138981059683	NaN	0.21609583225008	0.193478198204963	0.292822152071038	1.27566178050064	1	2	2	2	9
12.6437747961019	NaN	-0.360426815185212	0.0529598924511643	-0.479039760797259	-1.46684590987521	1	1	1	2	10
24.7230476825777	NaN	-0.72047168273599	-0.483260728103077	0.186789631940415	-1.0417069527004	1	1	1	2	10
34.6533840072122	NaN	-0.241874668650683	-0.808241584014573	0.623872461934444	-0.222038945296659	1	1	1	2	10
48.5577618734796	NaN	0.672926703027357	-0.812977067045611	0.632148852083851	0.424008438481468	1	1	1	2	10
58.281888234847	NaN	1.25470406652327	-0.495878793761571	0.207830564822424	0.448629981067004	1	1	1	2	10
72.560256994679	NaN	1.01425871223534	0.0366916163091958	-0.454865060307176	-0.165240643495698	1	1	1	2	10
12.1513402463248	NaN	-0.512201412736766	-0.549178764856052	-0.3735801796047	0.0352806973459897	1	1	2	2	11
22.8337121466121	NaN	0.107548445790331	-1.00527461753179	-0.896043917883404	0.776585936377401	1	1	2	2	11
35.657135348204	NaN	0.773480041116208	-0.775357589170687	-0.930286818459801	1.29209291257097	1	1	2	2	11
48.3250856091056	NaN	1.17047656065554	-0.0189425026701857	-0.45798939196978	1.29799995315138	1	1	2	2	11
60.6208358536618	NaN	1.11068045458974	0.739175156310543	0.268175616706977	0.791055059454622	1	1	2	2	11
72.8002774669157	NaN	0.622387059077537	0.973018669258071	0.859719734657289	0.0503462273374526	1	1	2	2	11
9.3367391037098	NaN	-1.24720657359002	-0.686987673717598	-0.981501996229281	-0.100218395724008	2	2	1	1	12
25.8444198709603	NaN	-1.15228649119164	-0.127080138444143	-0.394377162514381	0.710780079092379	2	2	1	1	12
36.2177870417297	NaN	-0.662308096510287	0.764773176055505	0.308717737237335	1.11705516441248	2	2	1	1	12
48.2679163128978	NaN	0.00414398103032332	1.27844259869343	0.774306259069683	0.839936721019002	2	2	1	1	12
60.8396375488446	NaN	0.549758304886903	1.00492376494537	0.768316764712734	0.069504421504461	2	2	1	1	12
71.791480550981	NaN	0.731130459511646	0.16200342997389	0.293760433976125	-0.665790731544919	2	2	1	1	12
11.4093231043696	NaN	-0.418490876285319	-1.03410299549204	-0.515222092736756	-0.205073342431177	1	1	1	2	13
24.9237459799589	NaN	-1.16305501802834	-0.991498742581183	0.394920423736042	-0.661188540384213	1	1	1	2	13
38.1245318377087	NaN	-1.12500516914451	-0.628666055212807	1.01539458663775	-0.883269735226788	1	1	1	2	13
48.174564892324	NaN	-0.337303929053807	-0.0702357720639037	0.824104640037383	-0.803716419912509	1	1	1	2	13
60.6713944450054	NaN	0.517662800554506	0.491974674328593	-0.0179891775190189	-0.446744262302308	1	1	1	2	13
73.5181107123625	NaN	0.699236997317904	0.864849388164139	-0.802310047641722	0.0789860341480321	1	1	1	2	13
11.2989517662629	NaN	-0.60015566746693	-1.25857911649863	-1.21520629616717	-0.570881998765697	2	2	2	1	14
22.3367388633338	NaN	-0.0574572023119056	-1.4247694778577	-1.47219506716575	-1.00353885903178	2	2	2	1	14
35.0266761412052	NaN	0.638736866139351	-1.27752059199209	-1.37528402336348	-1.19493837959655	2	2	2	1	14
48.9722630768418	NaN	1.15060283931031	-0.862993204691707	-0.959112536206789	-1.08774666268863	2	2	2	1	14
60.5879185018579	NaN	1.2297610425267	-0.311136641111945	-0.372434743133751	-0.714073083091211	2	2	2	1	14
71.4521693302287	NaN	0.837800466279734	0.205048736848776	0.175050345337413	-0.185851896173799	2	2	2	1	14
8.47023180407646	NaN	-0.0609883368208451	0.07311579321864	-0.750338619847901	-1.30422009725771	1	1	2	2	15
25.4758783217849	NaN	-0.837358495030345	0.58307261849003	-0.254782169553537	-0.659333610321164	1	1	2	2	15
35.9496536147368	NaN	-0.822127676070501	0.989576211444603	0.338775315599314	0.0826048957457574	1	1	2	2	15
48.5986107000531	NaN	-0.0288544918326485	1.18480641088955	0.82113692288277	0.492470741341628	1	1	2	2	15
58.6764026060481	NaN	0.836282141287318	1.11698076781657	1.02229627282009	0.333204455590259	1	1	2	2	15
71.4183494529087	NaN	1.00312981898492	0.80408921367001	0.871355573662603	-0.303077036338005	1	1	2	2	15
12.0613775093727	NaN	-0.61485054371143	-0.905498775278307	-0.506201305498995	-0.602227533909328	2	1	2	2	16
23.459188554449	NaN	-0.0853848863073688	-0.966019577188023	-0.760991698877585	-0.223547075452391	2	1	2	2	16
36.5729579859449	NaN	0.684762763367535	-0.665585723439854	-0.568620583316072	0.518010441799164	2	1	2	2	16
46.706699951504	NaN	1.23857098168211	-0.115047555869114	-0.0152144785380409	1.18422430424074	2	1	2	2	16
59.3040666878055	NaN	1.24739860423157	0.482464208705053	0.65146103142278	1.38139785662911	2	1	2	2	16
72.3080053730117	NaN	0.706007138596263	0.906487120637451	1.13292848912548	0.993012106409465	2	1	2	2	16
