age	diseaseAge	x1	x2	x3	x4	z1	z2	z3	z4	id
13.9423821790039	-34.7407250374079	-0.459925794797395	-0.0197672033265157	-0.188761762736882	-0.73440843105549	2	1	1	2	1
23.3569700278094	-25.3261371886024	-1.04812670924156	-0.540069680989149	0.531880280747523	-0.395558199504906	2	1	1	2	1
35.1436796578065	-13.5394275586053	-1.29213501261047	-0.372348195402917	0.919773439084161	0.13720076323637	2	1	1	2	1
48.6831072164118	0	-1.08080844504986	0.364791467995964	0.759264886418938	0.691779196984394	2	1	1	2	1
58.7753970324585	10.0922898160466	-0.510403207523598	1.15007424150805	0.139590852399313	1.08903982005628	2	1	1	2	1
73.1530326615783	24.4699254451665	0.159269348239346	1.42818021596139	-0.594735093522271	1.20066139995152	2	1	1	2	1
12.768824152859	-34.5395160803851	-0.827125253973275	-0.35957778791038	0.144933825882236	-0.198411790600577	2	1	2	2	2
24.198063306458	-23.1102769267861	-0.993452221760129	-0.902279107043951	-0.444907146471781	-0.690597745605573	2	1	2	2	2
34.5695564782976	-12.7387837549465	-0.629974339662019	-0.940344007936701	-0.380180010365229	-0.828501278267386	2	1	2	2	2
47.308340233244	0	0.0686863443926639	-0.452609397959287	0.293958482469255	-0.555039184577562	2	1	2	2	2
59.9737610049606	12.6654207717165	0.728436165191381	0.289756993893776	1.1071970161683	0.0165927950693698	2	1	2	2	2
71.571125494578	24.2627852613339	0.996016045447068	0.874018805587467	1.4921814209876	0.649775741040917	2	1	2	2	2
13.5733892893517	-34.4426757837658	-0.808620680464926	-0.811015370529806	-0.817517297320425	-0.924319626412414	1	1	1	2	3
25.5060237182515	-22.510041354866	-1.00899389248175	-1.32805537243013	-0.186862479268015	-0.802667700733992	1	1	1	2	3
36.5848229344462	-11.4312421386713	-0.864040958690668	-1.25613855520105	0.685249881526178	-0.137169410854343	1	1	1	2	3
48.0160650731175	0	-0.423878870723291	-0.639780444622274	1.12245793690934	0.643636641794478	1	1	1	2	3
59.1904602646784	11.1743951915609	0.159307802938232	0.139501722891194	0.785687432622575	1.03696098520298	1	1	1	2	3
73.4647154232955	25.448650350178	0.683884222079555	0.599342949078749	-0.0638811562915107	0.789527740835177	1	1	1	2	3
12.9145037357802	-35.7883180640127	-0.169433173691898	0.0162834167578289	-0.00311275150454421	-0.596815544115459	1	1	2	1	4
24.2964845978662	-24.4063372019267	-0.591486074450149	0.700312654445355	-0.455719172046564	-0.646567139198102	1	1	2	1	4
36.2037293257315	-12.4990924740614	-0.264070901355863	1.25479961628861	-0.437833094533289	-0.415763947197074	1	1	2	1	4
48.7028217997929	0	0.566973451023403	1.41899366846334	0.0416337507725691	0.0298148277142715	1	1	2	1	4
60.3292620092139	11.626440209421	1.27765933118471	1.11568162811594	0.743787218851959	0.563178666227709	1	1	2	1	4
71.4363437448695	22.7335219450766	1.33436995676436	0.487497699852793	1.31877965272667	1.03231819391439	1	1	2	1	4
10.8629283383337	-38.3231988048559	-0.13052724877059	-1.21370726367779	0.0778271751967137	-0.397690724854036	2	1	1	1	5
22.5496625828991	-26.6364645602906	0.444954101268739	-0.880075375381772	-0.424681568063149	-0.744895300305904	2	1	1	1	5
36.4644180851197	-12.7217090580699	0.98161010521124	-0.408229940957378	-0.692615545151564	-0.81279485007741	2	1	1	1	5
49.1861271431897	0	1.29559573332046	0.0840835200800367	-0.637834519363581	-0.580776173459162	2	1	1	1	5
60.5178418277431	11.3317146845534	1.27934730101541	0.474011844374201	-0.278359395074084	-0.119276372987983	2	1	1	1	5
71.8608418913444	22.6747147481548	0.938431117996076	0.664251318106678	0.267555984405511	0.431600706075449	2	1	1	1	5
11.8812280474532	-37.8453341622066	-0.505893087493337	-1.43663952350391	-0.0421872549308607	-0.340420785670907	1	2	2	1	6
24.2462236928395	-25.4803385168203	0.316749763538723	-1.07711465340677	-0.57963632765546	0.336405849826127	1	2	2	1	6
35.3554346087376	-14.3711276009222	0.638748905822704	-0.489550976015111	-0.644933437007356	0.95343629640804	1	2	2	1	6
49.7265622096598	0	0.221677327804478	0.10066547452131	-0.20364415600387	1.2123675101258	1	2	2	1	6
58.7302098247267	9.0036476150669	-0.625640762955336	0.467131075591084	0.511517637577318	0.988019332280106	1	2	2	1	6
71.5368589197565	21.8102967100967	-1.2758014585375	0.469271738536977	1.12341141169278	0.388852771118636	1	2	2	1	6
11.6055046113457	-37.5543562616808	-1.14248765016956	-0.933434468580921	-0.433952423968194	-0.615847768194598	2	1	1	1	7
24.4573987331493	-24.7024621398772	-0.58620295243615	-0.494664435674361	-0.623472180992077	-1.32189120167586	2	1	1	1	7
35.5504935785344	-13.6093672944921	0.267765574431686	0.126353758165897	-0.452327120017251	-1.30906634395402	2	1	1	1	7
49.1598608730264	0	0.796376837445863	0.683964568957599	0.0177488173171789	-0.587604976611186	2	1	1	1	7
57.9163878832825	8.75652701025604	0.613964938259829	0.957594447625857	0.617193971936402	0.266904828290656	2	1	1	1	7
71.9781276019313	22.8182667289049	-0.146385465475456	0.839003897549192	1.12978175815735	0.572727813085529	2	1	1	1	7
12.3496754012062	-36.0082522055577	-0.645483417681177	-1.08498115503747	-1.05825233550133	-1.13533308268365	1	1	1	1	8
24.2372169474333	-24.1207106593306	-0.764635178215601	-1.05450861832814	-0.415222008825689	-1.37490053892235	1	1	1	1	8
36.0422731430288	-12.3156544637351	-0.477075644182424	-0.673570419146081	0.29016906064833	-0.817594350930562	1	1	1	1	8
48.3579276067639	0	0.0990998733840979	-0.0848605163818481	0.682979416056699	0.0835683365417493	1	1	1	1	8
59.4189034824753	11.0609758757115	0.727266888406271	0.491098845558819	0.5544158173065	0.596059953497598	1	1	1	1	8
73.0433743003297	24.6854466935659	1.14944898125356	0.838561591087108	-0.0271854252899955	0.303291748503545	1	1	1	1	8
10.2978896577983	NaN	-0.100917031946205	-0.68437455007524	-0.468721147399753	0.173586264965882	1	2	1	1	9
25.3694567296047	NaN	0.723032581050282	-0.0899246237894075	-0.917404542486466	0.992272890029636	1	2	1	1	9
37.1553096926188	NaN	1.3271722747495	0.515012047948112	-0.796461041236491	1.16255130121124	1	2	1	1	9
49.2676317384157	NaN	1.29717216395536	0.888551840437962	-0.176711938207687	0.544761237861727	1	2	1	1	9
58.561332864056	NaN	0.653606865086601	0.881335055056853	0.578934190910086	-0.354393480814759	1	2	1	1	9
71.0050929615809	NaN	-0.162154946403958	0.496247319818783	1.02799108981814	-0.79743720242812	1	2	1	1	9
11.2152545955371	NaN	0.235287672187963	-1.3615318864507	-0.835491683397576	-0.555772219375175	2	2	1	2	10
25.4245857921035	NaN	-0.383670168123904	-0.985854308830156	0.0479554117090273	0.301542218364385	2	2	1	2	10
36.6177300422208	NaN	-0.695477285737796	-0.461828757710495	0.510373015939944	1.01237173184737	2	2	1	2	10
49.5086492774718	NaN	-0.558996961563707	0.0567990868997582	0.18700542814415	1.01227485662348	2	2	1	2	10
60.9143558454483	NaN	-0.0360058007082718	0.417867196888451	-0.667074512459479	0.301328517457681	2	2	1	2	10
71.0954725155475	NaN	0.63676889848758	0.515440542978879	-1.37816726518838	-0.555933054568318	2	2	1	2	10
11.839447575769	NaN	-0.576365602463152	-0.786441422532871	-1.29662093296139	-0.237639867704789	2	2	2	2	11
24.9194119991183	NaN	-0.59131892629447	0.0348179605760818	-0.744029046063067	0.38100166424877	2	2	2	2	11
35.5505601932197	NaN	-0.0307968711847172	0.725505972607339	0.160463358112377	0.985088587359596	2	2	2	2	11
47.3505821234613	NaN	0.757001691135616	0.787800482376205	0.676419003578983	1.32218802048251	2	2	2	2	11
60.169287250854	NaN	1.28269268014693	0.176801933101554	0.381465307775219	1.25143450555163	2	2	2	2	11
72.4056430633637	NaN	1.21971444214806	-0.66710473345959	-0.482942179142003	0.802394174429516	2	2	2	2	11
12.1453523932684	NaN	-0.770865321601936	-0.819690280532286	-0.528523572776955	-1.03646544317238	1	2	1	2	12
24.6781214794006	NaN	-0.0429521259282233	-0.7173838860845	0.34979184924094	-1.11954279227353	1	2	1	2	12
35.456556396388	NaN	0.740727339560535	-0.0595003526872644	0.6712938764285	-0.803211908238482	1	2	1	2	12
49.0377385183538	NaN	1.0347049837825	0.727363517802043	0.169710064321653	-0.216235713191205	1	2	1	2	12
60.2252561527025	NaN	0.634362169302173	1.13297514832761	-0.739540907074257	0.402456324055742	1	2	1	2	12
72.470805092223	NaN	-0.181648618509122	0.894320470905635	-1.3034047540807	0.801024757430672	1	2	1	2	12
11.8650934724748	NaN	-0.19538380909172	-1.1477982015548	-1.34290609590959	-0.731737844008887	1	1	1	1	13
25.4166508949886	NaN	-0.497741043113715	-1.06697809260701	-0.986087213354863	-0.135966346872576	1	1	1	1	13
36.8352714495499	NaN	-0.468409458353716	-0.743759163324221	-0.0685026003708188	0.431720219970243	1	1	1	1	13
49.5664758172641	NaN	-0.117421466274222	-0.263871103711284	0.603938144588176	0.758112439961988	1	1	1	1	13
59.8430439888549	NaN	0.435172960245703	0.245401911759289	0.440633955325206	0.720625247931223	1	1	1	1	13
72.5589637885084	NaN	1.00036750926986	0.648981724636169	-0.414985982739066	0.333337931301839	1	1	1	1	13
11.3639121063053	NaN	-0.978828789637383	-0.0846330124895288	-1.41877887451145	-1.06986699007932	1	2	1	2	14
24.2103114687162	NaN	-0.58831310242638	0.50025704957258	-0.932183266193036	-1.25169479302018	1	2	1	2	14
36.3501134867697	NaN	0.109638466692066	1.04175865560238	-0.0810305094776732	-0.709225973052747	1	2	1	2	14
48.7676426826264	NaN	0.750856663490273	1.34858988292504	0.513867365272404	0.153645363246025	1	2	1	2	14
60.7842532187001	NaN	1.00077392933353	1.31236459483218	0.418604981415997	0.694470037900922	1	2	1	2	14
73.772582720763	NaN	0.728991267575531	0.945879138885276	-0.297335381312211	0.51057808953494	1	2	1	2	14
13.2137149741525	NaN	-0.61811805865713	-0.325788911956187	-0.663079101071462	-0.947485043746134	2	2	2	1	15
25.7995706144815	NaN	-0.915353150178633	-0.824465046932901	-0.435441503241357	-0.672819271348761	2	2	2	1	15
35.4594673188315	NaN	-0.726529409870707	-0.476782233957181	-0.00970492475493656	0.0771204371019847	2	2	2	1	15
46.0993664871893	NaN	-0.143742756632357	0.421734158443689	0.502037436018439	0.809178897397456	2	2	2	1	15
57.8929320233768	NaN	0.54876144788574	1.10735817637674	0.965047713321238	1.04195951089065	2	2	2	1	15
73.0654704442296	NaN	1.01322476847563	0.997319308879243	1.25741882779168	0.622387350312297	2	2	2	1	15
12.0412275957117	NaN	-1.19839311207068	-0.826098839826296	-0.546804863931155	-0.504768334358619	1	1	2	2	16
22.479577010004	NaN	-1.20334804451417	-0.237728413879957	0.272567419052388	-1.00061913644782	1	1	2	2	16
36.4616518677295	NaN	-0.972217655217846	0.461367121026387	0.904970877533736	-1.21320850967662	1	1	2	2	16
45.8374887125031	NaN	-0.561164652643746	0.923084729087788	0.91590091036832	-1.06590180059417	1	1	2	2	16
58.9934420512341	NaN	-0.0700714019637323	0.917519779212152	0.297847834467606	-0.611800433933351	1	1	2	2	16
70.9494434061513	NaN	0.381730635695072	0.447443245964595	-0.524543447252629	-0.0145998020699254	1	1	2	2	16
