age	diseaseAge	x1	x2	x3	x4	z1	z2	z3	z4	id
11.9850772080034	-37.4383300511285	-0.476708992400278	-0.663244585345297	-0.126519511622009	-0.127745135026727	1	2	1	2	1
24.1105471340225	-25.3128601251094	0.202502743353226	-0.147687920022276	0.729015202357868	0.773131439523243	1	2	1	2	1
34.7533759565049	-14.670031302627	0.699582277110231	0.476484191597881	1.36694139856329	1.41588340586489	1	2	1	2	1
49.4234072591319	0	0.784456835926825	0.96579468062616	1.3092361972869	1.26557263619072	1	2	1	2	1
58.9178007983978	9.49439353926588	0.417842313793383	1.129373302418	0.599140347462215	0.447297093524406	1	2	1	2	1
74.2211426302932	24.7977353711613	-0.230574118564652	0.903411305147876	-0.23124374624304	-0.357923466852716	1	2	1	2	1
12.2364367563168	-34.0389398897037	-0.969834323589396	-0.585978908229262	-0.655305300769758	-0.564446968366494	2	2	1	1	2
25.7837690335677	-20.4916076124527	-0.64794131400056	-0.160347441910829	-0.0482896454787479	0.210477958143331	2	2	1	1	2
35.9236088407691	-10.3517678052513	0.243493901756356	0.357481892414789	0.821032071127966	0.506382319362168	2	2	1	1	2
46.2753766460204	0	0.947453239552187	0.827635771870794	1.28888296518814	0.121449760567695	2	2	1	1	2
60.1913714540132	13.9159948079928	0.866125507072139	1.12311871546812	0.998032102930069	-0.681783250342664	2	2	1	1	2
72.1675363769412	25.8921597309208	0.0685752455642707	1.16411643221415	0.170560763735459	-1.35548579399061	2	2	1	1	2
12.1013729491107	-36.8001673111803	-0.519938358597795	0.0800758628221361	-0.390953841596648	0.110455681414757	1	1	1	2	3
24.0110914448694	-24.8904488154216	0.0758050480144011	-0.327016362587566	-0.925729461036582	0.923402755147289	1	1	1	2	3
35.1600821706897	-13.7414580896013	0.755439880635049	-0.509037245302598	-1.22882693082878	1.43003143202665	1	1	1	2	3
48.901540260291	0	1.19518807907339	-0.415667479456938	-1.19510151255377	1.29428638246907	1	1	1	2	3
60.4157809988923	11.5142407386014	1.18555358481557	-0.07271894847927	-0.836252578974512	0.60620958287713	1	1	1	2	3
70.5440865888663	21.6425463285753	0.731126271293614	0.425000918014841	-0.276765092895785	-0.177786043007652	1	1	1	2	3
12.9676049013214	-34.5067408584074	-0.914370730336378	-0.923438975699318	-0.457873040423141	-0.772296827455223	1	2	1	2	4
25.0455913751498	-22.428754384579	-0.242902596693833	-0.308146114702833	-0.744739390852189	-0.418500418818499	1	2	1	2	4
35.576593029471	-11.8977527302578	0.617523083573646	0.247037634862973	-0.454341117667198	0.471857773616323	1	2	1	2	4
47.4743457597288	0	1.0013871983842	0.526333847353327	0.245684600070615	1.15613271226206	1	2	1	2	4
61.3559406964688	13.88159493674	0.61177984522378	0.421190899874281	0.95123640423398	1.06357276946103	1	2	1	2	4
70.278055209906	22.8037094501772	-0.249946813039493	-0.0275262152316803	1.25502291242493	0.271381909622837	1	2	1	2	4
10.3294828047961	-37.6159505808649	-0.614679980122184	-0.716925569695854	-0.0389642390853014	-0.857140748851968	2	2	2	1	5
23.4720005235023	-24.4734328621586	0.294041755415071	-0.897996667348433	0.567853863580438	-0.762022635784677	2	2	2	1	5
36.373236407783	-11.572196977878	0.87483522672599	-0.497107382191829	1.04383544152945	-0.237202126022144	2	2	2	1	5
47.9454333856609	0	0.645980888058499	0.24958376440602	1.21320912311871	0.461268306299249	2	2	2	1	5
60.8544683447223	12.9090349590614	-0.20270575212884	0.902210994964445	1.01342827689777	0.99261485569708	2	2	2	1	5
73.8682583786747	25.9228249930138	-0.967310199284078	1.07632032809823	0.5182683492181	1.09760108596823	2	2	2	1	5
11.4707181631741	-36.8282938382226	-0.883213567114281	-1.33696839278257	-0.952991437520907	-0.315326832923649	1	1	1	1	6
24.9046364485642	-23.3943755528325	-0.459195692427432	-1.12114031255342	-0.71480181188063	0.496184658664291	1	1	1	1	6
38.7048435386008	-9.59416846279588	0.0857393578466598	-0.7111555282043	-0.144845275918256	1.2559845709453	1	1	1	1	6
48.2990120013967	0	0.586871618797841	-0.210877020062223	0.508488397746219	1.38112891602206	1	1	1	1	6
58.0564138617946	9.75740186039785	0.892721591359748	0.252957784454199	0.960473282823531	0.77560275311519	1	1	1	1	6
71.8228009801625	23.5237889787657	0.910838630776041	0.56284387780438	1.01413221395411	-0.0960139270756867	1	1	1	1	6
11.7932450732658	-33.9192555817613	-0.657690377267899	-0.462601134747832	-1.35071728118756	-0.55562352080449	2	2	2	2	7
23.9773288209279	-21.7351718340993	-1.00574421761719	0.155715754041099	-0.631728185639849	-0.380417977859793	2	2	2	2	7
36.7637040925092	-8.94879656251795	-0.762251759704479	0.532839887764472	0.213332605704393	0.35099970609534	2	2	2	2	7
45.7125006550272	0	-0.0716412974567924	0.511791518995212	0.525229316057673	1.13083457102792	2	2	2	2	7
60.0757687562856	14.3632681012584	0.656449467467143	0.101332133190452	0.0606498994308062	1.41767748402032	2	2	2	2	7
71.3887474736234	25.6762468185962	0.990151277582184	-0.527682562070073	-0.817985122792995	1.01238452398072	2	2	2	2	7
10.6830589090975	-37.067936865759	-0.855965424094414	-1.17935779952984	-0.88696663255813	-0.469613591158925	2	2	2	1	8
24.7980911564896	-22.9529046183669	-1.12812245047836	-0.368612058912624	-1.32232462975398	-0.11857486405116	2	2	2	1	8
35.6265393790409	-12.1244563958155	-1.01717910700624	0.4710556425262	-0.943387505614055	0.484926594282628	2	2	2	1	8
47.7509957748565	0	-0.566038702196282	0.607733958770254	-0.058911325850108	1.0937970320782	2	2	2	1	8
60.454627674798	12.7036318999415	0.0508365982474935	-0.0777152052173694	0.610437160141075	1.4587444571859	2	2	2	1	8
73.7055130581064	25.9545172832499	0.59489267738652	-0.987807845490451	0.519276167468849	1.43034714539726	2	2	2	1	8
12.9216959586921	NaN	-0.379828461944126	0.0287965992359975	-0.508657000726498	-0.479746832689497	2	1	1	1	9
24.2803100417275	NaN	-0.641049483560688	0.773377995446104	0.098315467426745	0.358423802833932	2	1	1	1	9
34.4906382238607	NaN	-0.150494682358856	1.08011987385983	0.470260546484089	0.872416376255934	2	1	1	1	9
49.8638649018829	NaN	0.71904577290112	0.755272404881477	0.457144063327844	0.700383067370095	2	1	1	1	9
59.75164634311	NaN	1.30677693685113	0.00402159729677437	0.0642569085097732	-0.0365656622291749	2	1	1	1	9
71.6961924959099	NaN	1.16606084109742	-0.699113983950081	-0.549919188487144	-0.819622138660477	2	1	1	1	9
10.5567175641667	NaN	-0.956085230773654	-1.18603965555061	-1.42829346704447	-0.477468514728005	2	1	2	1	10
24.0539761724001	NaN	-0.253744473358981	-0.907931977488898	-1.34226460715291	-0.608716110496435	2	1	2	1	10
35.1465136250602	NaN	0.604393215648434	-0.232281317977249	-0.815596943938484	-0.230787359794863	2	1	2	1	10
49.5855053709044	NaN	0.941125129152987	0.468830294204531	-0.110294496420607	0.460554683175889	2	1	2	1	10
60.6267731429112	NaN	0.490717963150131	0.809299438021925	0.422772369170039	1.10720222805017	2	1	2	1	10
73.3144746491105	NaN	-0.391387709105277	0.601629145944314	0.518416190329299	1.37419875685718	2	1	2	1	10
12.9307768523027	NaN	-0.512918404394437	-0.645403886697992	-0.845321376933018	-0.958739490641554	2	2	2	1	11
22.9851387645733	NaN	-0.487968001351929	0.0241097348271177	-0.263679276550546	-0.423907941711455	2	2	2	1	11
35.6023416939672	NaN	-0.231146897224877	0.693368098882404	0.400137993746798	0.144861579311901	2	2	2	1	11
48.8180064128477	NaN	0.19522041554151	1.01825825856599	0.84598648176748	0.556565280983816	2	2	2	1	11
59.7964501567324	NaN	0.687664533785389	0.831731258985914	0.872276483144203	0.672945107862668	2	2	2	1	11
71.8344561893132	NaN	1.12668075468454	0.229693791712433	0.467121014411176	0.454918466103514	2	2	2	1	11
13.0976239763726	NaN	-1.02403167318372	-1.2288772293792	-0.679988968672005	-1.31830684586141	2	1	2	2	12
24.6076788337046	NaN	-0.130554858831854	-1.4883048637921	-0.183981671197837	-1.32859956635028	2	1	2	2	12
35.2496421893541	NaN	0.507815397089749	-1.34615570927323	0.404092001403698	-0.966732305394762	2	1	2	2	12
48.0668145115961	NaN	0.369625308452865	-0.859786026896743	0.880682852618317	-0.373714481873587	2	1	2	2	12
60.1848039189179	NaN	-0.432244325149068	-0.225442826188452	1.08082909389725	0.219371660247216	2	1	2	2	12
69.7780103014145	NaN	-1.24278498390442	0.300920529262542	0.935254359887403	0.581417255178998	2	1	2	2	12
12.0970244171931	NaN	-0.775731756020293	-0.214283694553433	-1.13872030559559	-0.223604277627253	1	2	1	1	13
23.5813891719722	NaN	-0.187499254883808	0.45079464590134	-0.74958963620872	0.63517088119051	1	2	1	1	13
33.2576313358802	NaN	0.32011562709374	0.915302958139979	-0.265155416764537	1.32024461158871	1	2	1	1	13
49.8540824021755	NaN	0.570724003537653	0.970710322222913	0.197966352264319	1.2981867289158	1	2	1	1	13
60.0495387538877	NaN	0.477243060278059	0.592142805221027	0.528290135240158	0.586172523808588	1	2	1	1	13
73.1300371691529	NaN	0.0721560834916337	-0.0504499267355174	0.646298348793596	-0.261390715798967	1	2	1	1	13
12.4486368315582	NaN	-0.735271625669409	-1.11604381934591	-1.26437152257029	-0.642679587158059	1	1	1	2	14
23.9939764131644	NaN	-0.515956249784485	-0.880484492880558	-0.83595711387581	-0.764786929260615	1	1	1	2	14
37.0473906402508	NaN	0.288285965154391	-0.464711609214837	0.0850378875430886	-0.191848303760945	1	1	1	2	14
48.5221714355308	NaN	1.05890004347997	0.0292625721447146	0.704912816497891	0.659732318620394	1	1	1	2	14
58.7642220649031	NaN	1.20319492320447	0.48023865518627	0.489468092440242	1.17103776810973	1	1	1	2	14
71.984576482966	NaN	0.610191207625027	0.777567073711888	-0.375629022014461	0.970458224837211	1	1	1	2	14
13.5448350184932	NaN	-1.20927437174924	-0.933850486976491	-0.936640654398434	-0.231896694131039	2	2	2	1	15
25.7020407487614	NaN	-0.833046723492668	-0.682368833386162	-0.786008365590772	0.556307246930414	2	2	2	1	15
34.0666048650371	NaN	0.0801710213011594	-0.175336985990691	-0.0393247908790701	0.929643034812407	2	2	2	1	15
47.4973987659719	NaN	0.741406701424405	0.411744202951585	0.756963210413697	0.640321873480434	2	2	2	1	15
59.9079856371205	NaN	0.579387423212098	0.875666099636949	1.02010667720183	-0.119629261456042	2	2	2	1	15
73.2707417073569	NaN	-0.265910667649546	1.05584966220083	0.557528826162805	-0.845818927003387	2	2	2	1	15
11.2207222059787	NaN	-1.28490159867953	-0.218637303964185	-0.474668432765863	-0.416317688173489	1	2	2	2	16
24.478079598312	NaN	-0.88663236374076	-0.934442169349719	-0.955282796008517	-0.976897905400901	1	2	2	2	16
36.670333949598	NaN	0.00604960039818042	-0.878695642047646	-1.26346951310118	-1.22836137395806	1	2	2	2	16
50.1633872852291	NaN	0.659523228672316	-0.0984281636105882	-1.31444311389519	-1.0664868618593	1	2	2	2	16
60.4208094614666	NaN	0.536752893136851	0.748089234275503	-1.09418021428995	-0.5583646752028	1	2	2	2	16
70.1669334654361	NaN	-0.261366677814334	0.946693913481992	-0.663277499553132	0.0854095054680555	1	2	2	2	16
