age	diseaseAge	x1	x2	x3	x4	z1	z2	z3	z4	id
10.9767081947585	-37.2582293654366	-0.254307693476245	-1.02899841010631	-0.204368684336815	-1.21062958222137	1	2	1	2	1
23.7800998561972	-24.4548377039979	0.435626982382359	-0.694481353323859	-0.544256509846417	-0.467424147315138	1	2	1	2	1
37.2032008384414	-11.0317367217538	0.769120104437879	0.213038342902991	-0.615291831393563	0.272477530819074	1	2	1	2	1
48.2349375601951	0	0.56658041702821	0.90383774547705	-0.396690546729918	0.522047529162378	1	2	1	2	1
59.8113707663369	11.5764332061418	-0.062921294341042	0.776783752107827	0.047587171189554	0.117010564210251	1	2	1	2	1
71.7051016748543	23.4701641146592	-0.780388524766163	-0.0575613510940615	0.587550870927716	-0.676024546114433	1	2	1	2	1
12.6190443392237	-35.4158004310314	-0.370805574960885	-0.407166982155484	-0.906471588770481	-0.730754004384758	2	2	2	1	2
26.3946067712244	-21.6402379990307	0.432500339245751	0.386849474251437	-0.450085056151195	-0.890227871408712	2	2	2	1	2
36.5629910284615	-11.4718537417936	1.22542511531975	1.18976042993023	0.317367692377775	-0.780010044280087	2	2	2	1	2
48.0348447702551	0	1.37745807132425	1.36241156127856	0.934205229056632	-0.429861222582715	2	2	2	1	2
58.8736353237126	10.8387905534575	0.767707029766835	0.767364567952346	1.02935267640844	0.0656724194061082	2	2	2	1	2
72.3406793531071	24.305834582852	-0.118971744767572	-0.121695571856152	0.545571579785287	0.572788317826174	2	2	2	1	2
12.5044601770664	-36.3235524624765	-0.489090228555508	0.101859668151209	-0.239216055923362	-0.56772643205389	2	2	1	1	3
24.5472209035496	-24.2807917359932	-0.778002973866063	0.840281397843019	0.442838960547586	-0.210638779610673	2	2	1	1	3
37.5032969894479	-11.3247156500949	-0.578307734513966	1.2071390816822	0.98099895433782	0.40308329493014	2	2	1	1	3
48.8280126395429	0	0.012196126612677	0.985346216361819	1.12462068841373	1.01564221809466	2	2	1	1	3
62.7245570174434	13.8965443779005	0.704313425950544	0.306147804267957	0.806813615814307	1.36972900499794	2	2	1	1	3
72.2603459801767	23.4323333406338	1.15908450107257	-0.428543328922489	0.175593557759325	1.31660741451466	2	2	1	1	3
12.4303146227342	-36.0363552169131	-0.191640884683845	0.378592978470506	-0.757043395796996	-0.893534336294536	2	2	1	1	4
23.6814369991448	-24.7852328405026	0.50340066250343	-0.212050278161955	-0.696879096694004	0.00284276059360095	2	2	1	1	4
36.3923803133389	-12.0742895263084	1.06466286521185	-0.499116862473344	-0.353383251441853	0.562376822556534	2	2	1	1	4
48.4666698396473	0	1.21938949664841	-0.35914538848885	0.16825021874632	0.334999200783489	2	2	1	1	4
60.2081126901554	11.7414428505081	0.892388156592004	0.147665314950072	0.70827361699567	-0.496395896923076	2	2	1	1	4
71.7706343776984	23.3039645380511	0.242571473114938	0.803346472329077	1.10130742098041	-1.263064789544	2	2	1	1	4
11.4316160911095	-35.5097066612284	-0.104930743325645	-0.520841248332322	-0.621577659343068	-0.627624053408819	2	1	2	1	5
22.7895671777352	-24.1517555746027	-0.638610600788451	0.141715176810827	-0.910589334137474	-0.926462253677105	2	1	2	1	5
36.0571723546799	-10.884150397658	-0.6283351492454	0.779737123040609	-0.871682224739863	-0.349007601082779	2	1	2	1	5
46.9413227523379	0	-0.0801211708822993	1.08565161712163	-0.51795119149099	0.591465111032303	2	1	2	1	5
60.457747154361	13.5164244020231	0.685025090905429	0.911985627669472	0.031549470640895	1.05900983082527	2	1	2	1	5
71.8739245397859	24.932601787448	1.21907287287839	0.342458790099969	0.591875813385719	0.638046012963844	2	1	2	1	5
12.5612973338604	-23.9727409384317	-0.17874919355958	-1.02113390218707	-1.18411557173317	-0.62269674530397	1	1	1	2	6
22.7257108264598	-13.8083274458324	-0.791935016054918	-0.183045206825792	-0.84795445531804	0.189158989655204	1	1	1	2	6
36.5340382722922	0	-0.923913761607718	0.592469837163206	-0.373067712434015	0.988680459823908	1	1	1	2	6
47.0057391413504	10.4717008690582	-0.499605410061463	0.665803909838025	0.120920513429851	1.12380027427051	1	1	1	2	6
59.7753815861717	23.2413433138795	0.239609659847585	-0.0235253869798424	0.509574408265002	0.484318484454837	1	1	1	2	6
74.1998063026004	37.6657680303083	0.873207051434888	-0.906992571402559	0.694991914412408	-0.408221414180267	1	1	1	2	6
11.7537262243076	-36.7777990485233	-1.01333106025952	-0.979292837808035	-0.857740515317316	0.0727114402772955	1	2	2	2	7
24.0432765666081	-24.4882487062228	-1.47205239065372	-0.527485356654726	-0.445656386720658	-0.5788440169923	1	2	2	2	7
33.8210422398353	-14.7104830329956	-1.32723888710964	0.359252977663378	0.474380561031473	-0.628615452858924	1	2	2	2	7
48.5315252728309	0	-0.668425826504212	0.974405281253524	1.10706925099142	-0.0427378121900521	1	2	2	2	7
62.7306463282831	14.1991210554522	0.0970559252707204	0.827843325943226	0.905499042529869	0.780151046638427	1	2	2	2	7
72.6191233247687	24.0875980519377	0.495924395801999	0.0363416910594123	0.0439118552368055	1.28014811727478	1	2	2	2	7
11.3093830811294	-36.8496144194804	-1.18070081019212	-0.492223372866473	-0.211917869931215	-0.742379599864009	2	2	2	1	8
23.6032634028106	-24.5557340977992	-1.05625590082403	0.341902329515673	0.577932263931319	-1.23216109897661	2	2	2	1	8
36.4304905356822	-11.7285069649276	-0.633198687790125	1.14910646294116	1.13245029481645	-1.47208333640484	2	2	2	1	8
48.1589975006099	0	-0.0563789400584273	1.23653203348634	1.10556215849686	-1.38230233311335	2	2	2	1	8
60.9683240957727	12.8093265951628	0.476707106351493	0.529138025512519	0.514048709872373	-0.992696405599247	2	2	2	1	8
71.7723827707983	23.6133852701884	0.783537115728123	-0.365889763003222	-0.272927189240176	-0.432922928860117	2	2	2	1	8
11.1529172866659	NaN	-0.69762890775474	-0.442174975007723	0.0989200969226518	-0.668647067403488	2	1	1	2	9
22.8906825771734	NaN	0.190250733123503	0.128756337201198	0.574512959913107	-1.19182180704232	2	1	1	2	9
36.7315933185287	NaN	0.789796716881746	0.690989167520154	0.936172002895228	-0.983782326416292	2	1	1	2	9
48.8493921832954	NaN	0.624447670614506	1.04648985965216	1.09693878686182	-0.199858431283299	2	1	1	2	9
60.5451009934286	NaN	-0.174365338450014	1.07004142504271	1.01815804008882	0.574643925882815	2	1	1	2	9
72.5659243731618	NaN	-0.971689471651734	0.753348363403864	0.718772053377834	0.761453253845716	2	1	1	2	9
10.3144252228524	NaN	-0.716298957553527	-0.652143036316699	-0.15330851160698	-1.18499394422148	2	1	1	1	10
23.7790803786679	NaN	-0.452542934563456	0.10932252765044	0.51198066957441	-0.965577323803813	2	1	1	1	10
35.4013464612196	NaN	0.247487148064264	0.760590555142366	1.15628524394023	-0.155669276686305	2	1	1	1	10
47.309447088745	NaN	0.968381384161653	0.905415686342207	1.46425980128791	0.615165036098145	2	1	1	1	10
58.7322228337429	NaN	1.28234871959267	0.455683222231489	1.28517071813767	0.747733607524796	2	1	1	1	10
71.3144860911417	NaN	1.00307553071756	-0.314980012993987	0.706670515728251	0.138987018199484	2	1	1	1	10
12.7410555266296	NaN	-0.676671663015918	-0.111749369171602	-1.01397087251816	-0.711202150351195	1	1	1	2	11
24.106789580582	NaN	-0.423936719978836	0.653152521943286	-0.667488649750594	-0.576131850881042	1	1	1	2	11
38.194572225004	NaN	0.352796869033583	1.21053957921024	0.0867643905336045	0.224400981313486	1	1	1	2	11
49.0493690518191	NaN	1.10266320151154	1.23399671596764	0.777356529316606	1.03634012970835	1	1	1	2	11
59.9933148752644	NaN	1.29385085608031	0.709787044665486	0.97264610028972	1.1963101197573	1	1	1	2	11
72.8092194713892	NaN	0.790767962666824	-0.0551035744109815	0.550571019201463	0.57361129463054	1	1	1	2	11
10.4031711941437	NaN	0.257919881565985	-0.215094650344355	-0.713696305359079	-0.646881408571651	1	1	1	1	12
24.4795739131898	NaN	1.08255269092919	-0.532363763916832	-1.12119759656619	-0.475089223297647	1	1	1	1	12
34.6857943656401	NaN	1.43611323786617	-0.595812267060746	-1.16831732137861	0.0666178440622551	1	1	1	1	12
46.7284620653064	NaN	1.06091634255186	-0.388054288149931	-0.836672001404579	0.735303382686984	1	1	1	1	12
60.4602464632886	NaN	0.230416382960471	0.03398127186956	-0.25565107170007	1.23108564003976	1	1	1	1	12
71.4876645800064	NaN	-0.450094185949282	0.554650139222925	0.34806363228477	1.33162385409757	1	1	1	1	12
11.8143344909009	NaN	-0.386948362011859	-0.473826122737543	-1.0967397955627	-0.631617197310739	2	1	2	1	13
24.8090123720245	NaN	0.370941212686207	-0.0430875414975347	-0.764821464437044	-0.0571720591382257	2	1	2	1	13
34.9026399843354	NaN	1.20850973194021	0.467135735016914	0.149905182809821	0.862419648867133	2	1	2	1	13
49.4557159039069	NaN	1.45195946055332	0.923670503095605	0.839544209363515	1.34671161450776	2	1	2	1	13
60.8721831779048	NaN	0.905442689349581	1.20735677833824	0.694999368713372	0.98469112929484	2	1	2	1	13
72.8053413751817	NaN	0.00861510525970666	1.24414970261767	-0.156065856503244	0.0836005815239741	2	1	2	1	13
10.7959282748629	NaN	-0.288091299874133	-1.07423774326606	-1.08037688817628	-1.00412993475697	2	1	1	1	14
26.0826772722362	NaN	-1.08749058523788	-0.349770069832204	-0.437282756727444	-0.17682749970254	2	1	1	1	14
38.9509972681513	NaN	-1.22950642882714	0.343115660225529	0.19959209430671	0.564300559983841	2	1	1	1	14
46.7610206733765	NaN	-0.598984180996765	0.594942353310453	0.535170545421872	0.647396432372697	2	1	1	1	14
59.6869780215529	NaN	0.292812297071836	0.256887111358428	0.413972249793248	0.00834296099747822	2	1	1	1	14
72.0418422596814	NaN	0.722762905597513	-0.471268381660657	-0.107849148099632	-0.859763262978861	2	1	1	1	14
12.3055222879305	NaN	-1.17164307953062	-0.533254295619028	-0.669498487857387	-0.972897866665683	1	1	1	1	15
23.4802226904618	NaN	-1.07423105457788	0.244284755571698	-1.12164583625773	-0.639361525094224	1	1	1	1	15
35.5872816673804	NaN	-0.540544844071805	0.943403699043738	-1.17949758953947	0.27751546871351	1	1	1	1	15
47.1663516967084	NaN	0.164275922267802	1.1008323700269	-0.818036893770621	0.965258698873299	1	1	1	1	15
59.9009424738445	NaN	0.690070582000561	0.612250885578644	-0.193570324210263	0.814436602617005	1	1	1	1	15
70.9742999934881	NaN	0.77562009171519	-0.198582934666074	0.42386382177116	-0.0413024731278638	1	1	1	1	15
12.2138800978433	NaN	-1.18267144523042	-1.39022864041778	0.150550466344881	-0.119921694014891	2	1	2	2	16
25.6399338332585	NaN	-1.34718294015508	-1.32653571607846	0.802499087757527	-0.659119890421907	2	1	2	2	16
36.9107955915667	NaN	-0.940179128625061	-0.650195840337143	1.15914698062848	-0.869622970206508	2	1	2	2	16
48.0792953275792	NaN	-0.197794372217395	0.164505318633678	1.05185879246341	-0.663790344484574	2	1	2	2	16
59.5418186310025	NaN	0.44925656539078	0.546255766077149	0.531364057324767	-0.127318111138825	2	1	2	2	16
72.1287624744561	NaN	0.625569435562202	0.227351685413743	-0.156229467287534	0.516439551362137	2	1	2	2	16
