age	diseaseAge	x1	x2	x3	x4	z1	z2	z3	z4	id
11.246022126568	-36.50433975296	-0.363663363788737	-0.527248732121404	-0.240446516874294	-0.598130504513885	2	2	1	1	1
25.3286695795112	-22.4216923000168	0.260009768663986	-1.21804897315734	0.645094972484972	-0.066546417931909	2	2	1	1	1
35.2291413268315	-12.5212205526965	0.812487413581737	-1.14302991127411	1.3750807128271	0.792746213521475	2	2	1	1	1
47.750361879528	0	1.07461123449857	-0.364301138565101	1.32236534563658	1.34510563695222	2	2	1	1	1
58.9953574549405	11.2449955754124	0.942401240425381	0.473414187812336	0.532237697843774	1.18257961364424	2	2	1	1	1
72.6708553067272	24.9204934271992	0.468302851791019	0.676556912284286	-0.316487755742844	0.425203852676793	2	2	1	1	1
10.6859845202758	-37.1939037174862	-0.0240725262691651	-1.15477024549809	-1.31827051933962	-1.39584009267694	2	2	2	1	2
25.6016782671669	-22.2782099705951	0.629907553991467	-0.667154473502842	-1.24543844148488	-1.25566297857328	2	2	2	1	2
36.2145009418665	-11.6653872958955	1.11485244980882	0.0826015008978869	-0.645362584942763	-0.670571094660559	2	2	2	1	2
47.879888237762	0	1.22232984050714	0.66925711088769	0.123125769911044	0.051066364678348	2	2	2	1	2
58.6382926965053	10.7584044587433	0.906145277693129	0.760077743291275	0.600488620806238	0.528914672383633	2	2	2	1	2
73.6206071429745	25.7407189052125	0.302196845370945	0.303552481863136	0.501274185067254	0.511126722494952	2	2	2	1	2
10.2541147810033	-35.8573208758035	-0.576212218714115	-0.467049378854005	-0.964053940377282	-1.06252236996348	2	1	1	2	3
23.5050781298978	-22.6063575269089	-0.154940923543811	-1.19096607081059	-0.492538426286982	-0.42949354715996	2	1	1	2	3
33.5848420906683	-12.5265935661384	0.340070222499219	-1.44815630975235	0.39108362626066	0.325849808423511	2	1	1	2	3
46.1114356568067	0	0.787167796025325	-1.07634471116909	0.991120474554942	0.757313187431028	2	1	1	2	3
57.7411498408116	11.6297141840049	1.07647356329484	-0.310127542686297	0.835152174484091	0.610023638008017	2	1	1	2	3
70.552285938455	24.4408502816483	1.13688804043544	0.367046888538461	0.0459754106386239	-0.0290123311468552	2	1	1	2	3
12.078646049226	-36.7243346284172	-0.897973278599788	-0.505240092637985	-0.24276493974195	-0.867661821455541	2	2	1	1	4
23.4404371075208	-25.3625435701223	-1.24699800164435	-1.28180274098987	0.329352168977414	-1.38453595561702	2	2	1	1	4
34.608380049414	-14.1946006282292	-1.04896090833582	-1.4492588042685	0.950087116166434	-1.19443138053203	2	2	1	1	4
48.8029806776431	0	-0.412856883138093	-0.87999451746046	1.37035147435116	-0.434881311672499	2	2	1	1	4
58.8442932604817	10.0413125828386	0.311217616890541	-0.00783089310426366	1.42150162425797	0.344609520549536	2	2	1	1	4
69.8460646924183	21.0430840147751	0.72474928722024	0.502579612312777	1.08301204132433	0.580110024320762	2	2	1	1	4
8.7579847446362	-40.3950684047886	-0.466036907450909	0.163318957300754	-0.709001975305323	-0.320788660009454	1	1	2	2	5
23.0063132206195	-26.1467399288053	0.17465000249753	-0.337588821426129	-0.891936779109766	0.25100141626517	1	1	2	2	5
37.3116064634225	-11.8414466860023	0.703092481051835	-0.551309798043685	-0.606071469824007	0.727257681438439	1	1	2	2	5
49.1530531494248	0	0.901826690811799	-0.39963873066422	0.0141505518160438	0.952264339465102	1	1	2	2	5
59.2945365885968	10.141483439172	0.689069834914965	0.0619245757820213	0.677036817042732	0.852453663404376	1	1	2	2	5
72.831387942255	23.6783347928302	0.152375288031559	0.664483878172835	1.07082972217594	0.460459552299996	1	1	2	2	5
11.3004513376898	-36.2213825802138	-0.244565023796702	-1.0835099362061	-1.0972625388781	-0.815126472475163	1	2	1	1	6
22.4221263861553	-25.0997075317483	-0.820340485335045	-0.453377110749548	-0.318078517679897	-0.872045396434822	1	2	1	1	6
37.1630758229973	-10.3587580949063	-0.734799617592734	0.452963947296649	0.54765742329268	-0.304090303926299	1	2	1	1	6
47.5218339179036	0	-0.0477112600858355	0.876373090434307	0.743129101328184	0.510902806450164	1	2	1	1	6
60.6992573752943	13.1774234573907	0.760844423667803	0.462208016496843	0.0974574732938564	1.03075420997137	1	2	1	1	6
72.2544844014053	24.7326504835017	1.12591601129477	-0.442631691266968	-0.824918913572599	0.909629215190798	1	2	1	1	6
12.3039150397408	-35.5335997157526	-0.584935464379012	-0.32398374845358	-1.34521342540434	-0.389943514019616	2	2	2	2	7
23.5922446501397	-24.2452701053537	-0.536660169981406	0.390391024317156	-1.23305288281682	0.403697899417414	2	2	2	2	7
35.5231366801582	-12.3143780753352	0.0337714508490988	1.04565446090768	-0.58250760668311	0.809426603008018	2	2	2	2	7
47.8375147554934	0	0.79486329093076	1.28133901264335	0.195527917700973	0.559901819620378	2	2	2	2	7
59.7165976224599	11.8790828669665	1.30432047567802	0.967792042309005	0.609634387080129	-0.180460798330113	2	2	2	2	7
70.7518492083217	22.9143344528282	1.26608109801497	0.277499151083401	0.398255733282647	-0.923825128107735	2	2	2	2	7
13.8732269419019	-35.104187884478	-0.372820784970633	-0.439710530831771	-0.919092384986631	-0.362068347090478	2	1	1	2	8
24.1159598619517	-24.8614549644281	-0.790273691531477	-1.030490339356	-0.42210304539589	0.0877245354438327	2	1	1	2	8
36.0329614536162	-12.9444533727636	-0.806156378716765	-1.17759735341882	0.112988381869886	0.688183283829556	2	1	1	2	8
48.9774148263799	0	-0.413659618479666	-0.803214325071469	0.529798472035358	1.2197873687933	2	1	1	2	8
60.0500014518463	11.0725866254664	0.218945318901803	-0.105383863840888	0.706512174326747	1.48818870162979	2	1	1	2	8
72.1741604339381	23.1967456075583	0.820447949211108	0.546752923210562	0.591483933310157	1.39526296855334	2	1	1	2	8
12.4280502872645	NaN	-1.11074318089346	-0.308401990922447	-1.37217801697032	-1.44010837586311	1	2	1	2	9
24.4407293950463	NaN	-0.898805706600617	-0.448802406978011	-1.06892949686551	-1.24195771579186	1	2	1	2	9
37.5968860237794	NaN	-0.237146821518044	0.22100388712415	-0.591170646785745	-0.78405595231146	1	2	1	2	9
48.4288320343787	NaN	0.493967155872166	1.12765990461711	-0.0701067061123853	-0.215141074974019	1	2	1	2	9
59.5669814038587	NaN	0.874352915346223	1.49506430575358	0.351164360443661	0.279989080024597	1	2	1	2	9
70.7664848511471	NaN	0.685396461657673	1.00871738783535	0.556950355610286	0.54050380685491	1	2	1	2	9
11.4709940910308	NaN	-0.15273919312442	-0.311651942032891	-0.307944482064142	-0.790583551147034	1	1	1	1	10
22.2104071712413	NaN	0.431850825964673	0.226934340635398	0.204456038214296	-0.384084921536807	1	1	1	1	10
35.4184560740853	NaN	0.811821154356464	0.820372189526206	0.588629560065983	0.233046191040748	1	1	1	1	10
47.1404887637591	NaN	0.846748166669868	1.2547600394889	0.738733804175917	0.812937297627069	1	1	1	1	10
59.8666824923308	NaN	0.523724071621453	1.37352506463597	0.613414084633224	1.12267346493653	1	1	1	1	10
71.8566015188692	NaN	-0.0378728237927374	1.13385903355516	0.247196791220268	1.03784826920155	1	1	1	1	10
12.3709767051224	NaN	-0.651912359275692	-0.629293516509078	-0.147832376638752	-0.556921006770372	1	2	2	2	11
22.4874303984288	NaN	-0.0542300756741257	0.0212674333770369	-0.555283719122748	0.277709815951816	1	2	2	2	11
36.0600903909948	NaN	0.449452372626138	0.781527582963474	-0.239274925978339	0.823351890141114	1	2	2	2	11
47.801612120364	NaN	0.678949907582909	1.19049576274834	0.571170497573831	0.699903446478236	1	2	2	2	11
60.937812264481	NaN	0.552163120359877	1.0001901212685	1.28869214980239	-0.00663963224920683	1	2	2	2	11
72.0865692780223	NaN	0.114448142042401	0.326004343536016	1.39327499495485	-0.804089725202748	1	2	2	2	11
12.5782818441019	NaN	-0.731393548920654	-1.01748875131265	0.0808585455187803	-1.03827364330974	2	2	2	2	12
25.3123649854379	NaN	-0.694631147868127	-0.3063147896289	-0.524205826493548	-0.867149642238931	2	2	2	2	12
36.1854962181915	NaN	0.076626376695434	0.397801117510067	-0.441389430286194	-0.467166475191544	2	2	2	2	12
48.1555750674216	NaN	0.930492205194828	0.681566831687291	0.26878060688319	0.0509546141356931	2	2	2	2	12
61.0507794129034	NaN	1.1452568417008	0.378421510245119	1.08726996110247	0.543790061648103	2	2	2	2	12
70.4951074809791	NaN	0.539395657421784	-0.333698832476117	1.41587813620632	0.874915742077578	2	2	2	2	12
12.4525972902841	NaN	-0.697552102890198	-0.289470820970424	-1.28841877423281	-1.2473825989974	1	2	1	1	13
22.9158717605793	NaN	-1.32997056361884	0.164081598412471	-1.39199949968973	-1.3068867447646	1	2	1	1	13
35.3518797194242	NaN	-1.34300769029967	0.70530435813561	-0.872295258340905	-1.0980898640631	1	2	1	1	13
48.2307576076662	NaN	-0.72772774886285	1.1755230330506	-0.0669383776543084	-0.67763989320049	1	2	1	1	13
60.6302909243059	NaN	0.0941522620167096	1.43688000982582	0.500861023162947	-0.159607612783941	1	2	1	1	13
73.6986647608879	NaN	0.559310270357197	1.41275126017847	0.462224997809525	0.315461488538793	1	2	1	1	13
12.1806370658828	NaN	-0.116898102758491	-1.05581880476093	-0.322319643250925	-1.08996616228733	2	2	2	2	14
23.4941581622749	NaN	0.465898901586256	-1.27807719048923	0.36942025062005	-1.11735664673213	2	2	2	2	14
35.4354336960129	NaN	1.04834648559609	-0.998651950563031	0.813077939879279	-0.368736249922349	2	2	2	2	14
47.3560281415104	NaN	1.41230971913403	-0.357856747078316	0.790152538276742	0.509576064876681	2	2	2	2	14
59.2357117416858	NaN	1.42147917848566	0.322532471313181	0.31193477893634	0.759292242539576	2	2	2	2	14
72.7453438205758	NaN	1.07242077030083	0.700857582001071	-0.38605365832873	0.164820640432167	2	2	2	2	14
12.6571031660845	NaN	-0.945286959743551	-1.16537373972872	-1.08170981524033	-0.155771565702665	2	1	2	1	15
22.9577304605055	NaN	-1.24650614922479	-0.290401465898263	-0.574128211427931	-0.690482945183645	2	1	2	1	15
37.6298864853348	NaN	-0.773051885407236	0.448248415617931	0.202420379781475	-0.388322817531459	2	1	2	1	15
47.2962472979746	NaN	0.106116482141648	0.42421428283176	0.777912669201518	0.495236277051838	2	1	2	1	15
60.0235535705084	NaN	0.705869651943827	-0.342123358185181	0.804019161631733	1.21315637539842	2	1	2	1	15
70.7386391203012	NaN	0.558824486192127	-1.20092417058396	0.264938322461058	1.15844517640021	2	1	2	1	15
12.306742250439	NaN	-1.07282884884963	-0.649014920773946	-0.433882471710577	-1.05206645410564	1	2	2	1	16
23.0640768609145	NaN	-1.2505581232509	0.119973000700862	0.459408193924339	-1.29395544957883	1	2	2	1	16
35.4628680633994	NaN	-0.825435690352274	0.632724323643443	0.79090581367674	-1.06960442290927	1	2	2	1	16
48.9553826505812	NaN	-0.0576159085823774	0.585216552460814	0.279473288854422	-0.483624566131493	1	2	2	1	16
60.5837861330623	NaN	0.583032668303147	0.0056181784054517	-0.641152763330197	0.190751355851546	1	2	2	1	16
71.916021342238	NaN	0.704464110473043	-0.762413091096938	-1.19020614164479	0.639072947491037	1	2	2	1	16
