age	diseaseAge	x1	x2	x3	x4	z1	z2	z3	z4	id
12.5887488086629	-36.6378363980937	-0.378331137743387	-0.576498874285779	-0.70599768118695	-0.0178967401084328	2	1	2	2	1
24.7034384552017	-24.5231467515549	0.160051903548823	-0.0434802041076295	-0.326994471637026	-0.725912999080706	2	1	2	2	1
34.4679853629266	-14.75859984383	0.545395928803511	0.532374360760943	0.25726276371391	-0.834527060380262	2	1	2	2	1
49.2265852067566	0	0.659289563566535	0.954431000921041	0.83084691284413	-0.266706245963198	2	1	2	2	1
60.3834130276646	11.156827820908	0.466734725734625	1.07857240929481	1.18177537403415	0.574832176624618	2	1	2	2	1
73.1030382366829	23.8764530299263	0.0269010961933265	0.862408717392351	1.18035361452311	1.09324137564569	2	1	2	2	1
11.1993087403775	-37.1337653662516	-1.31990408092857	-0.567352493634938	-1.02427937340181	-1.10220267080856	1	2	2	2	2
24.2448350163218	-24.0882390903074	-1.45910201334229	0.265470840180005	-0.457715992332637	-1.20007889181664	1	2	2	2	2
35.2782276777619	-13.0548464288673	-1.33576092376549	0.901205310276164	0.333399676593198	-0.990305153226495	1	2	2	2	2
48.3330741066292	0	-0.982266810445296	0.888312674107363	0.853115743847726	-0.537775161956128	1	2	2	2	2
60.0758383654176	11.7427642587884	-0.491437563783267	0.235950085408818	0.775621236778997	0.0175204958397629	1	2	2	2	2
72.346466614271	24.0133925076418	0.00784847424578955	-0.592533887101368	0.149497606517866	0.503800576655564	1	2	2	2	2
11.047323254677	-48.5861670520143	-0.798804180920234	-0.999575263404564	-1.18103134265773	-0.330400756786054	2	1	1	1	3
24.0486114546809	-35.5848788520104	-0.594033968885567	-0.490907417133038	-1.11616710130183	-0.488942906423841	2	1	1	1	3
38.5844065579318	-21.0490837487595	0.152601523554808	0.0520832612284613	-0.688288605476403	0.0111530814803351	2	1	1	1	3
46.9696876372423	-12.663802669449	0.921528477586096	0.464844039644589	-0.0678117933669382	0.831611210397778	2	1	1	1	3
59.6334903066913	0	1.17766073946833	0.622288215024301	0.498139118480005	1.41745543996321	2	1	1	1	3
72.3670388337629	12.7335485270716	0.742759237023399	0.476702501975735	0.784156551627297	1.37240776483338	2	1	1	1	3
13.5101715282734	-34.9504266822288	-0.721364467553143	-0.277000268873023	-0.626025129689197	-0.782970932834717	2	2	1	1	4
24.693559882648	-23.7670383278543	-1.30141128891453	-0.67802676695818	-0.176828077482484	-1.07793847681242	2	2	1	1	4
36.2388309715568	-12.2217672389455	-1.17882459142743	-0.537997176364277	0.322652399092072	-0.87695677503072	2	2	1	1	4
48.4605982105023	0	-0.443756556075391	0.0659291876699835	0.747489517158976	-0.279956291076229	2	2	1	1	4
60.7448470700152	12.284248859513	0.363212249129694	0.800975913345884	0.99142580141074	0.416227319893739	2	2	1	1	4
72.5666135175052	24.1060153070029	0.648624301746751	1.26211645033891	0.993449507350026	0.865443386604671	2	2	1	1	4
11.8126982064562	-35.6956617742907	-0.33945590936301	-0.429258171422867	-0.65986024415653	-0.215628746265834	1	2	1	1	5
22.692733448064	-24.8156265326828	0.495828274411753	-1.07660224423388	-0.555443860587699	-0.520906217229096	1	2	1	1	5
35.5314931992544	-11.9768667814925	1.32251460118079	-0.86755044865116	-0.158356879912273	-0.357416586744124	1	2	1	1	5
47.5083599807468	0	1.40689611713743	0.0122980269253121	0.400789476034054	0.197734408388193	1	2	1	1	5
61.1198591348968	13.61149915415	0.674081895668536	0.781801061583462	0.938078855698024	0.882723884426253	1	2	1	1	5
72.8831113935893	25.3747514128425	-0.22553519627047	0.757782802631939	1.27678417969293	1.37449393186169	1	2	1	1	5
12.6557742587313	-34.3058912733444	-0.335140961184225	-0.93273012593971	-0.934491393680873	-0.560897922666752	2	2	2	1	6
25.3273167718474	-21.6343487602283	0.545126824772775	-1.21921977890441	-1.09470785577253	0.272467552519989	2	2	2	1	6
36.9844926535993	-9.97717287847638	1.17732891592609	-0.763670285901795	-0.58620393863954	0.480403506714882	2	2	2	1	6
46.9616655320757	0	1.0616422696606	0.0938759612248165	0.24153588010888	-0.107316329482673	2	2	2	1	6
60.1759248413733	13.2142593092976	0.289529493163927	0.713308323635333	0.819622731764189	-1.0095565239825	2	2	2	1	6
71.0792144100826	24.1175488780069	-0.528572082541245	0.632254950774289	0.75074919241783	-1.487700308907	2	2	2	1	6
12.9797877770798	-35.2384188218419	-0.506885426043792	-0.515923937676905	-0.93241012403834	-0.456004377269734	1	2	2	2	7
24.040694059724	-24.1775125391977	0.0658013006687416	-0.940298404171697	-0.879881569223327	0.341478079928188	1	2	2	2	7
36.458079261501	-11.7601273374206	0.575743001034683	-1.03308570711376	-0.597200429515251	1.15766880197595	1	2	2	2	7
48.2182065989217	0	0.853960788828547	-0.759910712779026	-0.153794067602918	1.32408634503871	1	2	2	2	7
59.2828509584747	11.0646443595531	0.808261905788381	-0.221977213740161	0.341435541876095	0.704430410104336	1	2	2	2	7
70.6383268207481	22.4201202218264	0.453789546425115	0.381425281872017	0.766858474311178	-0.19378466472432	1	2	2	2	7
10.4076015181636	-39.1663847250041	-1.26470603514525	-0.401307072779864	-0.96675933424435	-0.630193459628814	2	1	2	1	8
24.2049037329653	-25.3690825102023	-0.684988559881437	-0.884168296901357	-0.703049275100897	-1.1282996699981	2	1	2	1	8
34.9803534339621	-14.5936328092055	0.117535091965261	-1.0880946426854	-0.141700725847999	-1.22818635034438	2	1	2	1	8
49.5739862431677	0	0.624019020561839	-0.941517193167246	0.488771872515937	-0.884726093892967	2	1	2	1	8
61.2495246208624	11.6755383776947	0.507012303958591	-0.495877998529945	0.931714978137644	-0.25308944640718	2	1	2	1	8
73.1029367709015	23.5289505277339	-0.157838122052844	0.0924237550663499	1.00681478008814	0.38135897867234	2	1	2	1	8
11.149767827378	NaN	-1.25356767109515	-0.404027362516616	-1.02472463130428	-0.598036607890809	2	1	1	2	9
26.1648254211855	NaN	-0.865786229120801	0.10224323603191	-1.17598314043787	-0.044884004609637	2	1	1	2	9
35.1207636077381	NaN	-0.302371760811783	0.800044284003875	-1.08493346558457	0.78589075138641	2	1	1	2	9
48.7693113974353	NaN	0.246085080667002	1.34886105612925	-0.773681655998948	1.32077664882293	2	1	1	2	9
60.6140845371889	NaN	0.594053476478169	1.48088055194468	-0.317796875924135	1.19052444205157	2	1	1	2	9
72.0322166157898	NaN	0.623823414599059	1.13167956303203	0.172036114710976	0.485051493494592	2	1	1	2	9
11.4317874074577	NaN	-0.489555066065497	0.21591204433344	-0.158906310277786	-1.09649308294668	1	1	1	1	10
23.1074546794089	NaN	0.00179806935732774	-0.354239103405605	-0.620652613941182	-1.47344410159583	1	1	1	1	10
36.1407306902647	NaN	0.779914340494834	-0.614585966347612	-0.437767723686832	-1.08093402770926	1	1	1	1	10
47.9503090188201	NaN	1.37000415111952	-0.455576251314373	0.26970917718843	-0.220998798699681	1	1	1	1	10
61.0683841087796	NaN	1.41200755477262	0.0558797715927002	1.03741523583038	0.44464266332651	1	1	1	1	10
70.7650956576837	NaN	0.880294989651661	0.704564682289862	1.36145530724783	0.403780210555505	1	1	1	1	10
12.0910484760329	NaN	-0.807329301141521	-1.03161831925886	-0.0734448446354869	-0.778528878301831	1	1	2	2	11
23.8426720824611	NaN	-0.00470716184094722	-0.452701107415488	0.746760326946546	-0.3501929814523	1	1	2	2	11
37.3872820806439	NaN	0.696901716565829	0.432657115356791	0.987163843214729	0.329397733974511	1	1	2	2	11
45.7648837008447	NaN	0.806158250174285	0.928014575048113	0.460195668749765	0.933900487380362	1	1	2	2	11
60.3819964622948	NaN	0.246549716888223	0.643712465626045	-0.422987817857899	1.17303010425126	1	1	2	2	11
72.5486207790669	NaN	-0.590028124056378	-0.196611073738283	-0.973300365141227	0.931955374681659	1	1	2	2	11
12.5741389412874	NaN	-0.62655231322684	-0.855582129018552	-0.773512706417596	-0.893856030208448	1	2	2	2	12
24.9976258999122	NaN	-1.14580679603133	-0.202177935267512	-0.338925990384786	-0.204420975230859	1	2	2	2	12
36.7459044048212	NaN	-1.27221007487723	0.713363873898992	0.172708529999674	0.432036077587621	1	2	2	2	12
47.6543979171194	NaN	-0.948116662298995	1.09949428630427	0.627252403178108	0.691491050131433	1	2	2	2	12
59.095727258051	NaN	-0.321327492916535	0.622376940298133	0.905534992917122	0.441853869836037	1	2	2	2	12
72.2325588654621	NaN	0.322313841734654	-0.305487325662527	0.934597196193327	-0.18978368727004	1	2	2	2	12
11.2781207297289	NaN	-0.0766098007774311	-0.455976445155797	-1.30349141399228	-0.239457116370349	1	2	2	1	13
24.1077769863451	NaN	-0.50668010519849	-0.368190947624484	-0.979011804946257	-0.530465259150986	1	2	2	1	13
36.1958740515031	NaN	-0.112790135682251	0.288049476165534	-0.0767695948934662	-0.235992231808082	1	2	2	1	13
48.085734367298	NaN	0.780429233556391	1.08142667878549	0.622152231655574	0.471553035356189	1	2	2	1	13
57.7551668204354	NaN	1.43681661953593	1.49048850209196	0.512687828592286	1.17791486754243	1	2	2	1	13
72.3592787411318	NaN	1.31539959994292	1.24637648900697	-0.310398026189229	1.46953047092743	1	2	2	1	13
12.3379620847411	NaN	-1.16214357888852	-0.607509190830283	-0.037679684010671	-1.02711324599183	1	1	2	2	14
24.3373456287938	NaN	-1.35574412779753	-0.295222912393746	0.823905047675984	-1.14011177144012	1	1	2	2	14
35.4129419710415	NaN	-0.934249083777742	0.389940441355815	1.10076908573591	-0.607098801735594	1	1	2	2	14
49.1124176058966	NaN	-0.16017943707167	1.07551823053759	0.564976489169091	0.213171662040936	1	1	2	2	14
60.2721886180892	NaN	0.484348751756965	1.38882252342714	-0.342366737304335	0.768601776920697	1	1	2	2	14
71.7450448589629	NaN	0.597902106987228	1.15953752105913	-0.874265304641295	0.685349277593798	1	1	2	2	14
11.4514899203905	NaN	-1.31250531481139	-0.859730885155997	0.00854633752737277	-0.381408840986772	1	1	2	1	15
25.5113517613487	NaN	-0.8366851183529	-0.0433826767616609	-0.70479043404874	0.429574998846028	1	1	2	1	15
34.7798479482561	NaN	-0.158370737523966	0.77700624792123	-0.584281551573187	1.16534222036782	1	1	2	1	15
47.8731604747881	NaN	0.407027061584935	0.903581216862415	0.262542314414521	1.27999838111165	1	1	2	1	15
61.4005683264904	NaN	0.596602820969395	0.228672647038411	1.08005604925122	0.68847559667899	1	1	2	1	15
71.7716637037025	NaN	0.322205327578965	-0.673616027832445	1.13878811294413	-0.17035227287089	1	1	2	1	15
10.7752637635785	NaN	0.0549530215685726	-0.749620032850077	-1.1112936359257	-0.730040113334755	2	1	1	2	16
23.731379802159	NaN	-0.558899832513022	-0.185978763703526	-0.645456237551874	-0.253765119094444	2	1	1	2	16
39.058301941216	NaN	-0.861556211128396	0.625112110400799	-0.0849237754575765	0.232000728496459	2	1	1	2	16
46.7111872689279	NaN	-0.71642930060127	1.14949341476811	0.394102180122487	0.607287065056396	2	1	1	2	16
59.4855850804745	NaN	-0.189013911839869	1.0418239629678	0.641041366198687	0.779408826849817	2	1	1	2	16
71.8374560934346	NaN	0.482670892863695	0.373011500789774	0.578269246670944	0.705856828468235	2	1	1	2	16
