age	diseaseAge	x1	x2	x3	x4	z1	z2	z3	z4	id
10.6269920122921	-38.3955469136191	-0.326772561560423	-0.76148968262752	-0.0961787703800753	-0.647514373323355	1	2	1	1	1
23.0644051235812	-25.95813380233	-0.73551767570315	-1.09859070032517	0.458248229738389	-1.32063491927125	1	2	1	1	1
35.0648197747328	-13.9577191511784	-0.728100221661486	-1.12834107887198	1.00947399400484	-1.25410154241851	1	2	1	1	1
49.0225389259112	0	-0.307779385746138	-0.841035882955389	1.37369731466655	-0.501098662195025	1	2	1	1	1
60.8835305906329	11.8609916647217	0.340758293127429	-0.330397561751804	1.42947124463025	0.336449951584273	1	2	1	1	1
72.2294451060189	23.2069061801077	0.932549118104664	0.236997453867614	1.15819847521953	0.589037671189508	1	2	1	1	1
13.1004407567068	-34.0157039296657	-0.162691746915589	-0.751280678871644	-0.272462024392161	-0.791862014535766	2	1	1	2	2
23.213347320123	-23.9027973662496	0.523843643517766	0.0464911521309783	-0.724373182249679	-0.777566587190725	2	1	1	2	2
35.3149783649059	-11.8011663214667	1.15074137275215	0.550141448465087	-0.848998748443054	-0.186713640411724	2	1	1	2	2
47.1161446863726	0	1.40455193750787	0.437692178701347	-0.599436115233773	0.606387418129178	2	1	1	2	2
61.7531329059524	14.6369882195798	1.15836979683334	-0.21896908997776	-0.0696077308732876	1.0993016102113	2	1	1	2	2
74.0836152002067	26.9674705138341	0.53528627186797	-1.00004611374171	0.541086444907588	0.979764403217498	2	1	1	2	2
11.7235284750543	-36.652399418465	-1.48341624606718	-0.488289222842729	-0.947693616880816	-1.30027797407128	1	1	2	2	3
23.9869862102985	-24.3889416832208	-1.23105001567105	0.388913248437592	-0.408784799417262	-1.35346589636818	1	1	2	2	3
35.6704633289278	-12.7054645645915	-0.538528706668901	0.916291826168635	0.508416878783248	-1.0709165518546	1	1	2	2	3
48.3759278935193	0	0.1854717566325	0.687910310920755	1.03222866262551	-0.549546319375992	1	1	2	2	3
60.4318533566361	12.0559254631168	0.513698732773556	-0.120440455139933	0.721944292936744	0.0318112063317212	1	1	2	2	3
72.1686551486533	23.792727255134	0.252456430573286	-0.886553102134132	-0.161380125660363	0.473746374175054	1	1	2	2	3
13.005654885653	-35.2217963040302	-0.869791820296477	-0.802331335329116	-0.927487994626269	-0.708335287313367	1	2	1	2	4
23.7010485120145	-24.5264026776687	-0.250506874686949	-0.942805743780334	-0.220426849401322	-0.622531428181935	1	2	1	2	4
34.4405667230276	-13.7868844666556	0.406958498059799	-0.332761005169102	0.587850679199771	0.20603984730417	1	2	1	2	4
48.2274511896832	0	0.797435049270482	0.548551336212586	0.921088497418084	1.04060437877657	1	2	1	2	4
60.647837431643	12.4203862419598	0.73967911091789	1.00877173051878	0.541706916812219	1.13905874056671	1	2	1	2	4
72.6729858797239	24.4455346900407	0.260498689999934	0.686350736001932	-0.279816485364877	0.413856294396565	1	2	1	2	4
11.7937486649566	-37.8529884908336	0.270469575575078	0.391082864651458	-0.740090315446079	-0.152707527566167	2	1	2	1	5
24.9875934808124	-24.6591436749779	1.0193329732348	1.15432109529765	-0.0358886971009012	-0.980087378276375	2	1	2	1	5
36.4748304887726	-13.1719066670176	1.38730129541382	1.41760048045364	0.605670637639137	-1.0726938970992	2	1	2	1	5
49.6467371557902	0	1.15112455374633	1.00098231383	0.845061345259575	-0.348757595840583	2	1	2	1	5
59.4001746026602	9.75343744687	0.454093492710843	0.189204930995687	0.55559295891117	0.552501937164936	2	1	2	1	5
71.6719665239492	22.0252293681589	-0.280896309765491	-0.462921150029841	-0.109541921036966	0.835292659621953	2	1	2	1	5
12.2089298555823	-35.6614078983875	-0.529954317741884	-1.23637910749352	0.305115908510897	-0.486386891691116	2	1	2	1	6
24.5468573358125	-23.3234804181574	0.0116628591901251	-0.992627411911933	0.970702047931921	-0.520369491248417	2	1	2	1	6
36.0640484096607	-11.8062893443091	0.934316209298747	-0.295312613145975	1.37014112180403	0.200318866569774	2	1	2	1	6
47.8703377539698	0	1.45236980788288	0.435616923834531	1.31503455739459	1.07550447281592	2	1	2	1	6
60.0702182139422	12.1998804599724	1.12470292642572	0.759968814605325	0.831373798110206	1.376351644743	2	1	2	1	6
72.5415944791795	24.6712567252097	0.230322705991919	0.482406539067998	0.147281235314977	0.852321351099729	2	1	2	1	6
12.3057890012593	-36.0633944206517	-1.08048549990033	-0.840165448397234	-0.403647690508719	-0.247132287914346	2	1	1	1	7
24.4976480282428	-23.8715353936681	-1.41928860251469	-0.708636582737243	-0.491061115130957	0.227923869221538	2	1	1	1	7
36.0262047856141	-12.3429786362969	-0.946414014751449	-0.285413941136055	0.201575908341529	0.74162985279126	2	1	1	1	7
48.369183421911	0	-0.0470199804400127	0.287000420183471	1.09233607100158	1.15656202402102	2	1	1	1	7
58.7125666165195	10.3433831946086	0.546333460759624	0.815870537968235	1.432836530506	1.36172014028472	2	1	1	1	7
73.1508855676362	24.7817021457252	0.350357556826357	1.12312210368402	0.937001738817143	1.30222149481494	2	1	1	1	7
10.0149724753712	-37.9885020041043	-0.636726730841209	-0.771916239534001	-0.208913004524222	-1.33593915344074	1	2	1	1	8
24.2956256375969	-23.7078488418786	0.0468539856555083	-1.11071867105762	-0.80553562620201	-0.844635137045869	1	2	1	1	8
37.5620378623732	-10.4414366171024	0.783680959719223	-0.595169733533817	-0.916474985414979	-0.135976796982767	1	2	1	1	8
48.0034744794755	0	1.13331582998054	0.33169915477736	-0.479164743633562	0.431803738974958	1	2	1	1	8
60.0836921994981	12.0802177200225	0.886764334888212	0.873393212794793	0.259765761963376	0.571689133972902	1	2	1	1	8
71.5119441350523	23.5084696555768	0.191402643222726	0.564413494988352	0.883582772581987	0.212966267369458	1	2	1	1	8
12.450646559203	NaN	-0.657220186379746	0.119604621094794	-0.512227439716681	-0.54499957170003	1	1	1	2	9
25.5610389179939	NaN	-0.3749576738332	-0.429305358669129	-0.0622673693381692	-0.0127224081078103	1	1	1	2	9
35.8643208010274	NaN	0.231518304066036	-0.720232085106864	0.708896472466594	0.631466195296103	1	1	1	2	9
47.2261882067841	NaN	0.886752342951993	-0.644680733743833	1.3315262067312	1.11939217167229	1	1	1	2	9
60.7847027022628	NaN	1.29314360831038	-0.23082654549144	1.42636031352962	1.24793318586922	1	1	1	2	9
71.8615612234802	NaN	1.26611319774535	0.366992519496893	0.935632635054299	0.963577942668856	1	1	1	2	9
11.6843109340308	NaN	-1.17735320256961	-0.402987981159833	0.151652365054125	-0.357058558114555	2	2	1	1	10
23.5100161370183	NaN	-0.839964225698495	0.279838836186203	-0.600518018908805	0.520328340233779	2	2	1	1	10
35.6446835669521	NaN	-0.289043939923104	1.01189724275556	-0.682486659334558	1.01267344989914	2	2	1	1	10
48.0391153373251	NaN	0.284066300825017	1.36024179649341	-0.0297298254502673	0.739306027363817	2	2	1	1	10
60.6648046190592	NaN	0.680318299831813	1.11885862548455	0.843918094483727	-0.0884120636161534	2	2	1	1	10
73.5902016432771	NaN	0.762088891013771	0.430503748564657	1.25074259302532	-0.830506839485672	2	2	1	1	10
13.1799861506619	NaN	-0.310925147354545	-1.1561456402148	-1.03412139857176	-1.0351930503484	1	1	1	2	11
22.2865352693626	NaN	-0.81000254423988	-1.05447752037223	-0.618465428177171	-0.638233959545609	1	1	1	2	11
35.9955814229805	NaN	-0.742853901426075	-0.73065944249173	-0.0293837259614749	-0.0946525366991634	1	1	1	2	11
47.2077906799715	NaN	-0.149384156871971	-0.264861879520744	0.520605439226133	0.427471316257453	1	1	1	2	11
60.6357549564325	NaN	0.617720881571499	0.227593593026558	0.833086898773454	0.766692556661567	1	1	1	2	11
71.8905778601652	NaN	1.10258783085053	0.624785467870263	0.795329229211231	0.818121152542783	1	1	1	2	11
11.2028177449722	NaN	-0.398052745777216	-0.930200690284332	-0.833591212957451	-1.2215489908838	1	2	2	2	12
25.0588009991683	NaN	-0.826734645908355	-0.553248748115179	-1.1133522005723	-0.613404689825765	1	2	2	2	12
36.8104400569018	NaN	-0.972995412765378	0.339395681739929	-1.07781396803144	0.0870530210722376	1	2	2	2	12
48.8406198626667	NaN	-0.788416976669251	1.00764873665205	-0.738473673805587	0.524647311667613	1	2	2	2	12
60.7361675690333	NaN	-0.334102063745331	0.897467523894861	-0.205113061647156	0.477489907187988	1	2	2	2	12
71.7320779700883	NaN	0.239553211020348	0.100202344662449	0.349717602389591	-0.0305073741651457	1	2	2	2	12
12.9420852570912	NaN	-0.323371229511534	-1.0387931858639	-0.676225835810399	-0.802309646937654	1	2	1	1	13
22.7995585102133	NaN	-0.908755443189974	-1.19972383087941	0.175111277948498	-0.723214449641342	1	2	1	1	13
36.8326851306746	NaN	-1.15227514524904	-0.509600507195642	0.796603201971301	-0.171647115895683	1	2	1	1	13
47.059899274734	NaN	-0.943824415806489	0.412273831011343	0.730575043403833	0.558237567811449	1	2	1	1	13
60.1708932476429	NaN	-0.377652956719423	0.738627475283402	0.0256508136445375	1.07718690255999	1	2	1	1	13
71.7124351680739	NaN	0.290248325376093	0.176597151669777	-0.799053938327127	1.10844151298169	1	2	1	1	13
11.6729612332304	NaN	-0.295985459464723	-0.376448061812432	0.184284976373172	-0.606061006537173	1	2	1	1	14
23.2900659909389	NaN	0.247436399701938	-0.500227057597591	0.754496394351619	-0.814399084088407	1	2	1	1	14
37.1586247397866	NaN	0.770668513510592	-0.3359768115639	1.14590670495756	-0.383633335698095	1	2	1	1	14
48.6064475503248	NaN	1.11170871581601	0.0689575483770528	1.22326174234343	0.407736305916523	1	2	1	1	14
59.1183842775679	NaN	1.16496476551143	0.59785370655051	0.959831012262564	1.04807122332192	1	2	1	1	14
73.9734755839924	NaN	0.913947622296568	1.09825736309787	0.446644573684404	1.12338021113489	1	2	1	1	14
10.6430893448348	NaN	-0.382466226077537	-1.24435983286411	-0.920370305781968	-1.34023490296884	2	1	1	1	15
23.8909851668602	NaN	0.344666691374729	-1.2134311214287	-0.407261376771982	-1.33221791821552	2	1	1	1	15
37.2727931755315	NaN	0.677770486998553	-0.894143857320912	0.0987074926278151	-0.729579155846861	2	1	1	1	15
47.7066940718284	NaN	0.419622018663459	-0.3840194733842	0.456218141448345	0.0741999108884748	2	1	1	1	15
59.1469012367041	NaN	-0.276934907195174	0.161132305277259	0.565417099498622	0.5543070875303	2	1	1	1	15
70.6907383647778	NaN	-0.999484859125091	0.574803169223719	0.395804869942582	0.39726556014158	2	1	1	1	15
14.2512332078486	NaN	-0.643469509515365	-0.419822732946599	-0.137918472535443	-0.469416150599837	1	2	2	1	16
23.6043620686734	NaN	-1.03548973077961	0.260477366052039	0.368504281442177	0.422347742534722	1	2	2	1	16
36.5613470388735	NaN	-1.00421543821783	0.698796541051513	0.903855672498938	0.951865163628424	1	2	2	1	16
47.2950693984173	NaN	-0.563469159114705	0.685700472137278	1.30976776361546	0.697992904302896	1	2	2	1	16
58.6573848319414	NaN	0.0919492575327059	0.227446622918153	1.4661634212394	-0.137355796044024	1	2	2	1	16
72.4991388052975	NaN	0.672359751684851	-0.457005652935001	1.32677759764613	-0.889799714501534	1	2	2	1	16
