age	diseaseAge	x1	x2	x3	x4	z1	z2	z3	z4	id
12.3371966107798	-36.6115199658477	-1.20814864404582	-0.467589313075195	-1.19493275548149	-0.0930837507289304	2	1	1	2	1
22.9975031858136	-25.951213390814	-0.583310953778786	-1.07885705222801	-0.692601513421579	-0.756965062302084	2	1	1	2	1
34.0424173104165	-14.906299266211	0.222125836391712	-1.35513202725575	0.0112087006822162	-1.0171877434895	2	1	1	2	1
48.9487165766276	0	0.674857258390947	-1.16810350032699	0.566722863475733	-0.731729162787477	2	1	1	2	1
59.5169349035687	10.5682183269411	0.475115915029495	-0.604633367939386	0.697865158821395	-0.0563850357409424	2	1	1	2	1
72.214309357725	23.2655927810975	-0.244843307680595	0.0735852200828111	0.339461341591692	0.640259740837694	2	1	1	2	1
13.671524431062	-34.0313018808691	-1.21493424014658	-0.825721637162402	-1.05894409392434	-0.237042589597361	2	1	2	2	2
24.1938349059219	-23.5089914060092	-1.1932716942237	-0.95363544718206	-0.982067593512486	0.301109019649237	2	1	2	2	2
35.9070394958528	-11.7957868160783	-0.847696835701846	-0.718406886764543	-0.228313948271324	0.771359451985633	2	1	2	2	2
47.7028263119311	0	-0.296698685053572	-0.205830824992203	0.604637210631844	1.03734148651961	2	1	2	2	2
60.879724147139	13.1768978352079	0.270799201673767	0.397140966477432	0.856307563023407	1.02192339010965	2	1	2	2	2
71.9184047482098	24.2155784362787	0.660215919473974	0.870586698310332	0.327138215433593	0.72957623351782	2	1	2	2	2
10.9017569787944	-38.286890427506	-0.324877595386432	-1.20477411988039	-0.607472523277833	-0.24546857886558	1	2	1	1	3
23.5183964520199	-25.6702509542804	-0.781375983704637	-1.00866529967681	-0.0494377674549321	0.585388644704464	1	2	1	1	3
37.3331403693602	-11.8555070369401	-0.970280707418404	-0.307165437190964	0.700260205638911	1.34356546799862	1	2	1	1	3
49.1886474063004	0	-0.829196392015416	0.451268786081885	1.21967793341266	1.42682312610277	1	2	1	1	3
59.7110586432349	10.5224112369345	-0.404723294621703	0.781783540383163	1.21647780464993	0.769027984163202	1	2	1	1	3
72.4707807143116	23.2821333080112	0.162934796516469	0.473086482227682	0.692460909202012	-0.107316866619032	1	2	1	1	3
11.3468835760204	-36.9374819356632	-0.602080820459032	0.0372975887193723	-0.610042816651393	-0.889483967739809	2	1	2	2	4
24.9263480941542	-23.3580174175294	-0.24291769184662	-0.726107092812712	-1.16632506800176	-0.763932825695326	2	1	2	2	4
35.9234218039548	-12.3609437077288	0.395155189542085	-0.832387993720644	-1.47157524586567	-0.418885873254081	2	1	2	2	4
48.2843655116836	0	1.02353462252741	-0.198092656798624	-1.41180622244709	0.0590464947620847	2	1	2	2	4
59.9596991075069	11.6753335958233	1.35800179574044	0.678726078655548	-1.00933706520189	0.549898254021847	2	1	2	2	4
72.8561126562857	24.5717471446021	1.24727571966677	1.10958441759839	-0.414458606331703	0.930460477833639	2	1	2	2	4
11.5791872454889	-34.3827094759926	-0.731209199578003	-0.39648717559402	-0.846411950859604	0.0876035885227359	2	1	2	2	5
24.4525526968663	-21.5093440246152	-1.16465031562041	-0.544733375715367	-0.0244555922451837	0.975629148864607	2	1	2	2	5
36.6816210786521	-9.28027564282943	-1.41120374406994	-0.30599196730036	0.752755686035964	1.30418732678812	2	1	2	2	5
45.9618967214815	0	-1.40710248709679	0.227076031566975	0.861729115968786	0.797035021363583	2	1	2	2	5
59.8197185178514	13.8578217963699	-1.15340726750715	0.847574700271143	0.215044265853974	-0.119427406962856	2	1	2	2	5
72.6354311635672	26.6735344420857	-0.715732190198066	1.31467426929866	-0.668516728100679	-0.674662378860625	2	1	2	2	5
10.5977323680417	-35.9777746732106	-0.511129045380688	0.29992472344303	-0.79877793991973	0.268651476799816	2	1	1	1	6
24.3421828060983	-22.233324235154	-0.0756655618533061	-0.358381346225241	-0.0311921669613824	-0.456307271186706	2	1	1	1	6
35.2585131692352	-11.3169938720171	0.836026106449802	-0.661510039668768	0.708954641296998	-0.458600568371872	2	1	1	1	6
46.5755070412522	0	1.45467664323573	-0.454389035620304	0.912940545231474	0.26362987317052	2	1	1	1	6
60.0869256024176	13.5114185611653	1.25827965971809	0.15702424395481	0.440560786073077	1.12515152529914	2	1	1	1	6
74.3171004653431	27.7415934240908	0.412551459429411	0.859947543308172	-0.38350587699579	1.4278624173369	2	1	1	1	6
12.5470261456865	-35.1584681081069	-0.326831093920021	-0.126625463546074	-0.241423785078736	-1.36784537733912	2	1	1	1	7
24.3037048069041	-23.4017894468893	0.325517845665987	0.670997319932766	0.330191453105192	-1.05162091994352	2	1	1	1	7
35.9497257898515	-11.755768463942	0.719728495677911	0.985967975527249	0.728861249991059	-0.306606307923376	2	1	1	1	7
47.7054942537934	0	0.676301501020764	0.595974126563084	0.817289033735667	0.400001143554624	2	1	1	1	7
60.0893010488488	12.3838067950553	0.215010851906216	-0.223719030308511	0.565021452571053	0.625089180205763	2	1	1	1	7
72.2935117504535	24.5880174966601	-0.454099978652247	-0.894556221410255	0.0589361038262008	0.227505501520921	2	1	1	1	7
12.9381492416574	-35.0423420762353	-0.182503790759341	-1.35046962258	-1.01935931059061	-0.882360028993219	2	1	1	1	8
23.8105798938558	-24.1699114240369	-0.546451173613388	-0.841734285815815	-0.768394186604948	-1.17943628101731	2	1	1	1	8
34.8442448563239	-13.1362464615688	-0.4529567198271	-0.0218718220336819	-0.343227703155947	-1.24615154560269	2	1	1	1	8
47.9804913178927	0	0.0542322685488005	0.556266214278481	0.1517990380965	-1.06591540162751	2	1	1	1	8
60.0984273377272	12.1179360198346	0.737795298450627	0.502828444135346	0.595200366140922	-0.683548079491957	2	1	1	1	8
71.4473435357895	23.4668522178968	1.27788411012836	-0.146150851596374	0.878160123432845	-0.194134788508818	2	1	1	1	8
12.6179942749394	NaN	-0.445823679472521	-0.411079584918547	-0.561584532068759	-1.28350545534091	1	1	2	2	9
23.121277888062	NaN	-0.559907337378779	0.30315555516449	0.0563579118322787	-0.882725100310281	1	1	2	2	9
35.4632515530974	NaN	-0.130302112508463	1.08887964507473	0.708460038491206	-0.359201511421176	1	1	2	2	9
46.9767321323226	NaN	0.603124367954533	1.40674388338557	1.09610075434607	0.138869807013794	1	1	2	2	9
60.9385654079359	NaN	1.23086761151806	1.0385550160644	1.04176538838849	0.470498206653946	1	1	2	2	9
72.8621997162371	NaN	1.40243075828066	0.237050902161688	0.570336065270448	0.541808570938934	1	1	2	2	9
9.53108152864096	NaN	-1.28314834131423	-0.353242284584873	-1.39060458993466	-0.361319686866574	1	1	2	2	10
24.319115549871	NaN	-0.993248396876683	-1.0773486527779	-1.00071487906173	0.299897600661806	1	1	2	2	10
37.6824207290245	NaN	-0.342228448057917	-1.20406401216137	-0.38023950951436	0.969378916591465	1	1	2	2	10
47.8025484746127	NaN	0.338174867808038	-0.642437311901878	0.214396999201207	1.30763485971248	1	1	2	2	10
59.0446077261633	NaN	0.701252193433687	0.204419001228285	0.537448581226628	1.14313815233469	1	1	2	2	10
70.1443150561485	NaN	0.561992222615856	0.72866644609435	0.455407363788431	0.559303950878307	1	1	2	2	10
11.3839260538021	NaN	-1.03273099733705	-0.651220701810081	-0.217354926609738	-0.149480957183572	2	2	2	1	11
25.3775577518685	NaN	-1.34081684965552	-1.09437733283524	-0.881651823589818	-0.866628703337899	2	2	2	1	11
35.9172695749729	NaN	-1.40899485148492	-1.26178730281948	-1.12259794847551	-0.990632664671308	2	2	2	1	11
47.4984189238122	NaN	-1.2195674888658	-1.09800550802905	-0.805541882538737	-0.433406185221928	2	2	2	1	11
61.7451151934702	NaN	-0.821705950514463	-0.657275423943387	-0.1076686671035	0.409222919025153	2	2	2	1	11
72.4618197892006	NaN	-0.318686365680323	-0.0855640155706952	0.581019083780023	0.938690060204021	2	2	2	1	11
13.093672910528	NaN	0.341922269188055	-0.652184512560083	-0.516913317616146	-0.870398492831804	1	1	2	2	12
25.9603452321804	NaN	1.18752176121666	0.0115752169754191	-0.963837878913196	-0.534766292221529	1	1	2	2	12
35.4525211490107	NaN	1.3369285451462	0.755304962959118	-0.753385875917394	-0.0658735927080003	1	1	2	2	12
45.0955067437537	NaN	0.659826956314983	1.13863787156431	-0.0256795769710862	0.421454897923272	1	1	2	2	12
59.0466240961368	NaN	-0.253201096803275	0.934600223046293	0.734762667689813	0.807879826361083	1	1	2	2	12
73.7139103187102	NaN	-0.605793799386362	0.264003935746764	1.02162639800595	0.998771590705161	1	1	2	2	12
10.5345350537248	NaN	-0.430751668569854	-1.1663041614779	-0.174372231693172	-0.985380678944663	1	2	2	2	13
24.4306577091168	NaN	0.0141913367496613	-1.19708018017587	0.71487021140641	-0.06917207287521	1	2	2	2	13
36.319065700032	NaN	0.644914473136674	-0.799055198978836	1.22730732603566	0.486375128367347	1	2	2	2	13
46.9267871744187	NaN	1.20480774505635	-0.150627030111299	0.957232463383855	0.214419329380887	1	2	2	2	13
57.4898511128928	NaN	1.46607831961801	0.457573908298684	0.118469260198607	-0.656507530885507	1	2	2	2	13
73.5357576254373	NaN	1.32242814446907	0.752947347597331	-0.624916784368561	-1.39454165397162	1	2	2	2	13
12.2528311022814	NaN	-1.0924017643406	-0.876994920167482	-0.508873365089306	-0.066844772947889	2	2	2	2	14
23.7217965045693	NaN	-0.768516597131564	-0.299213296301834	-0.969563232233718	0.852253596521511	2	2	2	2	14
37.8504111048497	NaN	-0.137611482067689	0.284032658881161	-1.05771341145592	1.18891843829399	2	2	2	2	14
47.5036606960898	NaN	0.508975842201391	0.656015346032994	-0.736570720062813	0.643993787112845	2	2	2	2	14
60.1494990267514	NaN	0.872665946860933	0.678510206424702	-0.140031834288858	-0.298307455080602	2	2	2	2	14
71.127796363568	NaN	0.785514952346685	0.343158404393473	0.483183358443784	-0.800668756548589	2	2	2	2	14
11.7408015502104	NaN	-0.833059899439315	-0.660765679749673	-0.829277071232506	-0.819938970870255	2	2	2	2	15
25.4573643224696	NaN	-1.07569629928835	0.0824856383000263	-0.890941132072239	-1.24646236795481	2	2	2	2	15
35.0091535089498	NaN	-1.07930903700199	0.6359420498712	-0.328797440765519	-1.27014004419692	2	2	2	2	15
47.311489560266	NaN	-0.843004901586819	0.693575781336014	0.484756300433946	-0.880737312599686	2	2	2	2	15
62.2583358861512	NaN	-0.425207578423493	0.223518880390924	1.01077329097	-0.246573692058259	2	2	2	2	15
72.5202868420631	NaN	0.0707869858533974	-0.514315742268437	0.900788322300151	0.358233286015855	2	2	2	2	15
12.5873499858692	NaN	-1.293321475634	-1.44225560735709	-0.532029091068779	-1.06403169809655	2	1	2	1	16
24.3728138827921	NaN	-0.765966996144785	-1.28647766810977	-1.16647173985335	-0.932139268500774	2	1	2	1	16
35.5403958890951	NaN	0.163306846764687	-0.703467317600799	-1.24379430530342	-0.379630434869859	2	1	2	1	16
48.2426051550171	NaN	0.692025103977981	0.00792772463103875	-0.714701872323341	0.32129646199168	2	1	2	1	16
60.431883138651	NaN	0.363612827441272	0.483050491729879	0.0834969557097596	0.825323615855937	2	1	2	1	16
74.5800384084164	NaN	-0.538329376938056	0.478355812800412	0.641932054941301	0.884137612255546	2	1	2	1	16
