age	diseaseAge	x1	x2	x3	x4	z1	z2	z3	z4	id
12.9768402850987	-35.4915493639456	-0.315132964803482	-0.271288956762769	-0.720193083160279	-1.43643725642066	2	2	1	1	1
22.1097445124068	-26.3586451366375	0.339713125450767	-0.514376001859399	0.0501134659300811	-1.27223650154929	2	2	1	1	1
36.0450431970009	-12.4233464520435	0.81276564223277	-0.282835181480148	0.680664748361159	-0.428111868131767	2	2	1	1	1
48.4683896490443	0	0.899205535734476	0.313433400948828	0.786181656288441	0.369240227904703	2	2	1	1	1
58.7654669543599	10.2970773053156	0.561606650879141	0.991412786381692	0.302191304981606	0.433389267318117	2	2	1	1	1
71.5832925671685	23.1149029181242	-0.0538597515127575	1.42930224673157	-0.475578779579359	-0.290889861422944	2	2	1	1	1
11.2886485530461	-36.2847752991128	-0.0617599975555203	-0.693655961585686	-0.480401764823639	-0.316473238257419	1	1	2	2	2
23.9140017818427	-23.6594220703161	-0.454328408660117	-1.14699274165996	-0.610332139119444	0.175046729210252	1	1	2	2	2
36.0749107758057	-11.4985130763531	-0.643813639784367	-1.30061340871907	-0.160638808620907	0.556971805131451	1	1	2	2	2
47.5734238521588	0	-0.582225580067401	-1.10006364192227	0.601186325124366	0.733321581977387	1	1	2	2	2
60.0525349606445	12.4791111084857	-0.285162372942281	-0.616432843201962	1.22198543243194	0.659778143705342	1	1	2	2	2
71.7468846690039	24.1734608168451	0.172140058674803	-0.0211548904740763	1.33248745137909	0.354823463931197	1	1	2	2	2
11.9577929481067	-35.6654751816716	-0.789853747684439	0.134007426455091	-0.0591926017181552	-1.25031886766551	1	2	1	1	3
23.79746807618	-23.8258000535983	-0.578423966555575	-0.603969678052585	-0.569230294450571	-1.09324247594165	1	2	1	1	3
36.6904957876279	-10.9327723421504	0.0375225286507607	-0.762320787353025	-0.450830960523254	-0.682902787599027	1	2	1	1	3
47.6232681297783	0	0.741103326965913	-0.227879830280567	0.218837575092757	-0.142602051236386	1	2	1	1	3
60.8406580456837	13.2173899159054	1.17035130719266	0.617413441374634	1.00331285411411	0.36530571864148	1	2	1	1	3
71.7695704466107	24.1463023168325	1.10443375750249	1.16946778405524	1.3913060962949	0.688200212847166	1	2	1	1	3
11.7040154728194	-26.848854741964	-0.209435750016072	-0.924517505132855	0.0366769127079755	-0.737686936590499	2	2	2	1	4
24.8437107828209	-13.7091594319625	-0.604608948796753	-0.0688101663486232	-0.435881989087074	-0.605346006100498	2	2	2	1	4
38.5528702147834	0	-0.238542371440484	0.573128203836136	-0.70700869731806	0.173813098706731	2	2	2	1	4
48.9120633566524	10.359193141869	0.610051658731188	0.51905624182269	-0.698266447809002	0.985031935212735	2	2	2	1	4
60.9550872351097	22.4022170203263	1.29507861046101	-0.190405740681596	-0.412184367135379	1.18825685394297	2	2	2	1	4
74.7276927011339	36.1748224863505	1.29497911432128	-1.02229082698368	0.0684742018983294	0.623142896121949	2	2	2	1	4
12.0037998080504	-36.4274235596136	0.321817443476472	0.177137538679409	-0.908421977064264	-0.345824276325145	2	2	2	2	5
24.0927584246852	-24.3384649429788	-0.409788710333391	-0.468827114681557	-1.24682383127152	-1.16672992550953	2	2	2	2	5
38.7115052807809	-9.71971808688311	-0.654245197154997	-0.581095924997367	-1.02214332246962	-1.22500862916878	2	2	2	2	5
48.431223367664	0	-0.252740161392793	-0.0894288869839253	-0.36131773903022	-0.468367148840755	2	2	2	2	5
59.6457219768343	11.2144986091703	0.533887502516818	0.698566790812296	0.362307638248968	0.424263261401234	2	2	2	2	5
72.2946341121721	23.8634107445081	1.19460288364735	1.2898884621839	0.7399076572506	0.651929046133766	2	2	2	2	5
11.7312379487782	-37.8426007910146	0.122873221751162	-0.441233274134114	-0.392215968319458	-0.37760218666674	1	1	1	2	6
23.9953445178149	-25.5784942219779	0.858887129954285	-0.885121340833601	-0.995003259326715	-1.02002769459573	1	1	1	2	6
34.8161153246843	-14.7577234151085	1.38331907635857	-1.13932782277624	-0.836502218359513	-1.05133468917165	1	1	1	2	6
49.5738387397928	0	1.41191146851549	-1.13627296400175	-0.0423537432111877	-0.450128971819533	1	1	1	2	6
61.8348313121367	12.2609925723439	0.929166386032138	-0.876768886250297	0.757935086606456	0.372744702936445	1	1	1	2	6
71.2147596572686	21.6409209174758	0.196745910812461	-0.429803689711605	0.929989843905444	0.854960789693125	1	1	1	2	6
11.872366557375	-37.0379491193802	-0.203833891788554	-1.33011290649881	-0.70722091005338	-0.00667644809885964	1	1	2	2	7
24.8053470598936	-24.1049686168615	0.497887186707921	-1.42262619003952	0.108035010258637	0.781491311162628	1	1	2	2	7
36.4033984593043	-12.5069172174509	0.996416448423864	-1.15448825242071	0.632194828564326	1.24534546115321	1	1	2	2	7
48.9103156767551	0	1.04525643621335	-0.623547647380903	0.516506373369561	1.09179193896552	1	1	2	2	7
60.014787616109	11.1044719393539	0.6202582510615	-0.023554542410603	-0.162056503922105	0.417856125729899	1	1	2	2	7
70.8601652961971	21.9498496194419	-0.068438041088581	0.426542344916727	-0.952008838828414	-0.350624275810193	1	1	2	2	7
13.0739604999039	-35.6921609758141	-0.526363635503121	-1.18811185281484	-0.121760734845925	-0.888037510459754	2	1	2	1	8
22.5810900478	-26.185031427918	0.149349871808387	-1.01077075336655	0.672021942813745	-1.34908032948566	2	1	2	1	8
34.8699312944489	-13.8961901812691	0.888724694756681	-0.36438731809532	1.22942462667049	-1.04987640251545	2	1	2	1	8
48.7661214757181	0	1.25191237529753	0.377062635812856	1.19903187483495	-0.219108740697712	2	1	2	1	8
60.8684578517388	12.1023363760208	1.02285532490018	0.784600985954552	0.600004847857367	0.50826290663152	2	1	2	1	8
71.7354940111508	22.9693725354328	0.337817840500926	0.622439685773592	-0.189998876561922	0.576304865005721	2	1	2	1	8
12.4719036399213	NaN	-0.724728141904337	-1.3510948831251	-0.238652209060669	-0.995392240270857	1	2	2	2	9
23.8649151468048	NaN	-0.143356186741251	-1.38551220639754	0.374711706204691	-1.13098724784035	1	2	2	2	9
37.8221403818591	NaN	0.503433858183205	-0.623484479781154	0.885948806334651	-0.83246025011361	1	2	2	2	9
49.3933605400493	NaN	0.935757333979881	0.259851735224471	1.10245434387239	-0.230525546860597	1	2	2	2	9
59.3060102529699	NaN	0.966535435860963	0.481883740922607	0.94266147953755	0.411251174921817	1	2	2	2	9
72.2654882390623	NaN	0.582449593737376	-0.154102991087835	0.466770977853651	0.811858832700849	1	2	2	2	9
13.9441345753587	NaN	-0.674119415538012	-1.23039182483065	-1.48467581238119	-1.12928412367002	2	2	1	1	10
23.7996250108163	NaN	-0.0223420922223002	-0.49638867984247	-1.27508852916973	-1.26005136990051	2	2	1	1	10
36.0954090130282	NaN	0.70905423373833	0.398592381098459	-0.785034118470924	-1.14145298889902	2	2	1	1	10
49.2617739896815	NaN	1.10411525742096	0.667018520456377	-0.188752416508708	-0.803065681668315	2	2	1	1	10
58.7174232551563	NaN	0.938164797560655	0.0726898805772426	0.301747412377267	-0.329278291669642	2	2	1	1	10
72.6690046613213	NaN	0.305580971373361	-0.861417868304423	0.512067162626349	0.161753538038986	2	2	1	1	10
13.028287202387	NaN	-1.1775170547993	-0.932139780960253	-0.463375980477841	-0.398696174390632	1	2	1	2	11
24.1616258411927	NaN	-1.26815965242696	-1.27914859078723	-0.992186187169098	-0.987490640348613	1	2	1	2	11
37.2065698778625	NaN	-1.09469769366083	-1.2215945009641	-1.28192588552181	-1.2998518849686	1	2	1	2	11
47.8841149313776	NaN	-0.703102825010006	-0.78344428654881	-1.23182569903899	-1.20713058628033	1	2	1	2	11
60.664806372467	NaN	-0.197157230213507	-0.147153228525678	-0.859310111086096	-0.74751500359542	1	2	1	2	11
73.2233727093472	NaN	0.289051177723018	0.422313234404421	-0.293937355301236	-0.110302734160025	1	2	1	2	11
10.1704324001128	NaN	-0.38526124446941	-0.919933540264728	-0.338964062800419	-0.50229721960077	1	2	1	1	12
23.72341294355	NaN	-0.593190380194599	-1.31971763245393	-0.737715460349407	0.184231094861029	1	2	1	1	12
35.5592492400289	NaN	-0.551653354159245	-1.39173814843115	-0.252164958621764	0.670089182348971	1	2	1	1	12
47.739966750841	NaN	-0.271166850052765	-1.11008488570787	0.68772652573821	0.724629985873151	1	2	1	1	12
60.7069458084748	NaN	0.177253266898283	-0.576085819649074	1.24967357087698	0.321961838416647	1	2	1	1	12
72.2630191440294	NaN	0.680072327025145	0.0181467919735457	0.936065185201039	-0.346760217949283	1	2	1	1	12
9.97655790050701	NaN	-1.13534092903706	-1.13713291001206	-1.09562279684226	-1.38213193777376	2	2	1	2	13
24.4961711820562	NaN	-0.706896133984801	-0.713687572367216	-0.304663869086302	-1.05597675842917	2	2	1	2	13
35.3874181197762	NaN	-0.0306311960939565	-0.177147641710098	0.46673859410088	-0.380006419023201	2	2	1	2	13
46.6913248728676	NaN	0.571938527770716	0.315649366971202	0.638450115405321	0.292342475200075	2	2	1	2	13
61.1510675945324	NaN	0.81433445658374	0.620652556774231	0.081334765899394	0.609526821147251	2	2	1	2	13
73.4051998987561	NaN	0.581314753620667	0.648705576756829	-0.785627949537122	0.405704196550739	2	2	1	2	13
10.9915512734925	NaN	0.00671013366597056	-1.46071838016677	-0.658595369157776	-0.989294148511874	2	2	2	2	14
24.0880671437418	NaN	0.749504211155471	-1.18705483436815	-0.1978769758346	-0.12881661587217	2	2	2	2	14
35.8304802223257	NaN	1.20333834209563	-0.3763492540924	0.470268851684371	0.65681773556079	2	2	2	2	14
46.6534098659094	NaN	1.11193742237681	0.365475448132433	1.04241725874077	0.681792311073571	2	2	2	2	14
59.3051674378428	NaN	0.526914538410405	0.483978060733056	1.25873866905969	-0.0756943524462115	2	2	2	2	14
73.3055061607347	NaN	-0.221374370763857	-0.109410497244346	1.02099510856107	-0.954397080104614	2	2	2	2	14
10.7463759407814	NaN	0.437238261981196	-0.609981162721371	-0.672114224375883	-0.565376777459727	1	2	1	2	15
24.8631914577664	NaN	1.18770047365303	-0.37501016613885	-0.629649251939873	0.00385089892807144	1	2	1	2	15
36.0877901614996	NaN	1.4870626466081	0.0352725665455678	-0.252063158677218	0.941192946428682	1	2	1	2	15
48.8954566492182	NaN	1.14245247634565	0.522728511029111	0.324624427844137	1.42032338710654	1	2	1	2	15
59.5074305657947	NaN	0.375894532759788	0.970759518661384	0.892670605697113	1.01885859802749	1	2	1	2	15
71.5359030594252	NaN	-0.318735168842281	1.27219777947088	1.24744540854656	0.0907150447197891	1	2	1	2	15
11.7606665949586	NaN	-0.96773494821993	0.230563634948129	-0.443295922056692	-0.509666329788537	1	1	1	2	16
26.4987247178961	NaN	-0.18404479229294	0.731091675381438	0.405431965639667	0.218035399587084	1	1	1	2	16
36.3443034755707	NaN	0.528654732531305	1.15741342164777	1.02792128671359	1.01054041353059	1	1	1	2	16
46.688745173922	NaN	0.684083184918289	1.40248897069291	0.968336281981294	1.30681000097909	1	1	1	2	16
59.2280433025072	NaN	0.176190520227779	1.40478530610264	0.270309789707786	0.897105794925767	1	1	1	2	16
72.1161959959263	NaN	-0.648484137359987	1.16372586915859	-0.555008158670319	0.0714700230373024	1	1	1	2	16
