age	diseaseAge	x1	x2	x3	x4	z1	z2	z3	z4	id
12.4498939432214	-35.4240474916743	-1.24868015418006	-0.874610715383497	0.174013603455102	-1.16642851502244	1	1	1	2	1
24.5077875506904	-23.3661538842054	-0.625189788148847	-1.00131607711813	-0.415818936300187	-0.816800450848393	1	1	1	2	1
36.3931991957812	-11.4807422391145	0.126918070808525	-0.506648689930524	-0.732529307380337	-0.00272371017775089	1	1	1	2	1
47.8739414348957	0	0.569880449593934	0.291884703411024	-0.646068785566217	0.694404649475543	1	1	1	2	1
61.1420506137356	13.2681091788399	0.44587192383735	0.881738211912819	-0.191940093799606	0.776709726688739	1	1	1	2	1
70.1039120323605	22.2299705974647	-0.17292857590202	0.884309018721217	0.44338085052491	0.185410908628227	1	1	1	2	1
12.9227127925965	-35.617998338569	-0.0753859019612934	-1.35378635433836	-0.425506854476767	-0.51757628263981	2	2	2	1	2
24.4651147406828	-24.0755963904826	0.834564806630195	-1.36149877943564	0.120018035572937	-0.375016639805378	2	2	2	1	2
34.8509945276886	-13.6897166034769	1.26909336549008	-0.825639812667644	0.657724853319427	0.304465728145448	2	2	2	1	2
48.5407111311655	0	0.862771549536178	-0.0601992215874249	1.01610794084908	1.08119971188695	2	2	2	1	2
59.2162310069229	10.6755198757574	-0.0426936187844948	0.486308499928872	1.08085830079881	1.45258582040876	2	2	2	1	2
71.689980024507	23.1492688933415	-0.685827381169909	0.493653882773304	0.83132331594897	1.17831208974574	2	2	2	1	2
13.4533462040318	-35.3120081961697	-0.957301489311291	-0.819587814445711	-0.383522678384174	0.0943125670798171	2	2	1	1	3
23.2959777407659	-25.4693766594356	-0.200584600381412	-0.186154378431324	0.328458498681388	-0.501914018153899	2	2	1	1	3
37.9065300695946	-10.8588243306069	0.570683079386256	0.40690317101322	1.1364285730831	-0.439784688149826	2	2	1	1	3
48.7653544002015	0	0.808955886698945	0.707792562969593	1.46152340584197	0.237021355322801	2	2	1	1	3
59.4744114267786	10.709057026577	0.345076931222606	0.588766290696017	1.07083122656746	1.05268459627145	2	2	1	1	3
71.5952009477165	22.829846547515	-0.491632441125141	0.100358902522204	0.244260535743364	1.43376380694092	2	2	1	1	3
11.457685560925	-35.6093700972813	-0.627818961752415	-1.25266165414853	-0.841276765413451	-0.703277984377363	2	1	2	2	4
24.5520084647772	-22.5150471934291	-0.0850334874585041	-1.41950375805056	-0.87100771519162	-0.0320894756410202	2	1	2	2	4
36.3410267359076	-10.7260289222986	0.72358485546419	-0.940021057316118	-0.324995080249703	0.736731076190765	2	1	2	2	4
47.0670556582062	0	1.26930675970173	-0.131212908428634	0.460156172137599	1.11841598772077	2	1	2	2	4
60.1983271748181	13.1312715166119	1.19530237228459	0.472195113897381	1.00041729482667	0.872299852815878	2	1	2	2	4
73.6093586208698	26.5423029626636	0.549960761850317	0.471273174484769	0.962729003315993	0.15356732188673	2	1	2	2	4
12.527861048874	-34.6536411876385	-0.152982296772014	-0.156508135503362	-0.470060389024285	-0.483944096250173	2	2	1	1	5
23.7132550106088	-23.4682472259036	0.599048388236267	-0.507697583069674	-0.397608934197396	-0.011325928872077	2	2	1	1	5
32.4283670442596	-14.7531351922528	1.15491045097525	-0.230935403694758	0.244666542650902	0.582376424789063	2	2	1	1	5
47.1815022365124	0	1.19991693227781	0.499757612674483	1.03853132885578	1.08740910453661	2	2	1	1	5
61.2927280000448	14.1112257635323	0.708588574440812	1.2249408871105	1.46703931216274	1.32534506953223	2	2	1	1	5
72.0232061655212	24.8417039290087	-0.0409217546849416	1.4886382217142	1.25115615336207	1.21212201678914	2	2	1	1	5
12.8468081576689	-34.8522057940161	-1.15850638905016	-1.25347357208187	-1.06076195318923	-1.37070611188742	2	1	2	2	6
23.3827414060981	-24.316272545587	-0.72636794566542	-0.654791028182033	-1.42884058474734	-1.36548854896142	2	1	2	2	6
35.2931781417009	-12.4058358099842	0.0529200014884202	0.108108174059403	-1.42830553758863	-1.00492003442756	2	1	2	2	6
47.6990139516851	0	0.690549321349071	0.585633584026175	-1.05936429576156	-0.423954551567289	2	1	2	2	6
60.3239739181724	12.6249599664873	0.786567214325657	0.496370745369527	-0.465087280736537	0.159963494740151	2	1	2	2	6
72.5766657325482	24.8776517808631	0.280746485854424	-0.107076118787723	0.124072922167561	0.528284610895815	2	1	2	2	6
13.4558581306036	-35.3211419104652	-1.14499705919735	-0.367486955016299	-0.452732592891378	-0.754432894018686	1	1	1	1	7
23.341069831111	-25.4359302099579	-1.27579279215408	-0.591297310727893	0.438400406821616	-0.330204309517249	1	1	1	1	7
36.406215271698	-12.3707847693709	-0.667032800362232	-0.448519998553256	1.08349300162633	0.450005254257614	1	1	1	1	7
48.7770000410688	0	0.208987728171076	0.00837537379708458	0.956609085554425	1.09360694293047	1	1	1	1	7
58.0028849792604	9.22588493819154	0.672624457746452	0.611483131486946	0.161195564160716	1.19425990499526	1	1	1	1	7
72.373330889628	23.5963308485591	0.364173401054756	1.13916562795202	-0.654256642886115	0.688416435354518	1	1	1	1	7
11.2258834649876	-36.246625083855	-1.28307843985271	-0.31094308951953	0.38390221504523	-0.507331916806586	1	2	2	2	8
24.0500500217835	-23.4224585270591	-1.40145745252322	0.195292127890708	-0.367004876614551	-1.03158828345898	1	2	2	2	8
34.5519135649074	-12.9205949839351	-1.08348935854623	0.744661785839702	-0.590139857383369	-0.787536229993722	1	2	2	2	8
47.4725085488426	0	-0.469710028590546	1.16804436346449	-0.131491946391987	0.0343174217645227	1	2	2	2	8
60.2717864719829	12.7992779231404	0.168601707273277	1.335103020354	0.692373866538429	0.792434422174445	1	2	2	2	8
72.8835167968007	25.4110082479581	0.549324160558367	1.19440933537562	1.31281425733696	0.89502929650366	1	2	2	2	8
12.9978261103032	NaN	-0.38477183786336	-0.110385963681011	-1.01578403708149	-0.871316740678438	1	1	2	1	9
25.1809702973108	NaN	-0.705295681244997	-0.80649227310915	-0.643106666790967	-0.0179811466866409	1	1	2	1	9
34.372210559393	NaN	-0.142918093218238	-0.929499233809508	0.13290123397423	0.507745832627665	1	1	2	1	9
49.0438756333678	NaN	0.800516089415005	-0.395381278803451	0.811411676581561	0.322792927189816	1	1	2	1	9
61.9772888468264	NaN	1.28312130169442	0.431007735287214	0.954520588273363	-0.438073820590717	1	1	2	1	9
72.5406234738748	NaN	0.874238607075427	0.985164750598706	0.469866862510226	-1.22044841121582	1	1	2	1	9
10.6759643449626	NaN	-0.456531958980817	-0.805329236318116	-1.27538879095455	-0.477119046414177	2	1	1	1	10
23.3729432730708	NaN	0.19720853403479	-0.643787575387353	-1.31907955479569	-0.46042970478709	2	1	1	1	10
35.3589778959902	NaN	1.06929950433756	0.201174909327785	-1.01517006526101	-0.0877047743681734	2	1	1	1	10
48.3184073153239	NaN	1.47526111220617	0.99972011534666	-0.472161542662761	0.500321677669981	2	1	1	1	10
60.684370543959	NaN	1.09646543263132	1.06210296114378	0.116082085182681	1.08162169600014	2	1	1	1	10
69.5918216902683	NaN	0.230218612416138	0.334440133995197	0.539547134399042	1.43670710274496	2	1	1	1	10
12.6845940492251	NaN	-0.528231659745008	-0.711954582333537	-0.477419178881371	-0.559330793374119	1	1	2	1	11
21.9054211744133	NaN	0.149409001081732	-0.902803473539493	-0.284217004404519	0.114728972887019	1	1	2	1	11
35.3568621500769	NaN	1.00033447920062	-0.70641425367601	0.506936584640307	0.915743628738495	1	1	2	1	11
46.2723175855607	NaN	1.37716782537824	-0.198837147577457	1.28981681662928	1.29990578833266	1	1	2	1	11
60.6869888720629	NaN	0.99321739822999	0.423372488681098	1.46453841464757	1.00640846365202	1	1	2	1	11
70.6937467656569	NaN	0.140589454503029	0.91926872759678	0.897220217915417	0.234506451998883	1	1	2	1	11
12.5034244510408	NaN	-1.39332930055503	-0.509523863644227	-0.669193632890948	-0.235783516503943	2	1	2	2	12
23.7089670129178	NaN	-1.01403295240176	-0.511403013068083	0.0169738928283287	0.35387041043868	2	1	2	2	12
36.0904675368726	NaN	-0.384509189145826	0.0534503842078408	0.53045568637189	0.793579967557147	2	1	2	2	12
48.3422449709948	NaN	0.224202343289245	0.837377253067825	0.629340325416875	0.927636358163663	2	1	2	2	12
59.3226956178194	NaN	0.550022645109298	1.35788197340835	0.267041301974027	0.708567884334623	2	1	2	2	12
70.9294982622876	NaN	0.45267072234	1.29460143766975	-0.385755152878419	0.213950500242344	2	1	2	2	12
11.2919749363788	NaN	-0.753730439406645	-1.16880676063597	-0.316374292817506	-0.231318187226955	1	2	2	2	13
24.8047300994509	NaN	0.0611168068205903	-1.45914247953153	0.334688514486672	-1.05540801181576	1	2	2	2	13
36.5052099155251	NaN	0.562476859591773	-0.965931744307666	0.724998839531433	-1.15168258449593	1	2	2	2	13
46.9194503941324	NaN	0.415890711952242	-0.0788029439445129	0.676857170732837	-0.435814571166178	1	2	2	2	13
59.306135120371	NaN	-0.280853515361541	0.501426723922361	0.212181327024741	0.465163994149023	1	2	2	2	13
70.8521721081046	NaN	-1.06295536391514	0.316385341198287	-0.457472232095363	0.762081906838513	1	2	2	2	13
10.2775794986891	NaN	-1.28647109436815	-0.572001866997054	0.0927990231336387	-0.377889229283891	2	1	2	2	14
24.2684290158663	NaN	-1.39028290600024	-0.117656411585803	0.93870917756097	-0.953062512646437	2	1	2	2	14
33.7725217983955	NaN	-0.951594496213912	0.375862138784182	1.35019406742511	-1.17477145997533	2	1	2	2	14
49.2166907455412	NaN	-0.215650281436213	0.787369770843048	1.02274919565554	-0.942321334252164	2	1	2	2	14
61.6307623192491	NaN	0.406127404280499	1.01582034092167	0.198688286164293	-0.361285250868025	2	1	2	2	14
72.0126869375792	NaN	0.56613989573506	1.00511756470578	-0.512172215825189	0.304444528184744	2	1	2	2	14
11.6146476966564	NaN	-0.538997518395639	-0.108012041387219	-0.278836974391241	0.27024020461044	2	1	1	1	15
22.3953651755861	NaN	-0.138632246822504	-0.626141781174178	-0.742874125700205	1.03443500556436	2	1	1	1	15
35.5909256880427	NaN	0.647593379506624	-0.435037018131345	-0.9541974050171	1.38620042364539	2	1	1	1	15
49.0265367817343	NaN	1.30904483828475	0.326607240457058	-0.844714340582043	1.10136938813131	2	1	1	1	15
60.5798216589772	NaN	1.41612541023494	1.10602478243112	-0.449702505681458	0.361454167141842	2	1	1	1	15
72.4295614705925	NaN	0.899288854589864	1.33755036773969	0.103557601768221	-0.36202467719152	2	1	1	1	15
12.0715396394824	NaN	-0.586908637618913	-0.623508315040272	-0.585800460666749	-0.92264801714433	2	1	1	2	16
22.9078622968131	NaN	-0.783455991084037	-0.546839320924083	-0.032607328640899	-0.738470301759846	2	1	1	2	16
35.0541213293174	NaN	-0.336970187992071	-0.0901705086028883	0.626902579965123	-0.125447922820004	2	1	1	2	16
47.7969941293778	NaN	0.461247421030725	0.553865755493195	1.1033896026965	0.591461757860701	2	1	1	2	16
59.2552585299892	NaN	1.09041461627711	1.11360163184378	1.18780973199221	1.03223170293958	2	1	1	2	16
70.0314081088959	NaN	1.14004297353338	1.3529289310387	0.843126235884974	0.963213935702226	2	1	1	2	16
