age	diseaseAge	x1	x2	x3	x4	z1	z2	z3	z4	id
12.8418347436823	-35.0985954145625	-0.807179170788673	-0.587350788366354	-0.306963485809048	-0.798139612527987	2	1	1	2	1
23.1898264509949	-24.7506037072499	-0.0922896847095066	-0.0627676034588656	-0.606691296722299	-1.33779009903662	2	1	1	2	1
36.9064633255751	-11.0339668326697	0.775825538215028	0.593319424686743	-0.503370976077797	-1.42916128358237	2	1	1	2	1
47.9404301582448	0	1.08900220683847	1.09833408544836	-0.0392041515245045	-1.02575238185127	2	1	1	2	1
60.319605484794	12.3791753265493	0.591766706964556	1.23476692806002	0.596218248699958	-0.332866963267246	2	1	1	2	1
72.4239303300869	24.4835001718421	-0.310261504447056	0.943856425444178	1.14335522272095	0.296870503481321	2	1	1	2	1
12.0465744151194	-35.1492472356668	-1.3228118549108	-0.0868308968335722	-0.947457559535266	-0.875001421505959	1	1	1	1	2
23.1812064653056	-24.0146151854806	-0.899095942865766	-0.731133605969327	-0.868458206895948	-0.245885076164589	1	1	1	1	2
36.827388944592	-10.3684327061942	-0.277380329424429	-0.86616946689713	-0.528936026003739	0.447054554668814	1	1	1	1	2
47.1958216507862	0	0.292790767878422	-0.410030896959188	-0.0257102335915969	0.851372716949787	1	1	1	1	2
58.8550606343617	11.6592389835755	0.582562069778008	0.360605913061557	0.497717715050775	0.761424057288106	1	1	1	1	2
73.4093995682431	26.2135779174569	0.475625168968435	0.97830218222039	0.892085453999243	0.22295849648562	1	1	1	1	2
11.7508599308381	-38.1493580655857	-0.389056479015998	-0.610881078825913	-0.103739966406121	0.0718585340202305	2	1	2	1	3
23.8498182529004	-26.0503997435234	0.26889922717009	0.314697029698131	-0.639177595516423	0.865687485304617	2	1	2	1	3
36.1849543252901	-13.7152636711337	0.992337108991436	0.846208258453844	-0.8110921237898	1.33594480327464	2	1	2	1	3
49.9002179964238	0	1.37411132683265	0.528305112349095	-0.543748445830347	1.18201974592075	2	1	2	1	3
59.0446925914975	9.14447459507368	1.19936198964802	-0.366663691544635	0.0450780424687462	0.502308497495332	2	1	2	1	3
72.6061380006388	22.705920004215	0.566436816568792	-1.07197530525923	0.695986134012764	-0.268685331035081	2	1	2	1	3
11.9480907067444	-36.2368696116416	-0.159181536865038	0.092062134089113	-0.955758836705871	-0.766589069230748	1	2	1	2	4
25.7117033282773	-22.4732569901088	-0.801368018772813	-0.401115344489265	-1.16407933711898	-0.911360657504739	1	2	1	2	4
34.7934276180766	-13.3915327003095	-1.00981274304943	-0.634490521026627	-0.994912710147747	-0.299791857707522	1	2	1	2	4
48.184960318386	0	-0.669631978933998	-0.528299407297128	-0.512152987134953	0.584333414779902	1	2	1	2	4
60.2804593258435	12.0954990074574	0.0316845903958605	-0.118836466451836	0.101862065744866	1.0416243699874	1	2	1	2	4
70.7470327638747	22.5620724454887	0.707608285892777	0.453950267287728	0.615219702248214	0.710339191046684	1	2	1	2	4
11.3535688073702	-38.1801199034537	-0.360914291875061	-0.362426134070593	-0.159754747553508	-0.987378361684152	2	1	1	2	5
25.5501898444097	-23.9834988664142	-1.00194417699457	0.22650558833071	0.597444175076377	-0.402250754988851	2	1	1	2	5
36.5969573660293	-12.9367313447945	-0.866236821244288	0.604792323914336	0.94684047353805	0.405617311251359	2	1	1	2	5
49.5336887108239	0	-0.0647867006910772	0.630151932595471	0.669022052677642	0.906346515848878	2	1	1	2	5
60.2020114214842	10.6683227106603	0.746903498515764	0.293046095803946	-0.0615481007425309	0.771509406205218	2	1	1	2	5
70.0241670784486	20.4904783676247	0.904955772921848	-0.279732107607548	-0.786090289500264	0.0895454183057517	2	1	1	2	5
12.226675271163	-34.2003421426409	-0.527955438162421	-0.547408151222085	0.157349369784309	-0.327109362226467	1	2	2	2	6
22.7103042369687	-23.7167131768353	0.112593734111298	0.191860714571814	1.00909325876043	-0.492043510207484	1	2	2	2	6
36.9716405111068	-9.4553769026971	0.70326908214584	0.957095813121194	1.43780925454285	0.00407155863647912	1	2	2	2	6
46.4270174138039	0	0.989809217981258	1.22526590793403	1.12450204732073	0.824987728726284	1	2	2	2	6
59.3027683434399	12.875750929636	0.84887042516456	0.813079175953555	0.302294568398258	1.4143189263949	1	2	2	2	6
71.9384493353568	25.5114319215528	0.341121044093248	0.0022615031225767	-0.417032114926223	1.37263865341114	1	2	2	2	6
11.0431957674901	-37.7115220752159	-1.16680590360226	-0.765521335494032	-1.3971160408094	-1.23142953769919	2	2	2	1	7
23.4397858159281	-25.3149320267779	-0.778873633005689	0.0677062943684419	-0.802467501109166	-1.18012079381448	2	2	2	1	7
35.7725984678706	-12.9821193748354	0.0409545134729351	0.901367604212053	0.0874198779081049	-0.810583151362739	2	2	2	1	7
48.754717842706	0	0.713189572347327	0.989507571953714	0.562896084597159	-0.249703622056906	2	2	2	1	7
61.2310941311655	12.4763762884596	0.762667572778606	0.253259095561945	0.244787637492784	0.309930303063098	2	2	2	1	7
71.9390406102953	23.1843227675893	0.154415386180677	-0.648587208221678	-0.613226550190886	0.676158832262548	2	2	2	1	7
11.8771149729917	-38.0086796036862	-0.800549898878184	-1.05524302228175	-1.41661938592579	-0.56742019330255	1	2	2	2	8
23.5200737806483	-26.3657207960296	-0.17797848498839	-0.263794288768919	-0.737911872011002	0.104805833480823	1	2	2	2	8
35.9639243801847	-13.9218701964932	0.547211201911589	0.604463674267932	0.131111046163891	0.545822798827559	1	2	2	2	8
49.8857945766779	0	0.979733127473455	0.773943545346753	0.50170947583042	0.550348262726486	1	2	2	2	8
60.7487928842363	10.8629983075584	0.883828455336895	0.093254326802063	0.0801674316325824	0.116275734170791	1	2	2	2	8
71.5652229268927	21.6794283502149	0.311772856556181	-0.829565874895719	-0.799423986820914	-0.554344809615463	1	2	2	2	8
13.6028425783148	NaN	-0.829976531685151	-0.918527638520909	-0.00374241282335291	-1.05623688315519	1	1	1	2	9
23.1166762660531	NaN	-0.584942735143378	-0.959043929618041	0.600660707187183	-1.27664084990261	1	1	1	2	9
38.5172048618216	NaN	0.0202531529519469	-0.473452756965086	1.12170625581773	-0.711886723594326	1	1	1	2	9
47.1142947612597	NaN	0.696878818370174	0.268427741819601	1.36785411005498	0.184004048398789	1	1	1	2	9
59.3293249823211	NaN	1.12212358429242	0.854372580388251	1.24861853327957	0.690800119303898	1	1	1	2	9
72.3756889559095	NaN	1.09310784133201	0.958802230130544	0.807831388374049	0.401074123980136	1	1	1	2	9
10.8976873235116	NaN	-0.397901510839638	-0.774330096099144	-1.26721397081554	-0.699640248839347	1	1	1	2	10
23.1910451238368	NaN	0.421460813403895	-0.826819870895953	-1.16199687153014	-0.29015915193673	1	1	1	2	10
36.7615991258814	NaN	0.834929571021272	-0.122633607079687	-0.522294638662146	0.26104281435542	1	1	1	2	10
47.7920569494919	NaN	0.554482881921364	0.756187170913228	0.253409342881923	0.7807196049949	1	1	1	2	10
59.8526783643082	NaN	-0.224520399879012	1.08325768165107	0.681913464026327	1.10553372450043	1	1	1	2	10
71.027644614229	NaN	-0.959427448289097	0.5882394813869	0.49629389073271	1.1333941699013	1	1	1	2	10
12.9186565427434	NaN	-0.975469331890249	-1.43334134687072	0.0218192549418495	-0.433156750597329	2	2	1	2	11
24.7964514455621	NaN	-0.418852423855065	-0.959294302130395	-0.700802744134457	0.128324351863132	2	2	1	2	11
34.815993031382	NaN	0.341943290272998	-0.249027755623138	-0.796970748085383	0.870268530892221	2	2	1	2	11
47.7859722067738	NaN	0.866158501759439	0.334380882931082	-0.195753889657382	1.38333537519963	2	2	1	2	11
61.5065037373591	NaN	0.85009442530329	0.492702028686744	0.659406858853674	1.3844591245781	2	2	1	2	11
69.6574899088829	NaN	0.30305762126338	0.145004330184969	1.13776851598759	0.873019791640745	2	2	1	2	11
10.5717758801769	NaN	-0.538790794119304	-0.903547062312458	-1.01518737582116	-0.511119087073991	1	2	1	2	12
25.4542608797708	NaN	-0.203769259503452	-0.997309976570536	-0.288013741948712	-0.801443684485934	1	2	1	2	12
35.9101888789654	NaN	0.504306610926485	-0.83544980309319	0.343705208823855	-0.765867366867869	1	2	1	2	12
48.8549239861899	NaN	1.18638881219821	-0.459442105393966	0.531217142202149	-0.416303732726581	1	2	1	2	12
60.3846301275513	NaN	1.45807850654404	0.0343637131348948	0.171002566814637	0.130187300876224	1	2	1	2	12
72.1805485642502	NaN	1.16626042054787	0.519433285516335	-0.538075282573249	0.690599869427033	1	2	1	2	12
10.5779791090229	NaN	-0.945392526581164	-0.080190508899662	0.00732479443973524	-0.998756518726623	2	1	2	1	13
26.0579552018763	NaN	-1.35504574559835	-0.706098501674467	-0.670228698234973	-0.732038070759553	2	1	2	1	13
36.1228157885026	NaN	-1.46311478931035	-0.856401764323897	-0.675887220664167	-0.20561938763653	2	1	2	1	13
50.9514572063573	NaN	-1.23281072034346	-0.445198845934652	-0.00542118538782474	0.390929647829668	2	1	2	1	13
60.3610058912987	NaN	-0.742533806518226	0.292499205251371	0.840014773913729	0.842784345005907	2	1	2	1	13
73.6723188764309	NaN	-0.159184448346696	0.935082559774934	1.22848089267164	0.987226235231598	2	1	2	1	13
10.7829582744819	NaN	-0.405359436960309	-0.14580897922993	-0.862742916810855	-0.752166056950257	1	2	2	2	14
23.63095027274	NaN	0.51360388282326	-0.500549227525062	-0.945030677054432	-0.822751318407981	1	2	2	2	14
34.7804511680153	NaN	1.01527631542534	-0.405755039613367	-0.306435572582233	-0.165023888959668	1	2	2	2	14
47.1235311100385	NaN	0.675379352755794	0.0950462227659902	0.561077768197856	0.705438860481602	1	2	2	2	14
57.9191315408138	NaN	-0.218626569143854	0.771897869363997	0.98918934823778	1.10630124534337	1	2	2	2	14
69.9598183108868	NaN	-0.910655458464321	1.31400482809601	0.64808806670624	0.723336482262906	1	2	2	2	14
11.2309233886166	NaN	-0.540164005228304	-0.368587196022985	-0.576363369768736	-1.00221892382495	2	1	2	1	15
23.2934845973166	NaN	0.268085826000578	0.490449144411317	-1.05584448906843	-0.420092958786885	2	1	2	1	15
34.2859275470089	NaN	0.561232539939871	1.27497246498714	-0.789979118224755	0.237543448915797	2	1	2	1	15
48.0919388873384	NaN	0.124337729842907	1.30307659701356	0.0211942929354308	0.677922540373438	2	1	2	1	15
60.4348467533804	NaN	-0.722262506586091	0.550333482723653	0.767344766766069	0.704995559515626	2	1	2	1	15
71.0822579883763	NaN	-1.35783153026242	-0.328974003669026	0.88706491256782	0.306710090982838	2	1	2	1	15
12.6182886062469	NaN	-1.06849448717867	-1.05211405444939	-0.538252292801134	-1.17479244444124	1	1	2	1	16
23.561965900364	NaN	-1.00268103614874	-0.254304032733519	0.388952263959742	-0.705730707324427	1	1	2	1	16
36.8566923322311	NaN	-0.602897965050177	0.488834838062627	1.02177579116067	-0.0829343131460409	1	1	2	1	16
46.3032903427961	NaN	-0.0151131277056883	0.634575580891626	0.80443036737023	0.450215731454046	1	1	2	1	16
61.308775671316	NaN	0.546062859729995	0.0764812485063381	-0.0721967282115984	0.685371087022066	1	1	2	1	16
72.4684817238293	NaN	0.875734741743107	-0.777862360764227	-0.838192983831453	0.530635994864035	1	1	2	1	16
