age	diseaseAge	x1	x2	x3	x4	z1	z2	z3	z4	id
11.83251359049	-35.8396156212495	-0.650478402184474	-0.942948076560708	0.0805379733267195	0.239808312328873	1	1	2	2	1
25.3214638161309	-22.3506653956086	0.243581073454081	-1.05646526700904	-0.498404018368908	0.815556384858325	1	1	2	2	1
35.7660110285996	-11.90611818314	0.568046922642578	-0.392209400350163	-0.679837392695558	1.18772182083056	1	1	2	2	1
47.6721292117395	0	0.0463590841772428	0.500455479932299	-0.37517500806618	1.22173607408758	1	1	2	2	1
58.7133803505885	11.041251138849	-0.876819248893772	0.88326267161946	0.266827869826926	0.905300182482386	1	1	2	2	1
72.0378173412619	24.3656881295224	-1.41461248724522	0.439616541529106	0.932705209421026	0.352831858595611	1	1	2	2	1
12.8161198442434	-33.8100580664443	-0.378327054706371	-0.876367890484384	-0.847791980007704	-0.232028429390771	2	2	2	2	2
24.7519214769304	-21.8742564337572	-0.839979060653947	-0.86719901345356	-0.724268584828954	0.322249077718697	2	2	2	2	2
37.016612527242	-9.60956538344566	-0.958059019075852	-0.315617196633018	-0.14641074411692	0.787929387604493	2	2	2	2	2
46.6261779106876	0	-0.686124977555253	0.452678551556042	0.57909381355801	1.02192508976715	2	2	2	2	2
57.840798990169	11.2146210794813	-0.13113113886797	0.984023596550769	1.06719650152853	0.952337419368026	2	2	2	2	2
71.6403422701533	25.0141643594657	0.488638227644914	0.964668374810702	1.05884553553864	0.600548254379473	2	2	2	2	2
11.4984202797374	-36.3531147082124	-0.929488486640756	-0.725440758109158	-0.626175637520517	-0.351133298341768	2	2	2	2	3
23.471475572482	-24.3800594154678	-0.415460999134431	-0.343659798073358	-0.160906475119636	0.205747152410329	2	2	2	2	3
35.4295085646863	-12.4220264232635	0.441766043633057	0.562997001128392	0.385207105261288	0.846177519763022	2	2	2	2	3
47.8515349879498	0	1.01117513660213	1.22303586874772	0.849291471728084	1.30320966860972	2	2	2	2	3
58.8059203054377	10.9543853174879	0.873615824551978	1.07481553626002	1.09293749294395	1.38634064025611	2	2	2	2	3
73.9867498852283	26.1352148972785	0.130347551663649	0.244459872491064	1.04347985935129	1.06091927045096	2	2	2	2	3
12.9976127815916	-35.0438052355005	-0.761954073854634	-0.194217101284425	-1.34312657194626	-0.796800029660343	1	2	2	1	4
24.1394520754501	-23.9019659416419	-1.25096518083506	0.345804643842889	-1.35425294339387	-0.960487740804578	1	2	2	1	4
35.712713557792	-12.3287044593001	-1.43345266934762	0.738055043571612	-0.67112268941413	-0.313677210876423	1	2	2	1	4
48.041418017092	0	-1.24099039431128	0.862289873653992	0.181882541250243	0.594894703509378	1	2	2	1	4
59.143742933644	11.102324916552	-0.745744681547079	0.680424989935838	0.549982365742424	0.994419746705095	1	2	2	1	4
70.9127971622115	22.8713791451195	-0.13341459058273	0.248211009563037	0.150617503830571	0.545951494374625	1	2	2	1	4
13.3571683739828	-34.7633480691233	-1.34085783733342	-0.107983415118924	-0.59950541774152	-0.693434152379625	2	1	1	2	5
25.3222756732447	-22.7982407698614	-1.3935542170239	0.416698534586381	-0.248679369855269	-0.578757452198779	2	1	1	2	5
35.5964694568923	-12.5240469862138	-0.948488440095469	0.82689301318701	0.232042245911417	0.212233037277451	2	1	1	2	5
48.1205164431061	0	-0.237261914692966	1.00709230795777	0.721736190493052	1.03302915091765	2	1	1	2	5
60.7160355600185	12.5955191169125	0.370020369467296	0.906553638438339	1.09722227812843	1.21276139479414	2	1	1	2	5
71.3418758309479	23.2213593878418	0.557343478315145	0.553587945810191	1.26404876699504	0.604527417046175	2	1	1	2	5
10.3838077456828	-39.9414370159389	-0.561263547228682	-0.342549500035	-0.133766304414814	-0.158859572889739	2	2	1	2	6
22.1090280092762	-28.2162167523454	-0.309354546683798	-0.966741429955374	0.411841855087573	-0.599922108179719	2	2	1	2	6
36.1583692594003	-14.1668755022213	0.234935089102219	-1.27270772990684	0.792365490347747	-0.879618341499179	2	2	1	2	6
50.3252447616216	0	0.857600661989061	-1.11871340575684	0.886592810520013	-0.929496945090069	2	2	1	2	6
60.6320690073577	10.3068242457361	1.3138214934136	-0.576094368137726	0.664508696525467	-0.737350902068418	2	2	1	2	6
72.1480912877958	21.8228465261741	1.42421992322008	0.10378802019468	0.196855700682188	-0.35020498503195	2	2	1	2	6
12.4265696148338	-36.1171813540111	-0.422735665856539	-0.96409804767961	-0.117720594586718	-0.00111092217150796	1	1	1	1	7
24.381255826594	-24.1624951422508	-0.546236830626217	-0.27480335109109	0.550154336852791	-0.72043007121062	1	1	1	1	7
37.0664993094549	-11.4772516593899	-0.327100423365177	0.331034312141864	0.881308453866663	-0.926024510190285	1	1	1	1	7
48.5437509688448	0	0.159314593996587	0.555131221703583	0.707270482539884	-0.482739425785372	1	1	1	1	7
61.217654982055	12.6739040132102	0.745734644084597	0.287153431799727	0.116580462789213	0.318015973029908	1	1	1	1	7
71.0686966047968	22.524945635952	1.23049535363509	-0.340960393162573	-0.590254092407303	0.949836658069587	1	1	1	1	7
13.1347981657022	-34.9004049206674	-0.635753563211687	-0.996263697794094	-0.849127514961598	-0.0142135906203048	2	1	2	1	8
23.0764243792959	-24.9587787070737	0.238053198480503	-0.549159127538936	-1.13087486943306	-0.504247235108565	2	1	2	1	8
36.2023047986944	-11.8328982876752	0.892737743494614	0.0282713734556516	-0.846887731986386	-0.766472440451552	2	1	2	1	8
48.0352030863696	0	0.812182552962039	0.541454791657099	-0.157827628954555	-0.717699420654565	2	1	2	1	8
61.1081700409738	13.0729669546042	0.0598929370146436	0.817467036629565	0.546479869097512	-0.373401200417574	2	1	2	1	8
72.7398867890725	24.7046837027029	-0.771067081360716	0.763302051048958	0.867583203193664	0.157195133479538	2	1	2	1	8
11.0506141490024	NaN	-1.34108086702708	-0.783003142877035	-0.996335461696889	-0.473035289485613	1	2	2	2	9
22.8382157106147	NaN	-1.21627121082683	-0.911765961756155	-1.14945624125455	-1.11731323669263	1	2	2	2	9
35.2479735066863	NaN	-0.726170343309179	-0.515197276465485	-0.76768479164632	-1.30948732671577	1	2	2	2	9
45.8521150155459	NaN	-0.0775668480057305	0.194227347710803	-0.0581344960351025	-0.94092455514438	1	2	2	2	9
59.8350895852092	NaN	0.45587357286434	0.836408816619869	0.594259202137537	-0.219967686525409	1	2	2	2	9
71.1980884979379	NaN	0.649076049327962	1.06727591212844	0.835568668625118	0.445837648618628	1	2	2	2	9
11.6271356046154	NaN	-0.899704570891276	-0.756592326460267	-0.5229986173104	-0.0458300145052546	1	2	2	1	10
22.1661902127098	NaN	-0.723435032399207	-1.24066681904142	-0.465378187528086	-0.697115575442418	1	2	2	1	10
36.653835103124	NaN	-0.302240735643365	-1.40033743352724	-0.00970508101212997	-0.990277042543586	1	2	2	1	10
49.417827914665	NaN	0.238432152848	-1.17384683995037	0.645011755683	-0.776408648168486	1	2	2	1	10
59.9205725372794	NaN	0.737552627362303	-0.648796970369949	1.21283377121642	-0.164140758215194	1	2	2	1	10
73.7653010607217	NaN	1.04646542203806	-0.0282663821611904	1.44577252930374	0.535536847327493	1	2	2	1	10
12.4854640579776	NaN	-0.495471176426556	-0.797262254385919	0.229901991305101	-0.695371880040529	2	2	2	1	11
25.4947133397834	NaN	0.183841256924687	-0.0267845083634725	-0.367869982525	-0.26750982253271	2	2	2	1	11
37.0651373783447	NaN	0.79734744374066	0.572626602231004	-0.55932017642216	0.254714525505694	2	2	2	1	11
47.259781736818	NaN	1.0478941754314	0.640859372965523	-0.247749038552959	0.727835788974721	2	2	2	1	11
61.0169352436568	NaN	0.814128535231692	0.136921204715661	0.409472008349206	1.02187818297213	2	2	2	1	11
72.0398597616959	NaN	0.209275477569351	-0.636434033780961	1.0803872770257	1.05606243608214	2	2	2	1	11
12.5206173487676	NaN	-0.134739475924342	-0.740418241483636	-0.800369409814467	-0.322872877622856	2	2	2	1	12
22.7689269605053	NaN	-0.913771111325308	-0.696300904333879	-0.199266260277113	-1.05879944174144	2	2	2	1	12
37.3406984369819	NaN	-0.949147327455587	-0.373051777462898	0.35389714092513	-0.990295570084584	2	2	2	1	12
48.8509887234235	NaN	-0.210564779914603	0.133015835253661	0.652489580292338	-0.177572901452381	2	2	2	1	12
60.5601670351405	NaN	0.669305099622592	0.671117168402817	0.584973457986463	0.665024066760273	2	2	2	1	12
73.7577703212655	NaN	0.936763840717035	1.08092288802114	0.176569058380172	0.796892751414743	2	2	2	1	12
11.30198390521	NaN	-0.967990048760375	-0.200611783372213	-1.44820376866378	-1.00155211159943	1	1	1	2	13
24.2430497440113	NaN	-0.895381875331804	0.692326028883509	-0.977143414509161	-0.927546906678361	1	1	1	2	13
34.3748995345364	NaN	-0.516848566250959	1.40470602556766	-0.219008425546544	-0.349235849822349	1	1	1	2	13
49.8230346435814	NaN	0.0408206260481385	1.32513400135756	0.383843396673862	0.403664138782553	1	1	1	2	13
61.0769207549282	NaN	0.590835111937392	0.521901984011278	0.479659118149029	0.9018964116835	1	1	1	2	13
71.3158320166304	NaN	0.948968236005382	-0.315622830282344	0.0125320302811936	0.86139998022971	1	1	1	2	13
12.3240113803264	NaN	-0.0386936229254625	-0.297311492665154	-0.916792011999662	-0.126898528043676	1	1	2	2	14
24.2104620325369	NaN	0.467039925877928	0.591162186615381	0.00687603276218146	0.526940326145793	1	1	2	2	14
37.1126384345521	NaN	0.93355195156152	1.12721696313384	0.561492796198168	0.944690356224041	1	1	2	2	14
48.0185078555127	NaN	1.24020351473364	0.887696411167299	0.273346783504364	0.939305685457376	1	1	2	2	14
61.8597903306931	NaN	1.30769522479514	0.06167572432865	-0.611449577073577	0.513197278278966	1	1	2	2	14
73.3365724818629	NaN	1.11857388038938	-0.698792402905643	-1.33717046872155	-0.142846559229312	1	1	2	2	14
13.517497173066	NaN	-0.219741679759424	-0.248763249300842	-1.20606830380827	-0.875939979555542	2	2	1	1	15
25.5881581044895	NaN	0.701033890795595	0.251958358108686	-1.40340758777337	-0.121187609786412	2	2	1	1	15
35.9310838583503	NaN	1.15189462427919	0.635633545512745	-1.18087132267546	0.726820188980254	2	2	1	1	15
47.2998556037638	NaN	0.746752551958144	0.801895535634912	-0.631916779517245	0.97448547293325	2	2	1	1	15
58.9334204858241	NaN	-0.167454861593483	0.707251340969189	0.0129147702121474	0.41923919500361	2	2	1	1	15
71.849936618441	NaN	-0.807859521893838	0.376459228712345	0.482817141877382	-0.484774617783288	2	2	1	1	15
13.0818093152085	NaN	0.359110930333481	-0.0446085836546027	-0.836005607769868	-0.0446455483913539	2	2	2	1	16
24.932658202481	NaN	-0.256564075770726	0.519646139752305	0.09853092583803	0.762463598189217	2	2	2	1	16
36.3599778511177	NaN	-0.557377565007225	1.06328292583619	0.499724268970811	1.2033935683988	2	2	2	1	16
47.1111373831366	NaN	-0.406496699225506	1.40348446874297	0.00938339049791692	0.983528342146323	2	2	2	1	16
59.273691850007	NaN	0.127446436158583	1.42584583651496	-0.934708511349618	0.249775188820022	2	2	2	1	16
71.6510892746677	NaN	0.801573920972563	1.12284721975748	-1.48965297478736	-0.507594310223261	2	2	2	1	16
