age	diseaseAge	x1	x2	x3	x4	z1	z2	z3	z4	id
12.0971075093659	-48.0913138366121	-0.541937959850407	-0.411647679426698	-1.2447195407808	-1.24495721164092	2	2	2	2	1
23.4565315826789	-36.7318897632992	-0.52915865292894	0.33832268234822	-0.524914924253803	-0.68015047621254	2	2	2	2	1
34.6082036914157	-25.5802176545623	-0.238525819550653	0.924556300607825	0.283585341019869	0.173534031206849	2	2	2	2	1
47.8500291022092	-12.3383922437688	0.245520328394793	1.01442887294681	0.595585365140831	0.693222175670221	2	2	2	2	1
60.188421345978	0	0.782345441987541	0.556947415086366	0.18525821940388	0.499733708957582	2	2	2	2	1
73.0405573252372	12.8521359792591	1.21598081730465	-0.188316724547695	-0.650399583619488	-0.265756309200654	2	2	2	2	1
11.1465268392944	-35.884306526729	-0.158750013595279	-0.368172828836312	-0.975839761603783	-0.666281619188547	1	1	1	1	2
23.7459504336843	-23.2848829323391	0.343462961142566	0.349750491178938	-0.830282148214322	-0.181702123233901	1	1	1	1	2
35.3165267699339	-11.7143065960895	0.74639097650515	0.689157361736437	-0.211643227537671	0.513199835011559	1	1	1	1	2
47.0308333660234	0	0.946393106815525	0.454741338424141	0.530122462274771	1.08010999625142	1	1	1	1	2
59.5790920061646	12.5482586401412	0.892024912540057	-0.218606496703147	0.975409460397903	1.24302713612342	1	1	1	1	2
72.7539192570752	25.7230858910518	0.597270951136293	-0.943418526047576	0.872325749429135	0.922634754150793	1	1	1	1	2
12.3973218060648	-34.3700899932694	-0.513385560982175	-0.888417651776195	-0.628705023896281	-0.618632947950759	1	1	2	1	3
23.2339938394115	-23.5334179599227	0.24376481555263	-0.825920358355393	-0.701152725340904	-1.3213601724415	1	1	2	1	3
36.0587184425519	-10.7086933567824	0.83020811858904	-0.145075896385492	-0.268673868931337	-1.19139564021175	1	1	2	1	3
46.7674117993342	0	0.907006891480144	0.672119483880349	0.442149137893582	-0.344024334081872	1	1	2	1	3
58.8572835211966	12.0898717218624	0.429774949538456	1.04714141892935	1.05890505291402	0.469093390667754	1	1	2	1	3
71.4300963784987	24.6626845791645	-0.32566943154785	0.714497308684678	1.25846584812036	0.52668180349405	1	1	2	1	3
12.0964547604652	-37.0986119410552	-0.614390368855681	-0.875993927309177	0.342465559575239	-1.22751629154918	1	2	1	1	4
24.1955938586212	-24.9994728428992	0.0808482823489438	-0.297589013613388	1.14412202108853	-0.687502584326953	1	2	1	1	4
35.3236392702388	-13.8714274312816	0.911546958821389	0.222849102990022	1.44456659056762	-0.0277777721826591	1	2	1	1	4
49.1950667015204	0	1.26395174211316	0.508488522771225	1.02764987239054	0.463515379781649	1	2	1	1	4
59.8184883919088	10.6234216903884	0.877691666492399	0.462276090655249	0.193315036822981	0.571798664597256	1	2	1	1	4
72.4110577415095	23.2159910399891	0.0381513625921464	0.0999136391972058	-0.458190853034722	0.249778052197761	1	2	1	1	4
13.5396004121502	-22.8123240437928	-0.486822457678843	-0.767369187875867	-0.429414950221657	-0.635840755782394	1	1	2	2	5
24.3566715073164	-11.9952529486267	-0.47419979419081	-0.09432244935338	0.102801659656633	-0.113858895433358	1	1	2	2	5
36.351924455943	0	-0.0429832940183069	0.521150862286541	0.65328427289613	0.564827773252203	1	1	2	2	5
49.0488736980445	12.6969492421015	0.613971995182715	0.784618107311075	1.04612737411834	1.08760532350055	1	1	2	2	5
60.92375375555	24.571829299607	1.2028527718433	0.570040747625024	1.15579880931621	1.21367406032311	1	1	2	2	5
70.0439820096448	33.6920575537018	1.46029102893885	-0.0199308219544546	0.947253311179218	0.884964708633289	1	1	2	2	5
11.7423702127239	-38.0473845379384	-0.83950399387391	-1.04174138335768	-0.984947375989538	-0.701161887834038	1	2	2	1	6
23.8275336941106	-25.9622210565517	-0.699361473550696	-0.491207355079626	-0.110252507104093	-0.106999367906376	1	2	2	1	6
36.6658305571076	-13.1239241935547	0.117069787692609	0.233153193561964	0.572264224865522	0.638348613915766	1	2	2	1	6
49.7897547506623	0	0.927101487839972	0.750841432289869	0.513303086766937	1.11553510269827	1	2	2	1	6
59.4918718497666	9.70211709910434	1.05339654757546	0.78992127947507	-0.239683110491537	1.05608590130514	1	2	2	1	6
70.1459027555889	20.3561480049266	0.390348819784452	0.329864510369177	-1.08067974800396	0.493448261470418	1	2	2	1	6
11.5770035075947	-37.9534594356825	-1.27371288400309	-0.991377308026681	0.0410002451250712	0.37828661986802	2	2	2	2	7
24.090821493342	-25.4396414499352	-1.36285979951374	-1.02832677666113	0.86958657302058	-0.198779225068346	2	2	2	2	7
38.2114170355979	-11.3190459076794	-0.959230547885063	-0.568311043867695	1.3944489942926	-0.52121205587012	2	2	2	2	7
49.5304629432773	0	-0.267520380028005	0.147910259438526	1.25490662573916	-0.463173696745944	2	2	2	2	7
58.8515091982476	9.32104625497033	0.361479016398942	0.74548652632197	0.546851767311884	-0.0473151947990224	2	2	2	2	7
72.6839859399792	23.153522996702	0.608778894284604	0.911662711243622	-0.243146450979754	0.564063366749597	2	2	2	2	7
11.7240010746742	-35.5366360712696	0.24269593326142	-0.412168950454463	-0.751938447316668	-0.0797352302558581	2	1	2	1	8
22.5184646007987	-24.7421725451451	-0.505580301130467	-1.18548937573439	0.051039275322157	0.465190829162082	2	1	2	1	8
35.734703002685	-11.5259341432588	-0.454940125938577	-1.24710039260716	0.76030913783043	0.836576709708247	2	1	2	1	8
47.2606371459438	0	0.350016092763973	-0.545857972992139	0.874512972229061	0.91489290402477	2	1	2	1	8
61.1254028990024	13.8647657530586	1.20033855591103	0.336128321858268	0.312924064728465	0.674933563922078	2	1	2	1	8
70.5172160066607	23.2565788607169	1.34712201203288	0.666711318919554	-0.527489941317427	0.19392893214988	2	1	2	1	8
12.1933901755457	NaN	-0.299684297105981	-1.1403358553064	-1.09599876640376	-0.142244715560504	2	2	2	2	9
24.313559546571	NaN	0.431744578589006	-0.850755041301716	-1.3502335415666	0.76626883395108	2	2	2	2	9
35.127044971365	NaN	0.822110921706989	-0.035918128043599	-1.35916492297401	1.43982394558631	2	2	2	2	9
48.7911703478231	NaN	0.648604939688452	0.697088876857063	-1.12051787867754	1.29808994821813	2	2	2	2	9
60.9259435998267	NaN	0.0102588174103096	0.802146512051079	-0.695081398130098	0.463183925353651	2	2	2	2	9
72.2136239107787	NaN	-0.728577983158127	0.200982648132877	-0.191224113363616	-0.345544563918111	2	2	2	2	9
11.3006888929259	NaN	-1.25000925467952	-0.0108890800195987	-1.08256079140745	-0.42979810555372	1	1	2	2	10
24.8628491672384	NaN	-0.617441644885519	0.7249814476884	-1.00038573402644	-0.653262017957465	1	1	2	2	10
34.8408789680495	NaN	0.180404349027239	1.19497225960713	-0.506851937365504	-0.217290793789163	1	1	2	2	10
47.5238887075168	NaN	0.62239814402793	1.1405843214347	0.170600509121416	0.587652807547606	1	1	2	2	10
59.1800322248968	NaN	0.419841813646921	0.591731472205209	0.719774454859775	1.22528077747025	1	1	2	2	10
71.9464852480161	NaN	-0.29496053912673	-0.149712447355706	0.887588606958256	1.27077796913059	1	1	2	2	10
10.8444235707658	NaN	-0.826620006776628	-0.849111160505099	-0.102712683542949	-0.574003740592214	1	1	2	2	11
24.5150658010308	NaN	-0.109909297415911	-0.884446450180373	-0.693657744229667	-0.585110693577161	1	1	2	2	11
35.8509865130065	NaN	0.609487513748273	-0.50524040849821	-0.759125419323496	-0.073167691043532	1	1	2	2	11
47.9625473788544	NaN	0.894148983497293	0.124902240208619	-0.26032663322144	0.67473437073764	1	1	2	2	11
59.0359735798925	NaN	0.570989786744916	0.734112635742958	0.507204309596225	1.23918186138744	1	1	2	2	11
71.4384353742265	NaN	-0.163496625274286	1.05955293306437	1.08871144405324	1.30364005890244	1	1	2	2	11
14.3008818945395	NaN	-0.0455582581893367	-0.536794322943002	0.118085445050877	-0.37953245579222	1	1	1	1	12
23.1411718155318	NaN	0.879907355822266	0.0404459343397278	-0.561888503967544	0.228267029866003	1	1	1	1	12
34.272396586549	NaN	1.29052537972755	0.536516611234459	-0.657596713798328	0.758758245862969	1	1	1	1	12
47.4435690608081	NaN	0.827296795221434	0.785748443924492	-0.103773233688195	1.01392083691749	1	1	1	1	12
58.1542036185833	NaN	-0.104782519758422	0.704907215664927	0.721915108796166	0.898508387233365	1	1	1	1	12
71.4285709214859	NaN	-0.690805426266231	0.320990907581429	1.25640967120995	0.455601750180367	1	1	1	1	12
10.9013866263814	NaN	-0.563718620847469	0.0927747822226164	-0.529242952215205	-0.468233146035232	2	1	1	2	13
23.7578333832218	NaN	-1.15919850069043	-0.539451071309973	0.289137601026067	0.334384217274216	2	1	1	2	13
33.4953463221703	NaN	-1.23151334971583	-0.788880437461076	1.12689371905386	1.12548096653842	2	1	1	2	13
47.1267862964627	NaN	-0.737803464181199	-0.528296599727959	1.24735301237074	1.27859806976229	2	1	1	2	13
62.036232442575	NaN	0.0293182318192968	0.109394598757796	0.544590816822872	0.672484122036457	2	1	1	2	13
73.5674984814777	NaN	0.615192576742411	0.798950859281024	-0.363426021747468	-0.212887273759012	2	1	1	2	13
13.3858926928223	NaN	-1.27188676408453	-0.48090875887719	-1.03283621400997	-0.739819654785031	2	1	1	2	14
23.8826959107404	NaN	-0.599698756944606	-1.04775925248857	-1.14457940463311	-0.156118013491581	2	1	1	2	14
36.1708090430615	NaN	0.252156817638918	-1.22501151662519	-0.70207491701283	0.445031013759518	2	1	1	2	14
49.7637377513546	NaN	0.636923155152952	-0.928293557213522	0.0422607051086264	0.829404828826236	2	1	1	2	14
59.6423867576354	NaN	0.262472981491852	-0.298842982895305	0.663838264612556	0.847241842582548	2	1	1	2	14
72.2480449951431	NaN	-0.586898800555459	0.363722030027794	0.808093087858073	0.491592311261584	2	1	1	2	14
12.4208230309834	NaN	-0.418154675555828	-0.147549121822029	-0.814546358162468	-1.13074343602733	1	1	2	1	15
24.9529966620316	NaN	0.301336899615523	0.778940521226377	-1.14802977649807	-0.569035896427419	1	1	2	1	15
35.5156416728784	NaN	0.845393334431864	1.41541825251478	-1.16038489675244	0.128494464137979	1	1	2	1	15
49.1330982661541	NaN	0.932230892378785	1.20286209447037	-0.847437255824916	0.620492243613641	1	1	2	1	15
58.9891397220003	NaN	0.516873703340293	0.327961318334001	-0.314923451385028	0.666184983454451	1	1	2	1	15
72.9783153980782	NaN	-0.185551835447086	-0.440853794656217	0.257234412899484	0.243211702029844	1	1	2	1	15
11.2536663127467	NaN	0.169420646360177	-0.285409678467853	-0.522338844066654	-0.61167720015223	2	2	1	1	16
22.2123802674533	NaN	-0.576800741599401	0.494912008741667	-0.13656776196624	-1.02512669926316	2	2	1	1	16
36.6080828348033	NaN	-0.502009968766509	1.16915787839129	0.353443903287008	-1.24309945466557	2	2	1	1	16
48.0574334500926	NaN	0.326716230915669	1.29996654102305	0.826069318997134	-1.20982932656395	2	2	1	1	16
59.1641095545441	NaN	1.16612779193397	0.802486667148659	1.16399713027074	-0.933828143013619	2	2	1	1	16
72.2967242614675	NaN	1.26339139254881	-0.000582712123044837	1.28334955974134	-0.485708034219461	2	2	1	1	16
