age	diseaseAge	x1	x2	x3	x4	z1	z2	z3	z4	id
13.3136720997293	-35.0144035846633	-0.613259808679503	-0.664970209647801	-1.15319459779666	-0.423143647352311	1	1	1	2	1
24.642955655385	-23.6851200290076	-0.82642791275233	-0.128243075508853	-0.966663857991113	-0.705943825501518	1	1	1	2	1
35.9284213830518	-12.3996543013409	-0.489410112295062	0.315435842384492	-0.460330582726216	-0.588855984457274	1	1	1	2	1
48.3280756843926	0	0.211619915970853	0.537855761301359	0.166713520063557	-0.119151314885816	1	1	1	2	1
60.7451943710684	12.4171186866758	0.889402692939796	0.474743553199805	0.667912896016611	0.513539058459731	1	1	1	2	1
71.9424936002737	23.6144179158811	1.16952086903684	0.144336878861628	0.846194501252935	1.05378274392898	1	1	1	2	1
12.636992913392	-34.8000615456324	0.302093137793469	-0.981132951832027	-1.0651562009371	-0.737369737532955	1	1	2	1	2
24.7666715973364	-22.670382861688	-0.374892064008823	-0.444957614682705	-1.28412823166009	-0.444851784156891	1	1	2	1	2
35.8884006556663	-11.5486538033581	-0.47439856416541	0.425366248159729	-1.25665078749377	0.177371707836528	1	1	2	1	2
47.4370544590244	0	0.070763191674179	0.970571077630012	-0.989631400466525	0.837584712801708	1	1	2	1	2
59.3956086341381	11.9585541751137	0.892484835050176	0.777665948784911	-0.550195854072866	1.22626064364217	1	1	2	1	2
71.8170620163646	24.3800075573402	1.43591707539675	-0.00722411658250622	-0.0488134879192298	1.16117719716967	1	1	2	1	2
10.9301369020352	-36.1369767258824	-0.710612950486543	-0.0555101298069052	0.139144269366905	-0.709816485576751	2	2	1	1	3
24.439682381525	-22.6274312463926	-0.161309896344752	-0.472916477094928	0.825670665488689	-0.585902202236912	2	2	1	1	3
34.3324327270766	-12.734680900841	0.63620239296261	-0.605817439367908	1.31120682740706	0.1041409882541	2	2	1	1	3
47.0671136279176	0	1.17464149434882	-0.410525326790706	1.36523335853535	0.894922640573243	2	2	1	1	3
62.321383474797	15.2542698468794	1.1115165199643	0.04876272394479	0.962099927688816	1.25311059465062	2	2	1	1	3
71.0738983901337	24.0067847622161	0.48698006732058	0.621067866919444	0.293203350411536	0.937129752355334	2	2	1	1	3
11.157443741667	-35.2019560816337	-0.872421330549913	-1.08546938861592	-0.0608438786578042	-0.723312326751024	2	1	2	2	4
23.5736121729895	-22.7857876503112	-0.423710967619861	-0.878730576507689	0.708103994312353	-1.20645566685021	2	1	2	2	4
36.4232441973552	-9.93615562594543	0.458810123323588	-0.331927366399143	0.936362007372169	-1.10638723750581	2	1	2	2	4
46.3593998233006	0	1.07771780283096	0.320507941643441	0.461251011219782	-0.483671023633796	2	1	2	2	4
60.2337499084488	13.8743500851482	0.943911968696581	0.798855135519416	-0.378618087820235	0.284809120078018	2	1	2	2	4
70.902873143081	24.5434733197804	0.163134477610503	0.89803123323909	-0.984671821394119	0.733949262880405	2	1	2	2	4
12.1662718288477	-36.7584744041302	-1.32809971093613	-0.684797802611962	-0.231176054045789	-0.74266333879341	1	1	1	1	5
23.8602564315077	-25.0644898014702	-0.938704788011445	-0.107151531374183	-0.586369959650904	-0.42639354610995	1	1	1	1	5
38.5204371298838	-10.4043091030941	-0.00512773764829688	0.678287187588469	-0.660158501614237	0.264926271043028	1	1	1	1	5
48.9247462329779	0	0.637421453809095	1.18508731260922	-0.429857249106001	0.951059399924409	1	1	1	1	5
57.8801528890319	8.95540665605402	0.414096284710047	1.09938182035583	0.0337334717861527	1.25462188747025	1	1	1	1	5
72.0151303249726	23.0903840919947	-0.475308904070221	0.474249087112632	0.588094357094478	1.00864961734537	1	1	1	1	5
9.60418413318898	-49.7774028033033	-0.803120800013936	-0.827973997835631	-0.871755830981661	-0.0126981050784436	2	2	2	1	6
25.0352334867189	-34.3463534497734	-0.875732287172676	-0.405409617940354	-1.29853994756605	0.65592287366292	2	2	2	1	6
35.5161515783353	-23.865435358157	-0.620117295167022	0.316125843043706	-1.20128096308878	1.11609516922039	2	2	2	1	6
47.1059436301658	-12.2756433063264	-0.121350746410683	0.94468591611697	-0.632495770137844	1.15847154427257	2	2	2	1	6
59.3815869364922	0	0.454565650413065	1.13882944624711	0.100688931944816	0.763773617372964	2	2	2	1	6
72.3207528234369	12.9391658869447	0.915952829878044	0.793095405905625	0.602375710614628	0.111562221215362	2	2	2	1	6
12.1560597940246	-35.2469753553208	-0.460355269059903	-0.922282543453739	-0.416022715128384	-0.422671308920411	2	2	1	2	7
24.1398629425606	-23.2631722067849	0.0416826577896404	-0.365395541633384	-0.651280562645333	0.381078317348403	2	2	1	2	7
35.3255737301322	-12.0774614192133	0.597590810600797	0.490000448647953	-0.184695422555202	1.01993625728658	2	2	1	2	7
47.4030351493455	0	1.03346492787063	1.01770572645134	0.65244664944511	1.06912840802842	2	2	1	2	7
59.1775333231193	11.7744981737738	1.21295089050818	0.831409283894102	1.26575575264565	0.495947104233771	2	2	1	2	7
73.7317518773423	26.3287167279969	1.07990026171722	0.0674909707075481	1.21976848226875	-0.318501685339552	2	2	1	2	7
12.3280264631623	-24.3982081529724	-1.13157662772025	-0.361704612766746	-0.909000363349503	-0.92489807111558	1	1	2	2	8
24.2175658842195	-12.5086687319153	-0.303638358275153	0.176833574252961	-0.281993842345939	-1.19936316301941	1	1	2	2	8
36.7262346161347	0	0.427866152078926	0.753763149774221	0.410873175645446	-0.731808014970012	1	1	2	2	8
47.5127071854624	10.7864725693276	0.50437127651692	1.17023089860146	0.818090336810803	0.128141593999051	1	1	2	2	8
58.66267747831	21.9364428621752	-0.132541124811536	1.28269078947994	0.733065258076	0.737437344946695	1	1	2	2	8
72.6630728515921	35.9368382354574	-0.99653450900736	1.05238070684032	0.198933483106781	0.640463461903746	1	1	2	2	8
11.2989605930888	NaN	-0.104270964175692	-0.577559628691659	-0.747926111605029	-0.745698745681753	2	1	2	2	9
24.1217425601905	NaN	0.789113768305854	0.340202027551557	-0.699516220303357	-0.74788706714542	2	1	2	2	9
35.4264477678979	NaN	1.28038983548459	0.784951383412337	-0.188864725216328	-0.418650616690562	2	1	2	2	9
47.7995960433886	NaN	0.975952390142057	0.377632761884824	0.524019126407784	0.127967879644532	2	1	2	2	9
59.7901041941774	NaN	0.11971328178024	-0.534600021504076	1.07615511142355	0.702627711440711	2	1	2	2	9
71.5524850758037	NaN	-0.602318367754917	-1.17425957809886	1.18641125778383	1.10627505682558	2	1	2	2	9
9.86170949148389	NaN	0.0409127843398659	-0.611984816383204	-1.04739820464153	-0.688897762573685	1	2	2	2	10
24.5839472452575	NaN	0.827025116249361	0.112717265931531	-0.959670725164112	-0.124010872071794	1	2	2	2	10
34.4717754755897	NaN	1.39396501408331	0.834639647853646	-0.345672570725972	0.415422761258437	1	2	2	2	10
48.7127129124866	NaN	1.39074652283357	1.10693183521793	0.423904428905384	0.748879998470239	1	2	2	2	10
59.5512863522489	NaN	0.819362173329752	0.761052303993632	0.884440137532008	0.764768340604356	1	2	2	2	10
72.1017173611512	NaN	0.0335494293727361	0.0110911604297223	0.757893288628756	0.457770704673202	1	2	2	2	10
13.4036675525159	NaN	-0.493118263969063	-0.594248552140642	-0.835615649932195	-0.279782037528751	1	1	1	2	11
24.0327783897264	NaN	-1.2701643110319	-1.12731663399314	-0.815046065648805	-0.88304078300492	1	1	1	2	11
35.4280442393093	NaN	-1.38850454094092	-1.04885348967062	-0.191970958448839	-1.14601502551318	1	1	1	2	11
46.8362570911618	NaN	-0.753990512904128	-0.409317791582402	0.617477657090953	-0.947082692385324	1	1	1	2	11
61.0464169404575	NaN	0.128574745010671	0.380013005582175	1.07269483753984	-0.378247329082544	1	1	1	2	11
71.0659468232489	NaN	0.557045031180022	0.811530081649034	0.869655530089297	0.297412311008539	1	1	1	2	11
11.8556497913679	NaN	-0.836659533014943	-0.208231627496696	-1.29783167519816	-1.04856474053073	2	2	1	2	12
23.5656676726441	NaN	-0.231990597556161	0.296610333578045	-0.723672704755579	-0.767068219448553	2	2	1	2	12
36.2249846713025	NaN	0.425479178937637	0.799772696224056	-0.0231641002683852	-0.0809611454066259	2	2	1	2	12
46.7293864527078	NaN	0.83623699717969	1.16409018907697	0.456333408967471	0.623389299495512	2	2	1	2	12
60.6741992058211	NaN	0.813160607039064	1.29024753842045	0.477051716412188	0.949342551556621	2	2	1	2	12
70.7889373094107	NaN	0.366762543776791	1.14385344565594	0.0287172489252278	0.71334469585622	2	2	1	2	12
12.0202599491996	NaN	0.156284753181702	-0.934805620950383	-1.26997118626286	-0.527654317411635	1	1	1	1	13
23.3851182752775	NaN	-0.530967153662665	-0.932398734710702	-1.01555598461506	-0.256055992058486	1	1	1	1	13
36.4287119409148	NaN	-0.367461174227391	-0.455320191103032	-0.319063386303193	0.423305690805839	1	1	1	1	13
48.2636358967661	NaN	0.500286213870757	0.253721924674711	0.405558235511717	1.13008277360213	1	1	1	1	13
60.7202422965811	NaN	1.29469310687261	0.834010794499148	0.727642507296607	1.46857849172636	1	1	1	1	13
72.9462787530268	NaN	1.30389746671009	0.990331296366021	0.455764192589149	1.24928237044136	1	1	1	1	13
10.6002105365047	NaN	-0.691812121552393	-0.481638198615508	-0.952851798626877	-0.683179253652946	2	1	1	1	14
21.7858259708513	NaN	-0.993284801446408	0.268167701209235	-0.607503529353811	-1.25372336933954	2	1	1	1	14
36.0127831588618	NaN	-0.806875252393052	0.83349473492589	-0.0264164225233745	-1.09106987239894	2	1	1	1	14
47.6543522782212	NaN	-0.223881600441426	0.895669212562081	0.568122996390896	-0.318724252199315	2	1	1	1	14
58.6717375977499	NaN	0.470162348914034	0.419643508533427	0.948682213168593	0.476858692694754	2	1	1	1	14
72.6710338299904	NaN	0.935333494664514	-0.326247663662998	0.969683766117505	0.691579678896816	2	1	1	1	14
13.2842324709268	NaN	-1.26094024638145	-0.934418386055713	-0.932399778516385	-1.098920320927	2	2	1	2	15
25.7873725073171	NaN	-0.913818227522308	-0.143257665660588	-0.855959137759765	-0.561201430269936	2	2	1	2	15
36.8403405272962	NaN	-0.182198236903351	0.469245525961477	-0.260557888477583	0.0564896975849135	2	2	1	2	15
48.1315320391515	NaN	0.50125214358843	0.513620610246207	0.502914525716754	0.515751908718324	2	2	1	2	15
56.5819078697465	NaN	0.732352017779115	-0.0383490653669213	0.984518822778057	0.639330526564133	2	2	1	2	15
71.3393497988182	NaN	0.374432862360751	-0.835684188685807	0.900429827597268	0.379529730726637	2	2	1	2	15
12.9210760278817	NaN	-0.915982276784935	-0.0884441713364848	-0.62991994547577	-0.601098955450425	1	1	2	1	16
24.2726237244878	NaN	-0.413244672282528	-0.893187621252501	0.0150986849595511	0.00305034469624554	1	1	2	1	16
35.5789525979402	NaN	0.496782014525877	-1.02610175062772	0.568033787061826	0.505732854652907	1	1	2	1	16
46.6497741164468	NaN	1.05922691533997	-0.377615832906137	0.796030522091479	0.723352359397856	1	1	2	1	16
58.8126002929721	NaN	0.807539678611654	0.517676304302688	0.60307374692117	0.576427045669848	1	1	2	1	16
72.2831631734289	NaN	-0.0495041007415946	0.921720622538209	0.0704223988025988	0.118618878938229	1	1	2	1	16
