age	diseaseAge	x1	x2	x3	x4	z1	z2	z3	z4	id
12.5553307027349	-33.7846004967905	-0.575678000702601	-0.57897857360167	-1.30957011459678	-0.672068376940013	2	1	1	2	1
22.7949091908441	-23.5450220086812	-0.12384989205825	-0.942298288574782	-1.37175661082015	0.202422385780054	2	1	1	2	1
36.0562630496952	-10.2836681498302	0.814163930446198	-1.0168136679703	-1.18832682673668	0.546105115073881	2	1	1	2	1
46.3399311995254	0	1.40634173713354	-0.778978469545939	-0.804694825400895	0.0797832239716892	2	1	1	2	1
60.7249295619817	14.3849983624564	1.12741962338352	-0.30394664462385	-0.315841299209319	-0.817718664326687	2	1	1	2	1
71.9340265037275	25.5940953042021	0.224802535647674	0.258175687587452	0.157202017685298	-1.41729942644881	2	1	1	2	1
11.4039492117106	-25.7909091869607	-0.889443102590778	-0.497617386003493	-1.18052071158715	-0.0596268074161314	1	2	1	1	2
25.6477198885161	-11.5471385101552	-0.607819421775512	0.341475091286454	-0.877849350448725	-0.602945031617072	1	2	1	1	2
37.1948583986713	0	0.127166778682613	0.45510309824051	-0.427647345876342	-0.851461846943376	1	2	1	1	2
47.4611316349945	10.2662732363232	0.850965463401198	-0.257371684906817	0.0615521877482493	-0.707186641718429	1	2	1	1	2
59.1995586064043	22.004700207733	1.10609769687619	-1.16492292078236	0.471814749025379	-0.227007379805757	1	2	1	1	2
73.5811908537805	36.3863324551091	0.731306454126547	-1.46374850171964	0.70423568396104	0.399740422292594	1	2	1	1	2
12.4724482927815	-35.2977418692766	-0.361847672653599	-0.812904027917675	-0.659464581227884	-0.652502794782238	1	1	2	1	3
23.7001874632454	-24.0700026988127	-0.724632068987803	-0.161618417742687	-0.47282746552014	-1.05006033699513	1	1	2	1	3
37.1899461098966	-10.5802440521615	-0.445192929149069	0.436120544213689	0.158748657503827	-1.11187360644757	1	1	2	1	3
47.7701901620581	0	0.296717986065582	0.714131613051883	0.886314457156692	-0.815316971286305	1	1	2	1	3
57.3325637655685	9.56237360351039	1.0238597524201	0.548612699383231	1.30788577101593	-0.268939636402665	1	1	2	1	3
70.9995630427354	23.2293728806773	1.26849183461686	0.0132716143073248	1.19054209679307	0.327266834231078	1	1	2	1	3
11.4177858098354	-37.3819652629856	-0.445452756045164	-0.695109281990559	-0.754983523750614	-1.39139875065899	2	2	1	2	4
24.7267687870411	-24.0729822857799	-1.13342966089524	-1.01552203687831	-1.18358430101621	-0.926146934723594	2	2	1	2	4
35.6182187073396	-13.1815323654815	-1.27131087038022	-0.753713222843555	-1.3159012991966	-0.174785591150167	2	2	1	2	4
48.799751072821	0	-0.767866903771339	-0.0622451963456086	-1.10662923347084	0.430972203792968	2	2	1	2	4
59.2282006085452	10.4284495357242	0.0437971565107353	0.655946824686673	-0.627422771592565	0.543073461533524	2	2	1	2	4
72.6329647291779	23.8332136563569	0.626641557026675	0.982354901462474	-0.0423620056285879	0.0971076567674484	2	2	1	2	4
12.7003220626717	-36.4428772580045	0.0898268788383044	-1.11010550645619	-0.867535542215307	-0.439339194130322	2	2	1	1	5
24.2403081747142	-24.902891145962	-0.37941488664234	-1.21291593290743	-0.559121705007281	-0.413269207753836	2	2	1	1	5
35.0774286852752	-14.065770635401	-0.563472773359593	-0.632224449081527	-0.0979012496128536	0.375912707010653	2	2	1	1	5
49.1431993206762	0	-0.398005139354018	0.214340615968277	0.400350465484317	1.23617199596761	2	2	1	1	5
59.4250855834605	10.2818862627842	0.0591450212330003	0.71793693649919	0.81056251106636	1.41314627144935	2	2	1	1	5
71.3031535338178	22.1599542131416	0.648170419081795	0.516382362921188	1.02976363753646	0.751646582029335	2	2	1	1	5
9.59919644392836	-37.5676218511629	-0.276377477982153	-0.180750188778182	-0.375435848236753	-0.429294959003316	2	1	1	1	6
23.525980953602	-23.6408373414893	0.251788793264859	0.531206415999256	0.237620242629563	0.134923907300695	2	1	1	1	6
35.9928968867475	-11.1739214083438	0.670788652699814	0.982763184315548	0.947993016108419	0.710003693148456	2	1	1	1	6
47.1668182950913	0	0.861864359373512	0.939343417910777	1.38508622658652	1.09087615892061	2	1	1	1	6
60.2920762419891	13.1252579468978	0.770859047206233	0.423503008218984	1.32087156437378	1.14172563521359	2	1	1	1	6
73.2594317061151	26.0926134110238	0.423566484486916	-0.296786997430106	0.788849345948863	0.844419659635929	2	1	1	1	6
14.5417111574911	-33.9958796350042	-0.757206537474903	-0.654523677094159	0.00569522189562469	-0.601622913879563	2	1	2	2	7
24.4076435473885	-24.1299472451069	-0.840803370412785	-0.679941003102828	0.64896548184053	-0.940128943231761	2	1	2	2	7
36.569445409332	-11.9681453831634	-0.23493779240893	-0.250573308560615	1.00963339706281	-0.601544984330576	2	1	2	2	7
48.5375907924954	0	0.616615950616641	0.428108240378	0.922254953242325	0.184877153759405	2	1	2	2	7
61.0147581565914	12.477167364096	1.09012607080332	1.03132492589023	0.42691200934287	0.886658914077993	2	1	2	2	7
69.9972620318358	21.4596712393404	0.838763825687041	1.27041125825359	-0.249173878059391	1.02863089213334	2	1	2	2	7
12.5952553924155	-35.6844209578533	-0.472627306529624	-0.94056182839551	-0.576358167841745	-1.10424961097921	1	2	1	1	8
24.5227494726206	-23.7569268776482	0.14285173157601	-0.381216283059942	-0.329227611632187	-0.86853866835498	1	2	1	1	8
35.9076999482167	-12.3719764020521	0.815734195729683	0.19716567987788	0.322606494482936	-0.292932598388501	1	2	1	1	8
48.2796763502688	0	1.22424369507993	0.588527693474727	1.02851663409439	0.366509341940699	1	2	1	1	8
60.4314330768758	12.151756726607	1.17302856075128	0.653441767494285	1.40878729870383	0.816433378111676	1	2	1	1	8
73.7251745707645	25.4454982204957	0.686580174164957	0.368781388467822	1.25886742624741	0.856690101682858	1	2	1	1	8
12.8674923230137	NaN	-0.808491153735902	-0.407461654100058	-1.12475038897815	-0.639381276390229	2	2	1	1	9
24.51988834091	NaN	-1.29695805812114	-0.751014699562204	-1.21528714150328	-0.847770513639501	2	2	1	1	9
34.7512118053664	NaN	-1.14553840504799	-0.885254794409352	-1.02509391746022	-0.421584061784228	2	2	1	1	9
48.5664887964541	NaN	-0.453730577005983	-0.7777122867407	-0.607818284423854	0.365703870597448	2	2	1	1	9
60.6327986473957	NaN	0.323876087786547	-0.45439928413496	-0.0811606643377621	1.00890842065045	2	2	1	1	9
70.9426430126496	NaN	0.676313536044223	0.00648208861374189	0.406325278993481	1.09529977372703	2	2	1	1	9
12.4987137931734	NaN	-0.35243705434441	-0.499465853541521	-1.0463053309206	-0.352713314912855	1	2	1	1	10
24.7645774134102	NaN	0.269324389651973	0.222861185862163	-1.29713768084633	-0.766812849092803	1	2	1	1	10
36.6056638914381	NaN	0.88496713054924	1.0761075668144	-0.866775598247961	-0.324758003652673	1	2	1	1	10
47.71984805326	NaN	1.23047411082233	1.38073720312566	-0.0504796384198475	0.5949290801335	1	2	1	1	10
61.1920698815276	NaN	1.1576754094662	0.894139243560593	0.591710157637667	1.20473995654286	1	2	1	1	10
71.8263793628224	NaN	0.697790592061508	0.00384638719920388	0.619203590519718	0.982506570883347	1	2	1	1	10
11.1005644158515	NaN	-0.591623091653939	-0.380887385332455	-1.15441848124116	-0.676308320442397	1	2	2	2	11
26.1949374393868	NaN	-0.235272132891978	0.201468369169314	-0.735774585522969	-0.311502459644436	1	2	2	2	11
35.3946750644629	NaN	0.404681157964022	0.816426615497586	0.0246185037347089	0.224973246254352	1	2	2	2	11
48.1436343598684	NaN	1.03618927708965	1.21740786101945	0.668301965714216	0.764565011903488	1	2	2	2	11
60.075469897093	NaN	1.37105873838096	1.24363086137168	0.807183950123961	1.13774002594903	1	2	2	2	11
73.1210527744406	NaN	1.25646934124746	0.884580993552174	0.357529252495599	1.22725148574181	1	2	2	2	11
14.828210149901	NaN	-0.737348981988479	-0.545871315637944	-0.260742107741226	-0.0579164425356991	2	2	1	2	12
24.1776393881332	NaN	-0.694469724995867	-0.37721686061992	-0.823193470325398	0.519486720552321	2	2	1	2	12
35.8441224532083	NaN	-0.0745323114267201	0.373069273716331	-0.505668248255751	0.948825119809078	2	2	1	2	12
48.3429726042429	NaN	0.721821692655457	1.16128742035615	0.409339969104505	1.08358366201082	2	2	1	2	12
60.7876451393687	NaN	1.17993950399702	1.4162502358974	1.10777315532799	0.877774938606246	2	2	1	2	12
70.6866439793599	NaN	1.00375730492842	0.953197278200849	0.968254222885651	0.401632789261408	2	2	1	2	12
13.1274888350363	NaN	-0.387431732781909	0.0555383979475236	-0.210707609462469	-0.0670480984450743	2	1	1	2	13
23.6328169716868	NaN	0.325638049023088	-0.468041583087354	-0.760001908487624	-0.764372138162574	2	1	1	2	13
37.3047507012983	NaN	0.67813381469743	-0.718612801680419	-1.07691003614705	-0.960883702531865	2	1	1	2	13
46.8922941701634	NaN	0.472060150461389	-0.60404066041462	-1.04824286602561	-0.532125854494133	2	1	1	2	13
58.3250287245936	NaN	-0.176832218732453	-0.166453134601749	-0.684239365381126	0.250355613325284	2	1	1	2	13
72.6451535744153	NaN	-0.904063132700452	0.433249610320731	-0.114909573887539	0.890990645786631	2	1	1	2	13
12.2949195249663	NaN	-0.205496189403103	-0.117037495695909	-0.574658361179091	-0.198311827723849	1	2	2	1	14
23.8432711539792	NaN	-0.935726405271315	-0.529491625584313	0.169157745011098	0.596391312652461	1	2	2	1	14
36.4213491328881	NaN	-1.17815740761012	-0.31042541748786	0.760599328766703	0.874477655963286	1	2	2	1	14
46.8872443815303	NaN	-0.775457591186935	0.400592878047861	0.868619612110277	0.435416356748134	1	2	2	1	14
60.1340786209153	NaN	0.0110310211814479	1.15056970954761	0.432756551554738	-0.404181087670434	1	2	2	1	14
71.6174946379317	NaN	0.670897159124047	1.46169083431423	-0.303024826091919	-1.03887255679413	1	2	2	1	14
11.4861081600978	NaN	-0.298824940553503	-0.306562367587027	-0.920518797436053	-1.28558733317635	2	1	2	2	15
24.9247429052391	NaN	0.507226824365542	-0.711344854274886	-0.274641863922226	-0.990088388510568	2	1	2	2	15
36.5052091869066	NaN	1.16594562236334	-0.763327338570741	0.283501992552005	-0.305742642149963	2	1	2	2	15
46.5234191009534	NaN	1.23081434168133	-0.442610089582371	0.517535317592025	0.389513891061246	2	1	2	2	15
61.0400463398912	NaN	0.657861270442781	0.12803117248727	0.328343517397729	0.711719617361955	2	1	2	2	15
72.5499527901983	NaN	-0.164533373085802	0.730145796327368	-0.203949483699333	0.482933563485839	2	1	2	2	15
12.6795428372912	NaN	-1.0837690392552	-1.01524610243265	-0.44581131170454	-0.141670536317784	2	1	2	1	16
23.4828844213932	NaN	-0.394896183886448	-1.10942191991439	0.217116413045587	0.459329962401625	2	1	2	1	16
36.8482752065874	NaN	0.289585331448602	-0.658624395716593	0.995388255171896	0.824132364409018	2	1	2	1	16
48.2532520175944	NaN	0.59586852331568	0.0829898988908246	1.39186456035227	0.807221684439998	2	1	2	1	16
59.3493626492429	NaN	0.356686937525135	0.697303879840934	1.15328665644232	0.415343375191593	2	1	2	1	16
72.4182417115952	NaN	-0.297338298727764	0.837971512160964	0.432051855356401	-0.195187346983639	2	1	2	1	16
