age	diseaseAge	x1	x2	x3	x4	z1	z2	z3	z4	id
11.1154479028986	-33.9313950476313	-0.263968753353861	-0.854789194575948	-0.422093799055589	0.0591558590580934	2	1	1	2	1
22.8402176482737	-22.2066253022562	-0.694968664582333	-0.461274042910626	0.515155910278471	-0.705308133462647	2	1	1	2	1
36.732606405918	-8.31423654461192	-0.456302951304698	0.055376072919276	1.14658411859672	-0.787478202967182	2	1	1	2	1
45.0468429505299	0	0.290868903677019	0.551937264287196	0.905587518275405	-0.121325054324053	2	1	1	2	1
59.7040079106185	14.6571649600886	1.04201766547851	0.890754622020201	0.0084210517914001	0.757851499289865	2	1	1	2	1
70.2457246001099	25.19888164958	1.28992868522187	0.9779024156832	-0.73985544871245	1.14357270616767	2	1	1	2	1
11.0960182054638	-37.1081813738116	-0.407531252728479	-0.466731933080535	-0.663320728608423	-1.07896632287342	1	1	2	2	2
23.8361249026153	-24.3680746766601	-0.991138301470594	0.0676569234398808	0.217538069792542	-0.726715475745859	1	1	2	2	2
34.0357992204586	-14.1684003588168	-0.898026861179975	0.591877316562535	0.482914632366413	-0.250762796895043	1	1	2	2	2
48.2041995792754	0	-0.194708240203307	0.946824479113791	-0.0952055390667205	0.232233407716442	1	1	2	2	2
59.9341900907741	11.7299905114987	0.616423424715954	1.02476932157796	-1.02009515443083	0.603888429860077	1	1	2	2	2
72.0831128579538	23.8789132786784	0.955961047758718	0.802055007679029	-1.49707875529934	0.773107824200564	1	1	2	2	2
12.6822166669935	-34.8037715128738	-1.16775452057959	-1.00371472256194	0.263787645859911	-0.82186282490208	1	2	1	1	3
24.3077766788382	-23.1782115010291	-0.98317191583162	-0.138114581750494	0.96407513231917	-1.0382424082094	1	2	1	1	3
34.4505134906065	-13.0354746892609	-0.144180473784725	0.646183552886592	1.41133628264517	-0.465230104501721	1	2	1	1	3
47.4859881798674	0	0.643698943107703	0.658997381036185	1.38026603295352	0.433277018170458	1	2	1	1	3
58.7159287981605	11.2299406182931	0.717926363807257	-0.11094926512302	0.886515831143456	0.929869064534184	1	2	1	1	3
70.9534994733948	23.4675112935275	0.0160828037509064	-0.986103394074042	0.178809315922847	0.622516980702244	1	2	1	1	3
13.3829818454055	-35.9972971064685	-1.19034219573964	-0.455232675635207	-0.687797110869732	-0.69491591289698	1	2	2	1	4
23.8684264231874	-25.5118525286867	-0.814510834488098	0.151157429612045	-1.10290548170123	-1.0096798231781	1	2	2	1	4
36.5048900909778	-12.8753888608963	-0.325308195274745	0.748924390386204	-1.27613674259097	-0.895759929450624	1	2	2	1	4
49.380278951874	0	0.15455962286715	1.0969685353861	-1.15672892195517	-0.402640491185563	1	2	2	1	4
60.5273560595326	11.1470771076586	0.50472796264448	1.05491186705714	-0.779672103955676	0.255478412641619	1	2	2	1	4
70.9072278861555	21.5269489342815	0.637364528123341	0.639717264874964	-0.255455281066822	0.792724617528544	1	2	2	1	4
13.5264369313282	-35.3826871897357	-0.685551203243187	-0.909678957730365	-1.41879413996231	-0.569268395958912	1	1	1	2	5
23.7137939028149	-25.1953302182489	-0.240753883478712	-0.229570664604741	-1.26216984185778	-0.892271298241785	1	1	1	2	5
37.8221496163333	-11.0869745047305	0.393852725590655	0.529827164839789	-0.774153293489607	-0.652873055885537	1	1	1	2	5
48.9091241210638	0	0.956714280996801	0.89476695668363	-0.147015682109484	0.0140448067386651	1	1	1	2	5
60.0056801507441	11.0965560296802	1.21584630258728	0.6375823490948	0.372160196599868	0.732728077504016	1	1	1	2	5
72.4088769952442	23.4997528741804	1.06444702580358	-0.0812829758795806	0.578826847424058	1.09825692848364	1	1	1	2	5
11.6321626011946	-25.1177131692942	-0.061395257664825	-1.32277631291692	-0.864598082030596	-0.409092538098952	1	2	1	1	6
21.2457291591301	-15.5041466113587	-0.66126820084985	-1.23315317533758	-1.41279771319458	0.128959535264299	1	2	1	1	6
36.7498757704887	0	-0.690109265874458	-0.923931067368834	-1.10930011004249	0.795127442608465	1	2	1	1	6
47.4004926490326	10.6506168785438	-0.129669695726947	-0.469873835160106	-0.215504556777983	1.29310278485223	1	2	1	1	6
59.3633359890189	22.6134602185301	0.665440666764847	0.0192363803062561	0.498772264617918	1.40138843669805	1	2	1	1	6
74.7959620816686	38.0460863111799	1.1921275083286	0.425142313599111	0.418331262300732	1.07181944185159	1	2	1	1	6
12.9958129386057	-35.8830464164156	-1.43089273057295	-0.623868774667853	-0.745946127045447	-0.788603821620354	2	1	1	1	7
23.2613300434376	-25.6175293115836	-0.853853364319584	-0.00670860723523831	-0.651595166290686	-1.03711927230361	2	1	1	1	7
37.1259298056801	-11.7529295493412	0.0334326808014629	0.626748907076202	-0.322952732000983	-1.00966826667914	2	1	1	1	7
48.8788593550213	0	0.530169263143728	0.997824301298084	0.154722919890104	-0.714008948421954	2	1	1	1	7
60.1178384790907	11.2389791240694	0.244023963827999	0.943268911186139	0.657510503714823	-0.233699912844251	2	1	1	1	7
72.7946070647265	23.9157477097052	-0.598999976349371	0.487083505052629	1.05497405616067	0.295514942093257	2	1	1	1	7
11.7072909689232	-37.4116066848676	-0.703975321550605	0.411251498744163	-0.103432874130326	-0.550671528154293	2	1	1	1	8
24.0413810219726	-25.0775166318181	-0.339904371437492	-0.122955546036703	0.468132730033722	-0.750405284676703	2	1	1	1	8
37.6196426304406	-11.4992550233502	0.292853964423693	-0.490981124508499	0.986518187948985	-0.333602342735505	2	1	1	1	8
49.1188976537908	0	0.914321595692124	-0.578831004105632	1.27939893654249	0.439838244064219	2	1	1	1	8
59.628958423093	10.5100607693022	1.2495162570226	-0.35929408812325	1.24941393633441	1.08763466745882	2	1	1	1	8
72.7916588561178	23.672761202327	1.15012356699489	0.0996290720608124	0.906530967054474	1.20585101330889	2	1	1	1	8
11.6590421594369	NaN	-0.244767480433363	0.0251378629153928	-0.488886304317751	-0.871285126624162	1	1	2	1	9
23.7367658081266	NaN	0.493991944209699	0.524251718101834	0.181259433607754	-0.275892748016298	1	1	2	1	9
36.5022611498882	NaN	1.00290370617835	0.984500206415492	0.771970026801398	0.557405014060116	1	1	2	1	9
48.8292954196867	NaN	1.0033975505376	1.29011264554321	1.009685155575	1.0458494564073	1	1	2	1	9
60.2047228496427	NaN	0.495203154690592	1.36421543024873	0.784318040765794	0.847851698362573	1	1	2	1	9
70.8633722224283	NaN	-0.243501901304363	1.18816878188096	0.200237049362232	0.101879550551861	1	1	2	1	9
12.9735628045488	NaN	-0.794429440112626	-0.825694146755202	-0.507253300904808	-0.643818437096268	2	2	1	2	10
23.3051218010047	NaN	-1.35922683906487	-0.551065834566949	-1.19385031425421	-0.625347245320064	2	2	1	2	10
35.0278694096355	NaN	-1.05717251156128	0.0792369480923727	-1.30845950690796	-0.152458397664137	2	2	1	2	10
46.527855568529	NaN	-0.153463570061881	0.755727882693649	-0.773529019163582	0.54308014668999	2	2	1	2	10
60.639233942546	NaN	0.558463242544404	1.14624170735316	0.0489732022936719	1.12037739452876	2	2	1	2	10
72.3200523261839	NaN	0.453551710223665	1.0590313930975	0.602489909249513	1.29649369600437	2	2	1	2	10
10.4641832045025	NaN	-0.186693411291504	-0.559508002857886	-0.895164600395625	-0.550938988886712	2	1	2	1	11
26.8074054916439	NaN	0.372680547236521	-0.961251637132119	-1.10750870946205	0.171801876079914	2	1	2	1	11
35.752083144388	NaN	0.955731136353716	-0.972350219931593	-0.562946837346002	1.02312350781305	2	1	2	1	11
47.2147751312044	NaN	1.35248906359065	-0.588196288937043	0.316917680949814	1.327460198646	2	1	2	1	11
61.1390434236347	NaN	1.42007310591363	0.0317326086876933	0.850888026003168	0.843305772478287	2	1	2	1	11
71.4945264916616	NaN	1.13414476883582	0.630079377173166	0.625560891790705	-0.0451393517860487	2	1	2	1	11
12.2371778180957	NaN	-1.11181821185656	-0.976259838342632	-1.3638398848411	-0.792219225216869	1	2	2	2	12
23.6554545563424	NaN	-1.27379894983423	-0.0967592425400042	-1.02521600633984	-1.35124198304428	1	2	2	2	12
36.0538449833117	NaN	-0.829852550564484	0.619813991734599	-0.102846341181202	-1.03351724102944	1	2	2	2	12
47.7607526380031	NaN	-0.0542466532975588	0.573591250276344	0.579322261221146	-0.120595715776258	1	2	2	2	12
59.7548958143038	NaN	0.573853692352721	-0.196732787101086	0.411913005478269	0.578540238970342	1	2	2	2	12
73.2206676532753	NaN	0.666411553781137	-1.04629282165672	-0.45552850425306	0.444353637156975	1	2	2	2	12
11.9353664247837	NaN	0.0448598400345667	-0.296753364833556	-0.649458995307553	-0.74848867082227	1	2	1	2	13
23.304594110276	NaN	0.557668085391529	0.372821133116638	-0.881749211358094	-0.746499922794031	1	2	1	2	13
37.5350783281443	NaN	0.981150908149067	1.00731999244577	-0.759027615977778	-0.494420440275972	1	2	1	2	13
47.2330067856346	NaN	1.20315817447675	1.29802312837746	-0.325064486261465	-0.0575051933377748	1	2	1	2	13
60.0841527410358	NaN	1.16489613102267	1.10348679290482	0.265361498636856	0.451143033624388	1	2	1	2	13
71.7995960776677	NaN	0.876497640475473	0.518364070263045	0.801667116726658	0.899852180295036	1	2	1	2	13
11.2178798316526	NaN	-1.17789447374062	-0.695459164943528	-0.938422786183369	-0.811061422605313	2	1	2	2	14
26.1616533474802	NaN	-0.710265897966908	-0.711890258172289	-0.687319796010747	-0.87538713439469	2	1	2	2	14
34.8554385175239	NaN	-0.149479797508447	-0.0719572800763504	0.120899188351499	-0.218987007434616	2	1	2	2	14
48.9078292803433	NaN	0.328059711173868	0.7647008269818	0.874954558413094	0.648010721078546	2	1	2	2	14
57.31211778958	NaN	0.572135040598103	1.19714512000311	1.00453222812846	1.05180968101312	2	1	2	2	14
71.7466653461666	NaN	0.505968444665016	0.914767700537918	0.411628823727311	0.678593279177496	2	1	2	2	14
9.41262570335088	NaN	-0.0135334263842287	-0.390296114849087	-0.593170691970623	-0.679051032228689	2	1	1	2	15
24.8840908437422	NaN	0.57887947117477	-0.572713572509944	0.175667234904462	0.0741917223615053	2	1	1	2	15
38.3558725119065	NaN	1.02922933348857	-0.0852877681727823	0.715772430342357	0.716134916074126	2	1	1	2	15
46.9155063418842	NaN	1.17757331792812	0.738573442028149	0.7078799619391	0.866678674134715	2	1	1	2	15
59.0368256261592	NaN	0.971226699696836	1.3353344442597	0.156655195650342	0.436684792186016	2	1	1	2	15
71.5701100918961	NaN	0.483473979243406	1.29680017661062	-0.612063977618446	-0.319243795613205	2	1	1	2	15
12.0713829516919	NaN	-0.362977530222931	-0.52416438949148	-1.04794293317583	-0.842243532032478	2	2	1	1	16
23.0130607300519	NaN	0.20611251720064	-0.674820234525367	-1.27444684834781	-0.887124822019339	2	2	1	1	16
36.8987688411563	NaN	0.86044820123846	-0.0819186322124286	-1.19273682684122	-0.484754191675177	2	2	1	1	16
47.2021868616714	NaN	1.31428675847362	0.795342156032361	-0.828230297326786	0.177485583899417	2	2	1	1	16
59.9071679930032	NaN	1.36944079571787	1.27752961189897	-0.29431382540709	0.791191461413192	2	2	1	1	16
71.714171038311	NaN	1.00182501944338	0.991192827941215	0.242927895866509	1.07056248584686	2	2	1	1	16
