age	diseaseAge	x1	x2	x3	x4	z1	z2	z3	z4	id
11.8471244607673	-36.4466891784259	0.149894112557291	-1.18426583476075	-1.07976240351108	-1.09829504294504	2	2	2	1	1
23.151871859323	-25.1419417798702	0.992314856690655	-1.01950607662523	-1.3055905334632	-0.808194167385311	2	2	2	1	1
34.4232421503707	-13.8705714888224	1.30217182220249	-0.225320523773808	-1.18484916841717	-0.356159450810724	2	2	2	1	1
48.2938136391931	0	0.838709910012045	0.571930740873086	-0.759566538744792	0.144222857351535	2	2	2	1	1
61.4579396381635	13.1641259989704	-0.0379666027176605	0.743469761786376	-0.177777051098496	0.567217835468541	2	2	2	1	1
70.5528053870073	22.2589917478142	-0.646690712574679	0.154006750606691	0.358007234091007	0.806536273156347	2	2	2	1	1
11.6059592665371	-36.9724791232078	-0.682798179953597	-1.08042542677195	-0.350339626737468	-1.1664580159462	1	2	1	2	2
24.6356723573803	-23.9427660323646	-0.0653299502523513	-0.745938348373817	-1.01376672126196	-0.986179646513413	1	2	1	2	2
36.2670890629827	-12.3113493267622	0.621968503115923	-0.254201694917534	-1.16699727328883	-0.573171540132731	1	2	1	2	2
48.5784383897449	0	1.03844633561742	0.26025699262793	-0.715297221572257	-0.045089200003505	1	2	1	2	2
59.744786571023	11.1663481812781	0.977681541388504	0.656693961119172	0.062072021603911	0.447630148796346	1	2	1	2	2
71.7773971556367	23.1989587658918	0.469791427358311	0.826653413849831	0.684505612626297	0.764623297837035	1	2	1	2	2
11.4595838940879	-36.957146484747	-1.0311055152454	-0.329363650610268	-1.04777420900925	-0.741867811455946	1	2	1	2	3
24.5314693481493	-23.8852610306856	-1.37064949096516	-0.575865231608417	-0.2698292969948	-0.946415356714994	1	2	1	2	3
35.391512081464	-13.0252182973709	-1.27423288767994	-0.276771485051776	0.492875009754051	-0.898776662691781	1	2	1	2	3
48.4167303788349	0	-0.78469862281879	0.404613638684974	0.687296110440608	-0.611123187168573	1	2	1	2	3
59.6715725175114	11.2548421386765	-0.119572261206811	1.09625667613495	0.172457809936531	-0.156949013160041	1	2	1	2	3
71.9103426422208	23.4936122633859	0.425595920341871	1.42052338530863	-0.678326787084334	0.347706536718331	1	2	1	2	3
11.3315833436676	-39.2730128136186	-1.16168777570385	-0.178260085232661	-0.620880447179109	-1.4140406897908	1	2	1	1	4
23.2000304007906	-27.4045657564957	-1.00765401936804	-0.706932389714929	0.0563516440889758	-1.45079242041422	1	2	1	1	4
36.8864168065668	-13.7181793507195	-0.355826858742592	-1.0382616257776	0.888012781308223	-1.24832994523961	1	2	1	1	4
50.6045961572863	0	0.401096912443386	-1.06555143721814	1.26806445421508	-0.855830698097377	1	2	1	1	4
60.3117258038201	9.70712964653384	0.807104479754756	-0.780013817651232	0.919559791825824	-0.368631386385664	1	2	1	1	4
71.9918619628229	21.3872658055366	0.61759439123615	-0.273599069828827	0.0964570915312353	0.0949289648823214	1	2	1	1	4
13.3337408364284	-33.0525684523382	-0.867959833442073	-0.471407811139214	-0.5087282974244	-0.817651111424558	2	1	2	2	5
25.5152044994806	-20.871104789286	-0.472616926124936	-0.925929338055884	-1.00603844212509	-0.406419731697595	2	1	2	2	5
34.9030905612737	-11.4832187274929	0.088021703948543	-0.984477399669797	-1.29677819826227	0.201666913205578	2	1	2	2	5
46.3863092887666	0	0.628084203481997	-0.621606622229284	-1.29165809234604	0.770913240656038	2	1	2	2	5
60.7590355692713	14.3727262805047	0.968520445888543	0.00497696094860837	-0.992250566919334	1.08067825165738	2	1	2	2	5
72.3263112892241	25.9400020004575	0.996463582700993	0.622955991763126	-0.490507065635604	1.01089641713085	2	1	2	2	5
12.2351143585251	-36.5230222837488	-1.12121715899221	-0.113441077607913	-0.929841122477216	-0.700736382905231	1	2	2	1	6
26.1028401950219	-22.655296447252	-1.07725689622814	0.610259835514959	-1.11808486933621	0.0672683300689138	1	2	2	1	6
35.9934608564796	-12.7646757857944	-0.672895241570776	1.15392667445885	-0.919639429406453	0.70911925899624	1	2	2	1	6
48.7581366422739	0	-0.0655532177599836	1.23270871447086	-0.411244366462538	0.831493566364041	1	2	2	1	6
59.0237639876208	10.2656273453468	0.50832637346971	0.80532861511484	0.210502124196671	0.35940092709326	1	2	2	1	6
71.2636847970056	22.5055481547317	0.825327906179523	0.0957094158813264	0.705168443394756	-0.417862798861261	1	2	2	1	6
12.663942759334	-46.9679242526312	-0.522177680145577	-0.579111662181925	-0.342867928483314	0.0830856977715515	1	2	2	2	7
24.2296394484416	-35.4022275635235	0.381449177949967	-0.529916660577253	-0.823495843472297	0.975693670147299	1	2	2	2	7
35.665334985606	-23.9665320263591	1.0594839539126	0.0784035206155975	-0.941048319384321	1.22801736644261	1	2	2	2	7
47.1968439159683	-12.4350230959968	0.932239391153943	0.864511520055458	-0.64657454273117	0.616920981114686	1	2	2	2	7
59.6318670119651	0	0.108503496006905	1.33562021756532	-0.0626983103004759	-0.317188515716443	1	2	2	2	7
72.2005646813196	12.5686976693545	-0.707468996904885	1.19640594451231	0.56744456700993	-0.748256028549011	1	2	2	2	7
11.4134637697117	-36.357986922306	-0.185957492088699	-1.40179392218767	0.176137652284422	-0.428262831490924	2	1	1	2	8
26.3432830274114	-21.4281676646063	0.502264839384857	-1.023254013746	-0.337093270604535	-0.904954403355832	2	1	1	2	8
34.3483428329999	-13.4231078590178	1.01441933570502	-0.310676094036862	-0.586052839995374	-0.941569979989533	2	1	1	2	8
47.7714506920177	0	1.10771875413572	0.345167312954065	-0.482177481118276	-0.520567742956104	2	1	1	2	8
58.9939961634766	11.2225454714589	0.737934431817552	0.58461647542676	-0.062419270710694	0.156358234289367	2	1	1	2	8
71.8953141779105	24.1238634858928	0.0803629182638392	0.276359222462562	0.523899201444466	0.76490573724971	2	1	1	2	8
12.2310252396835	NaN	0.119541673821827	0.369696093756183	-0.289572275599318	-1.20941644816191	1	1	1	2	9
25.0563727682401	NaN	-0.511732466548211	-0.332294306825901	-0.747037223846799	-1.1936625566539	1	1	1	2	9
36.5025936484589	NaN	-0.792346132336562	-0.490273372389389	-0.779992551300575	-0.712235393361259	1	1	1	2	9
48.945816379743	NaN	-0.585215751594841	0.000991387002133248	-0.373284225321129	-0.00697916172117774	1	1	1	2	9
59.3984223658778	NaN	0.0084726825738225	0.81426032308016	0.286068788635912	0.567821742692178	1	1	1	2	9
73.0053751703169	NaN	0.698694338514697	1.40780143593591	0.894872504454489	0.723416959570763	1	1	1	2	9
13.5352336726465	NaN	-0.668298375794469	-0.675264875174001	-0.251377120433733	-0.796563767784086	2	1	2	1	10
24.2673923213741	NaN	-0.286928802582365	0.171423802685834	0.41127113184946	-0.151477447866851	2	1	2	1	10
37.6406266400818	NaN	0.543702245944455	0.79836733041363	0.927644041837142	0.579783156548918	2	1	2	1	10
47.0583132933313	NaN	1.22010261477677	0.74772510939152	1.07100004395007	0.984375752832536	2	1	2	1	10
59.2125570654639	NaN	1.2508359231537	0.0564798402339176	0.778390901118555	0.833882545710352	2	1	2	1	10
71.9789300702356	NaN	0.613572990705859	-0.770569984330669	0.178302546405978	0.213266351828702	2	1	2	1	10
10.7547692014359	NaN	-1.23476728345212	-0.648633383103983	-0.616049615444578	-0.2329512949118	1	1	2	1	11
21.9974788229285	NaN	-1.2098778007895	-1.09869946271981	-0.80094114662507	0.574470087304576	1	1	2	1	11
34.5675420150463	NaN	-0.710612519553315	-1.26331771563865	-0.511219524552944	1.19751266602297	1	1	2	1	11
47.8938500101744	NaN	0.0056906680207256	-1.08623431687512	0.115157055289766	1.22207466926299	1	1	2	1	11
60.3922607772283	NaN	0.569825331163754	-0.627962717065642	0.779923720473914	0.631831098681803	1	1	2	1	11
71.2683752044426	NaN	0.691017745752833	-0.0451048112878356	1.16653519940571	-0.180915951407076	1	1	2	1	11
12.6697304930174	NaN	0.104291167742435	-0.869580216818373	-1.05499901162496	0.204884826706286	1	2	2	1	12
24.6499071943861	NaN	0.675490519968811	-0.844210773565614	-0.211997339146005	0.959392612505505	1	2	2	1	12
34.7948939318259	NaN	1.11977338232778	-0.211660968822349	0.474413217011109	1.36188745177207	1	2	2	1	12
48.3754014851914	NaN	1.29061201550805	0.600612661255763	0.487405028575934	1.17079250498519	1	2	2	1	12
60.2592037950945	NaN	1.13166258807301	1.04370207856618	-0.182803990548189	0.500802691904058	1	2	2	1	12
72.2126431776593	NaN	0.695347784398129	0.818181900142229	-1.03158503666306	-0.245955038837154	1	2	2	1	12
13.0544358139774	NaN	-1.29533455887629	-0.771657711375845	-0.388888314993475	-0.623556026341242	1	2	2	1	13
24.7430353120433	NaN	-0.917036019795731	-0.743631287507017	0.427675519147135	-0.486855261457503	1	2	2	1	13
35.8990805984893	NaN	-0.327767078299821	-0.337376510189437	1.14390115046556	-0.0316275167868765	1	2	2	1	13
47.7980479845901	NaN	0.250573699017703	0.282422863250434	1.23490367969509	0.573496913228684	1	2	2	1	13
59.9516868134336	NaN	0.600202919121254	0.86451836681148	0.633992037291441	1.10436141247306	1	2	2	1	13
72.5018598342002	NaN	0.589462153546379	1.1729455761927	-0.218456564454585	1.3643175168217	1	2	2	1	13
12.9129834647454	NaN	-0.960481719688984	-0.281991211367172	-1.05240378524976	-0.229901517371794	1	2	2	2	14
24.4939553943756	NaN	-1.07073900652552	-0.895742239683803	-0.486418197003994	-0.559030020826446	1	2	2	2	14
36.2007650404303	NaN	-0.895694011732448	-0.954680218223765	0.094046568965618	-0.63224201490016	1	2	2	2	14
46.9780840717724	NaN	-0.4853864813454	-0.421915434505292	0.478950806904816	-0.429141473762757	1	2	2	2	14
61.7404132135231	NaN	0.0428898302992046	0.369090730904264	0.529017892942603	-0.0063098897717751	1	2	2	2	14
70.2913455607623	NaN	0.538117680448497	0.923241725050044	0.226131178772542	0.518456684417634	1	2	2	2	14
13.1349190872247	NaN	-0.374584595192865	0.0156661057580801	0.228897408898998	-0.73175075238885	1	1	2	1	15
23.385065978238	NaN	0.455561979192552	-0.43728355466984	-0.377967117521193	0.188123860904917	1	1	2	1	15
35.0057678482859	NaN	0.637891716733066	-0.46715365663802	-0.548801606851871	0.869438236989814	1	1	2	1	15
49.0344924614062	NaN	0.021191810976505	-0.0602858807651703	-0.192746177002068	0.707240796081933	1	1	2	1	15
59.4105667998357	NaN	-0.883085658201687	0.597276550372985	0.500827842498958	-0.154450367443593	1	1	2	1	15
73.0520465649563	NaN	-1.32498988315819	1.20485847647105	1.16303678020919	-0.95052380289921	1	1	2	1	15
10.0496577543817	NaN	-0.631771641303283	-0.750232051733446	-0.984922661349718	-0.598503477514313	1	2	2	2	16
23.4763678953823	NaN	-0.505610967533652	-0.792483932218546	-0.653276232467075	-0.636257660420289	1	2	2	2	16
36.6559298483236	NaN	-0.0972251772567901	-0.100815619524096	0.265599519830162	-0.320307849978336	1	2	2	2	16
48.6333757973604	NaN	0.461170306673535	0.769478461527198	0.953695820087819	0.234179664505554	1	2	2	2	16
59.2019351470097	NaN	0.988794230880626	1.11969715274382	0.798450185771002	0.82508965017118	1	2	2	2	16
70.8449216166307	NaN	1.3148276738748	0.668673190667213	-0.0619333975383224	1.23703058560008	1	2	2	2	16
