age	diseaseAge	x1	x2	x3	x4	z1	z2	z3	z4	id
11.9147962986217	-37.2528091136746	-0.301774723290307	0.0805383666384598	-0.700039859509612	-0.65747562399065	2	1	2	1	1
23.7652281312095	-25.4023772810867	0.338211183850233	-0.562942122872945	-0.802449889133283	-0.455811582312456	2	1	2	1	1
35.5270496119632	-13.6405558003331	0.893525870019834	-0.744188075155125	-0.483267826892213	-0.000916377822017589	2	1	2	1	1
49.1676054122962	0	1.13323087244284	-0.359532500557166	0.120825745003699	0.562346201007042	2	1	2	1	1
61.160131118891	11.9925257065948	0.957640182162704	0.371013698779898	0.751145045354033	1.0546022010771	2	1	2	1	1
71.8714826285542	22.703877216258	0.439776618674295	1.02960105183295	1.13777387540652	1.31909009057799	2	1	2	1	1
13.4124460929435	-35.2793154492879	-1.45175344623967	-0.0936759167270976	-0.145495261658032	0.0485080774502841	1	2	2	1	2
24.7513090703073	-23.9404524719242	-1.2106698804487	-0.712790994761865	0.661657744259752	0.542949422702342	1	2	2	1	2
35.9512756470316	-12.7404858951998	-0.775329245418267	-0.903880520721037	0.868138206420851	0.997513535489304	1	2	2	1	2
48.6917615422314	0	-0.261068613579525	-0.56508622179469	0.312662013637119	1.30020224199013	1	2	2	1	2
59.0072969835124	10.3155354412809	0.195866254919892	0.123001145128388	-0.570882401735068	1.37643732229982	1	2	2	1	2
74.4199590252318	25.7281974830004	0.474417214380465	0.793603807246108	-1.09234898792365	1.20743552992882	1	2	2	1	2
11.9359480258133	-34.7063160043805	-0.664455464169588	0.0025729509950308	-0.334660065181942	-0.63156508497803	2	1	2	2	3
22.7479743349287	-23.894289695265	-1.05845837517787	0.58382837745207	0.490916805784868	0.218506981096401	2	1	2	2	3
36.1779211401788	-10.4643428900149	-0.608958075870302	0.99546271475138	1.25819647335649	0.769627247012363	2	1	2	2	3
46.6422640301937	0	0.304671090338557	1.09258949188592	1.35627031368524	0.623480643846909	2	1	2	2	3
59.0665779958776	12.4243139656838	0.911334052791805	0.841022163409452	0.70705186447723	-0.114307254613534	2	1	2	2	3
73.4463789553557	26.804114925162	0.699012547187582	0.329307041281191	-0.172550677498236	-0.910509753942526	2	1	2	2	3
11.4466454533862	-36.3685098285675	-0.702857121864605	-0.346962468802847	-0.524511667971649	-0.0197429678060178	1	2	2	2	4
24.3398595378181	-23.4752957441356	-0.277330563375967	-0.90995279513614	-0.768724093795909	0.784507286827199	1	2	2	2	4
36.4180952324319	-11.3970600495217	0.53931233995692	-1.03558457870516	-0.609599148006922	1.38790448653151	1	2	2	2	4
47.8151552819537	0	1.18506924227138	-0.659716132149277	-0.111478267604857	1.39590841161515	1	2	2	2	4
60.1126422400447	12.297486958091	1.21553917898839	0.0257517714721961	0.524225669712536	0.803285576801011	1	2	2	2	4
71.2439936349289	23.4288383529752	0.609753161283874	0.670851419206376	1.04046871253423	-0.0024687767057589	1	2	2	2	4
10.8093271335968	-37.6138743822546	-1.07587850046596	-1.15790410147853	-0.0513003670289165	-1.3898408124037	1	1	2	2	5
24.248010873856	-24.1751906419954	-1.40939062193426	-0.969093849517901	0.469493963813299	-1.00432418097177	1	1	2	2	5
37.3104122182223	-11.1127892976291	-1.10054217181841	-0.276437205709372	0.958122001464163	-0.41799531341414	1	1	2	2	5
48.4232015158514	0	-0.347753196517049	0.482141042960416	1.27901470602827	0.152598854275902	1	1	2	2	5
60.6069717317889	12.1837702159375	0.365346150243424	0.827037876826717	1.34314092801133	0.496722631693732	1	1	2	2	5
71.3184999315131	22.8952984156617	0.58062436280714	0.540195945464376	1.1327089533149	0.487281901995539	1	1	2	2	5
13.6945076905242	-34.3118074166659	-0.921131422035189	-0.336995929688695	-1.29745310923538	-1.13545018881447	2	2	1	1	6
24.000614062173	-24.0057010450171	-1.2367577175377	-0.750179661239949	-0.688748348604434	-1.42017821053131	2	2	1	1	6
36.5358980483391	-11.470417058851	-1.22984157003736	-0.76989952917567	0.172180364988923	-1.30899231454091	2	2	1	1	6
48.0063151071901	0	-0.90270548411457	-0.387863103885939	0.640220691249361	-0.846380096135357	2	2	1	1	6
58.790159352035	10.7838442448449	-0.365204701858585	0.235278936061466	0.364659980617054	-0.217441517556011	2	2	1	1	6
73.7979506863118	25.7916355791218	0.202163176194321	0.837488248417531	-0.44801821940558	0.326173113411436	2	2	1	1	6
12.0970814768666	-35.9867051605594	-0.412624194524737	-0.819414938147569	-0.636152115673807	-1.07288605729234	1	2	1	1	7
23.535018063637	-24.548768573789	0.451931484731938	-0.246743485850137	-0.544121775634945	-0.791695242700323	1	2	1	1	7
36.1071802380868	-11.9766063993392	1.10795812208058	0.511181923662464	0.00548240898866303	0.102242724759811	1	2	1	1	7
48.0837866374259	0	1.0485308012558	1.01726822360042	0.726567656706398	0.829383954605762	1	2	1	1	7
60.7913213101302	12.7075346727043	0.319570202787773	0.979657125372439	1.24377786583082	0.755636905950518	1	2	1	1	7
72.6479120527155	24.5641254152896	-0.515641225170716	0.420038824429789	1.28788272210389	-0.0546885212878811	1	2	1	1	7
12.2679425051021	-51.0580433082641	0.303147658674211	-1.04816493002645	-0.0242001506077773	-0.478763042235011	2	2	1	2	8
24.2729640130598	-39.0530218003064	1.1707931941761	-0.1684889880687	0.527051754680045	0.260493104991185	2	2	1	2	8
36.0802149682672	-27.245770845099	1.42625942602229	0.464896360358257	0.917595675080873	0.693375529295373	2	2	1	2	8
47.1592881626352	-16.166697650731	0.853985896703376	0.351632503101828	1.02188549759729	0.574898936619157	2	2	1	2	8
63.3259858133662	0	-0.0631473555500677	-0.41880494035196	0.806395718033265	-0.0278860808530497	2	2	1	2	8
71.4974020724758	8.17141625910958	-0.551270289190331	-1.23778962442323	0.340398709614256	-0.773839628156022	2	2	1	2	8
10.8066385416218	NaN	-0.438619196081264	-1.19949765786166	-0.193092203708504	-0.517337885555621	2	1	1	1	9
25.2713328349464	NaN	-0.781765461443318	-1.28959532037236	-0.596340793035705	-1.03381662382656	2	1	1	1	9
35.336304535076	NaN	-0.5212443378961	-0.578615414115229	-0.740511637979235	-1.01104545363223	2	1	1	1	9
48.5910471497785	NaN	0.185413937788397	0.318505525504711	-0.581956433954137	-0.462140966529577	2	1	1	1	9
60.4082173487482	NaN	0.910911786167293	0.625834961443783	-0.168678408253199	0.296718270474851	2	1	1	1	9
71.4832610491658	NaN	1.21655983619623	0.0775593356799985	0.374200850558777	0.828416089170781	2	1	1	1	9
12.2208569137521	NaN	-0.579344959787911	-1.33756622138209	-0.345736268026661	-0.738537498986023	2	2	1	1	10
25.0656455628679	NaN	-1.0726494294176	-1.20713309592015	-0.911186260168612	-0.56079579564592	2	2	1	1	10
36.2233437594912	NaN	-1.00213865406614	-0.81092310771252	-1.23922744065955	-0.0787938146742766	2	2	1	1	10
47.7563585671713	NaN	-0.409459091735622	-0.270158920620867	-1.20793584575965	0.529096126023967	2	2	1	1	10
59.5642742470302	NaN	0.355329222377101	0.249709635135273	-0.828941708222695	1.03791491417533	2	2	1	1	10
73.0068696108281	NaN	0.840512004243545	0.589625864716471	-0.243106816844563	1.25936625594884	2	2	1	1	10
10.6282549159865	NaN	-0.649717002994711	-0.758115086262874	-1.00495940136319	-0.491160775480161	1	2	2	2	11
23.0946590692404	NaN	-0.227884664717278	-0.503596701978089	-1.23394198653423	-0.559979135615601	1	2	2	2	11
36.2402582686349	NaN	0.410584359562459	0.0422254118755263	-0.801307727530974	-0.381913731131939	1	2	2	2	11
49.4974409266561	NaN	0.99439554658415	0.664658584703081	0.00400016713310258	-0.00121017649718524	1	2	2	2	11
58.8008688056936	NaN	1.27547926159021	1.11887609228534	0.644141149505204	0.487534474167936	1	2	2	2	11
72.6249860813079	NaN	1.1343990565167	1.22621685208517	0.691584607992764	0.962877162065246	1	2	2	2	11
10.2886616660826	NaN	-0.289431508894552	-0.14280520982033	-0.710760770182644	-1.3128047332158	2	2	2	2	12
24.0013764421848	NaN	0.649100662936854	0.349882278309172	-1.14688018848626	-1.13967243614435	2	2	2	2	12
34.7798875990815	NaN	1.16556118067413	0.865139745229945	-1.27303381666147	-0.417190669599184	2	2	2	2	12
47.6381907449126	NaN	0.804973075668257	1.26149688476954	-1.04426412803875	0.360875986413517	2	2	2	2	12
59.5510798694403	NaN	-0.11500281003761	1.43012894525692	-0.5420980634299	0.66277465810147	2	2	2	2	12
71.4797368561326	NaN	-0.783911804046663	1.32473591017761	0.0545068270038821	0.282179210006272	2	2	2	2	12
12.2229977625086	NaN	-0.708991585703007	-0.706146075034528	-0.601322417740489	-0.909194207410529	1	1	2	2	13
24.067025841675	NaN	-0.146328530900729	-0.442227929639047	-0.257049461876816	-0.473997420530925	1	1	2	2	13
35.7952942121113	NaN	0.374614536701477	0.319916644477477	0.312229818723375	0.35422573735098	1	1	2	2	13
48.1225859694476	NaN	0.684606009077022	1.06088971715694	0.897298420442072	0.9926121437696	1	1	2	2	13
58.6945037133161	NaN	0.682943220988211	1.27572163654724	1.28313657366195	0.991896536526369	1	1	2	2	13
71.5635892314208	NaN	0.370166339527337	0.818005463528499	1.32794410217941	0.352582525147631	1	1	2	2	13
12.9990376101907	NaN	-0.91636072787697	-1.24050665445397	-1.04432655536559	-0.598298178852137	2	1	1	2	14
23.7926627018493	NaN	-0.438225766990759	-1.42524759306076	-1.10125634537224	0.00930739307451106	2	1	1	2	14
36.7286229852276	NaN	0.0724041006659983	-1.00360813474357	-0.699755404556042	0.726353423017057	2	1	1	2	14
47.4649070623315	NaN	0.479812134799444	-0.23478102712097	-0.0307711120503088	1.17418319591582	2	1	1	2	14
60.3381807231882	NaN	0.675716204135411	0.408615699076091	0.587538380197302	1.11630736013829	2	1	1	2	14
69.9435552768782	NaN	0.608048336577813	0.531069332733283	0.861115038853357	0.583288910167006	2	1	1	2	14
14.0696579743186	NaN	-0.467276135226928	-0.916533238910317	-0.71268959155161	0.227830572782766	2	1	1	2	15
23.7650220523097	NaN	-1.09255048707494	-0.944283792084048	-0.788827916287355	-0.376492792326324	2	1	1	2	15
37.2654249885955	NaN	-1.24343467431152	-0.610427559163078	-0.045398015634896	-0.658762525249715	2	1	1	2	15
48.7189571960473	NaN	-0.833883258947408	-0.0400808445347518	0.852686159006993	-0.491585493380108	2	1	1	2	15
59.6674349680618	NaN	-0.0974530606834849	0.553012631848722	1.10218990221986	0.0495884646855988	2	1	1	2	15
71.0472246439263	NaN	0.54588839360626	0.946584550261499	0.479960338873381	0.720518334902187	2	1	1	2	15
12.5849168120886	NaN	-0.743649899675333	-0.664177559702318	-0.865570811659738	-1.46719910778888	1	1	1	1	16
24.7326376243261	NaN	-0.769336899792179	-0.791763858448846	-1.37412998801298	-1.31245287757452	1	1	1	1	16
34.4822683442451	NaN	-0.502249836792699	-0.16874275756018	-1.07070737591861	-0.903930387105735	1	1	1	1	16
48.0727838896592	NaN	-0.0227168723651932	0.712816769028296	-0.203691512640324	-0.364290701825085	1	1	1	1	16
57.7454912368675	NaN	0.525039352869675	1.15664923192528	0.517159022599233	0.144439114846048	1	1	1	1	16
73.0633930853043	NaN	0.97627761134251	0.812210830438608	0.501739857558272	0.469512701736596	1	1	1	1	16
