age	diseaseAge	x1	x2	x3	x4	z1	z2	z3	z4	id
12.4048547766346	-36.2776431152798	-1.31759228968341	-0.378849112289572	-1.26612986550091	-0.476266928512006	1	2	1	2	1
25.5117873818282	-23.1707105100861	-1.39744608119939	0.386736708667252	-0.707425155074513	0.0477659949547206	1	2	1	2	1
36.4172570371819	-12.2652408547325	-0.75201300172976	1.13452848617718	0.194349432786011	0.526795755451562	1	2	1	2	1
48.6824978919143	0	0.117463262071209	1.34628602578917	0.705072678679659	0.827849898762458	1	2	1	2	1
60.2828126803691	11.6003147884547	0.535746962627463	0.875255549505794	0.408972418365897	0.867359695782888	1	2	1	2	1
71.7140847942211	23.0315869023068	0.177998746637656	0.0478740856055903	-0.452900549992713	0.634357738830424	1	2	1	2	1
11.9050747093758	-37.5770971479758	-0.106106144517138	-0.0871312338672467	-0.498053564325791	-0.141337474667375	1	1	1	2	2
23.5137802995905	-25.9683915577611	-0.587291416118205	-0.758846846160848	-0.841484907541031	-0.820995337378468	1	1	1	2	2
35.6852416459669	-13.7969302113847	-0.510922873489657	-0.842417491156441	-0.558913349461203	-0.708970418318631	1	1	1	2	2
49.4821718573516	0	0.0785497971515242	-0.280989393900903	0.172615300468924	0.100145670404965	1	1	1	2	2
58.4375562931171	8.95538443576549	0.838028844537113	0.543493442476323	0.894760214039281	0.923151406697645	1	1	1	2	2
71.0208371901178	21.5386653327662	1.32546569496496	1.07012878209355	1.15505996297205	1.06511712649251	1	1	1	2	2
12.1560449984993	-35.3676935334049	0.162638912581101	-0.676854106963207	0.209082202614273	-0.462343376431001	1	2	2	1	3
25.1989184496231	-22.324820082281	-0.446505803434571	-0.413492755150684	-0.410480060569891	0.311335261815664	1	2	2	1	3
35.4682039709026	-12.0555345610015	-0.507969612822481	0.0863248176185264	-0.669381744779576	0.904300274131179	1	2	2	1	3
47.5237385319041	0	0.0162439618800251	0.658292852517407	-0.441578477825089	0.958372985445982	1	2	2	1	3
61.1627462673881	13.6390077354839	0.802069922503164	1.11438746419479	0.162025402789206	0.440890942337191	1	2	2	1	3
70.2487937200852	22.725055188181	1.36371640714098	1.30467600651866	0.847569807216716	-0.335562433368663	1	2	2	1	3
11.5230788352147	-36.8437149182443	-0.255333527215218	-0.18277997045495	-0.826462068469213	-0.510605262848053	2	1	2	1	4
24.249727791433	-24.117065962026	0.222429999592567	0.526543331861779	-0.641340127723876	-0.0161754984106651	2	1	2	1	4
34.7953926821116	-13.5714010713473	0.715807597521905	0.856534502507318	0.000649989688108865	0.584851671487934	2	1	2	1	4
48.366793753459	0	1.10015259198135	0.619741818468631	0.735336908759213	1.07535796463493	2	1	2	1	4
59.5205929789426	11.1537992254836	1.27836425189537	-0.0493244649250219	1.1459666355234	1.27815025380345	2	1	2	1	4
72.9718752434093	24.6050814899504	1.20541927082496	-0.770600761770043	0.999607870636829	1.11997076351271	2	1	2	1	4
12.4272137202781	-35.4140144466954	-0.44995649672382	-0.498175454192407	-0.0717873655810962	-0.524469281309877	2	2	1	2	5
24.128485237759	-23.7127429292145	0.0563613612859606	-0.00985396650654718	0.583481504080175	-1.01727117471131	2	2	1	2	5
34.0737673212591	-13.7674608457144	0.728592190815286	0.37571166132759	0.994269483904109	-0.846026283433645	2	2	1	2	5
47.8412281669735	0	1.26263670291785	0.563550950489536	0.974711959298173	-0.127146972277519	2	2	1	2	5
59.646339689254	11.8051115222805	1.41690741117953	0.507396324345927	0.533657903338026	0.650672234829687	2	2	1	2	5
72.5618167174672	24.7205885504937	1.12161636386288	0.221079492333108	-0.129333918501643	0.958669442504563	2	2	1	2	5
10.4183876021894	-37.6401533286613	-0.360596086534945	-0.380101191930934	-0.938320359016058	-0.126289461583607	1	2	1	1	6
24.1067608699938	-23.951780060857	-0.75495688530506	0.121559378774754	-0.551502439565721	0.738719020025883	1	2	1	1	6
35.140872616498	-12.9176683143528	-0.803717187443678	0.564552398969194	0.130457784771515	1.40392455814523	1	2	1	1	6
48.0585409308507	0	-0.488653632959015	0.837355105784293	0.766261954946104	1.35175592290313	1	2	1	1	6
59.6331101983897	11.5745692675389	0.0724839627900624	0.871289867304855	1.03771127839894	0.6228035531274	1	2	1	1	6
72.5206183872747	24.462077456424	0.669979663606344	0.657813663235928	0.808954417539768	-0.215762326458514	1	2	1	1	6
11.0666138112214	-50.5180927818968	-0.0704986163821789	-0.483245395046241	-0.426202674169435	-0.63249855209503	2	1	1	1	7
23.8789473323002	-37.7057592608179	-0.576592367477753	-0.6682013227957	0.363745701235653	-0.288586224188091	2	1	1	1	7
36.9107646516842	-24.673941941434	-0.737385437060766	-0.472739711016376	0.694050512024928	0.186411535248713	2	1	1	1	7
46.5140503019785	-15.0706562911397	-0.486500734452486	0.0287794347569166	0.337958408575004	0.674686463429037	2	1	1	1	7
61.5847065931181	0	0.0724938645790383	0.645561788640784	-0.460074353576201	1.05513731322436	2	1	1	1	7
72.5403051508154	10.9555985576973	0.708839439359792	1.1429631213614	-1.15220046486457	1.23340521072521	2	1	1	1	7
11.9260144727567	-36.1199915927192	-0.580667207687446	-0.291334651995351	-0.551226085631148	-0.945322061698664	1	1	1	1	8
24.0527054918484	-23.9933005736274	-0.73324887402204	-0.668836882903455	0.0378875320025092	-0.758112968854195	1	1	1	1	8
35.2360630588767	-12.8099430065992	-0.63802851170774	-0.797868846202914	0.511792999084556	-0.225781626963754	1	1	1	1	8
48.0460060654759	0	-0.318643711103432	-0.641605438370792	0.705773400117423	0.425405075613438	1	1	1	1	8
59.8847154687731	11.8387094032973	0.145621151003696	-0.244643486604935	0.552406315347546	0.918660901926173	1	1	1	1	8
71.0392807231531	22.9932746576773	0.639516538046141	0.27972597178386	0.104998057735806	1.04432797124834	1	1	1	1	8
10.6232146266777	NaN	0.0113495428481582	-0.61779503197862	-0.696030649869537	-0.275555574362972	2	1	2	2	9
24.7404832558324	NaN	-0.490052817965341	0.132158872493466	-0.177485211807016	0.348914954022232	2	1	2	2	9
35.8549828651112	NaN	-0.80957308997222	0.658991186833797	0.583253630545784	0.952827511492312	2	1	2	2	9
46.7714923784453	NaN	-0.853184900351953	0.666235405824824	1.14520544421115	1.28083629977159	2	1	2	2	9
60.3418251423899	NaN	-0.608054445739305	0.14981496045428	1.18262144352652	1.19425291960657	2	1	2	2	9
71.1033074219805	NaN	-0.146317141425165	-0.599662757714164	0.673812551163656	0.729686482783673	2	1	2	2	9
11.8385062737022	NaN	-0.686046411162605	-1.02135447761331	-1.34302707967761	-0.654363335890754	1	1	2	2	10
22.7598432102023	NaN	-0.681181759100448	-1.10493621241375	-1.31430704538181	-0.867618577894725	1	1	2	2	10
36.676711441856	NaN	-0.26626329756482	-0.700038396521938	-1.03434777809716	-0.714229590933467	1	1	2	2	10
45.8832276170656	NaN	0.37800503850301	-0.0105134665550075	-0.577146928695998	-0.250511275043599	1	1	2	2	10
59.5890539775025	NaN	0.971033604924185	0.616485958813584	-0.0635498942986454	0.353287832889485	1	1	2	2	10
71.0219209135551	NaN	1.25454853485684	0.865286750210689	0.370691526595714	0.87549023776609	1	1	2	2	10
11.7664481852553	NaN	-1.21203896093203	-0.440972324290628	-0.00252346546591335	-0.269055388340434	1	1	2	2	11
24.7607762399779	NaN	-1.07524614915965	0.21168959326341	0.750844883162391	0.203756858404768	1	1	2	2	11
35.5714630409862	NaN	-0.497555815441716	0.622359300541835	1.07065861110591	0.727762454571575	1	1	2	2	11
47.9496819748804	NaN	0.220454019322707	0.606702954404381	0.753066273743179	1.15816293704087	1	1	2	2	11
58.8955376277798	NaN	0.705195703544265	0.171748086714005	0.000503386236118689	1.3760257431775	1	1	2	2	11
71.0929918634016	NaN	0.704453322248452	-0.487270784538474	-0.707341350203846	1.32114884512113	1	1	2	2	11
10.8020279059927	NaN	-0.620455334895291	0.177155611806805	-0.415660962765413	-0.836632953776313	1	1	2	1	12
22.3969535205891	NaN	0.0792464974841239	0.790597890064954	0.156389515835045	-0.276181309706598	1	1	2	1	12
34.0992056941169	NaN	0.579533896619109	1.22682111088909	0.664760244741299	0.448859113628024	1	1	2	1	12
47.8913955633089	NaN	0.634595777995925	1.31735266177158	0.94149830583822	0.956230729137732	1	1	2	1	12
58.0557050979125	NaN	0.21737805070602	1.02722859268995	0.895176395640515	0.978435831507557	1	1	2	1	12
70.4512264740445	NaN	-0.46712363235027	0.468496950461107	0.541098109630776	0.503767392301851	1	1	2	1	12
12.5379990605806	NaN	-0.304260367573065	-0.792018383884478	-0.74471912783058	-0.541314962187238	2	1	1	2	13
25.5559597171042	NaN	-0.969441134958539	-1.02636688773417	-1.13251212762315	-1.0534123326832	2	1	1	2	13
33.9996864519341	NaN	-0.857379031881763	-0.638308407298434	-1.16304865288354	-1.23290291228885	2	1	1	2	13
46.159833634619	NaN	-0.0607433270405349	0.129264252191493	-0.824655794209496	-1.00696160111074	2	1	1	2	13
60.045195198846	NaN	0.761691548608631	0.79591351268559	-0.246687796983743	-0.46726005452351	2	1	1	2	13
70.4304063265898	NaN	0.929816652029406	0.944371572678971	0.349920965564186	0.167227455233975	2	1	1	2	13
11.5066300688018	NaN	-1.01357020012894	0.0630562338074042	-0.653979430075373	-0.478489855648767	2	2	2	2	14
21.8203110646047	NaN	-0.618245302948257	-0.621879337933698	0.285780659837639	0.423797240651391	2	2	2	2	14
37.3561877488311	NaN	0.0418627594268422	-0.893770674572236	0.839230646503644	0.93938466555256	2	2	2	2	14
46.8707689036433	NaN	0.65932706983257	-0.598348110079277	0.516904441081761	0.648229646427499	2	2	2	2	14
59.201541894383	NaN	0.946580849090837	0.0967671987801564	-0.39613561854782	-0.212467381664556	2	2	2	2	14
71.8608703070628	NaN	0.769843662096405	0.797170605373631	-1.09240528320464	-0.941507070928975	2	2	2	2	14
12.7221139172616	NaN	-0.959096354545313	-0.721149630407479	-0.590251818747711	-1.20540940980401	2	2	2	1	15
24.6684602100664	NaN	-1.07344842923934	-0.720075482507668	0.0689451466994601	-1.26504254283692	2	2	2	1	15
36.0561952042543	NaN	-0.664357554046534	-0.366496356016766	0.563105773989846	-0.681659813722592	2	2	2	1	15
46.4200035803728	NaN	0.0488492678624547	0.208672717869493	0.676913072169734	0.14469579289476	2	2	2	1	15
59.1475348639618	NaN	0.683798523960738	0.79247155115036	0.36077862071475	0.647367523650886	2	2	2	1	15
72.9211193888027	NaN	0.900073143249497	1.16874472981848	-0.247550631174946	0.481658339308357	2	2	2	1	15
11.7396139640615	NaN	-0.287055755499518	-0.998941145700588	-0.777910957631456	-1.3326817338423	2	2	2	2	16
23.3110864930011	NaN	-0.532784757884683	-1.40635080632774	-0.763933459896343	-1.42622364834287	2	2	2	2	16
35.7541559976365	NaN	-0.0380686099761824	-0.980262149453599	-0.383875623273946	-0.783831956501371	2	2	2	2	16
48.5067841998469	NaN	0.826033643101119	-0.0758428294260404	0.214722278424826	0.0906910214113242	2	2	2	2	16
60.8897534212833	NaN	1.41140699990116	0.553025342402306	0.799481670654179	0.511491606093075	2	2	2	2	16
72.2742150815921	NaN	1.27899548916841	0.382147154826171	1.14339615457294	0.148552592112281	2	2	2	2	16
