age	diseaseAge	x1	x2	x3	x4	z1	z2	z3	z4	id
11.0713371597981	-49.2460842789798	-0.496626169543152	-1.14941106520968	-0.519456725827999	-0.377796393384568	1	1	1	2	1
23.7107679335319	-36.6066535052461	0.150577409363523	-1.29338303514949	-1.20090057776713	0.437726025281926	1	1	1	2	1
35.2143793680458	-25.1030420707322	1.0329680254713	-1.09857145241231	-1.44963425541869	0.998737261633931	1	1	1	2	1
46.2011416356864	-14.1162798030916	1.44434063252839	-0.631044083993873	-1.12209291485587	0.931833268331001	1	1	1	2	1
60.3174214387779	0	1.05546075581324	-0.0493566420690344	-0.407327841298493	0.281544743269668	1	1	1	2	1
70.8075718427808	10.4901504040028	0.177561228391771	0.449219284899783	0.2821107340244	-0.519302103551315	1	1	1	2	1
12.3313274264297	-34.7073954116482	-1.05307255672607	-0.760153410526594	-1.37180089948298	-0.475818109525718	2	2	2	1	2
23.7668347378215	-23.2718881002564	-1.12538808823501	-0.893054041177543	-1.41436218019365	0.161242791839854	2	2	2	1	2
35.6107831743291	-11.4279396637488	-0.857623209231125	-0.639416586531123	-1.179253655281	0.875955419312136	2	2	2	1	2
47.0387228380779	0	-0.342249674963146	-0.0977948161384993	-0.732940816529027	1.28296339751998	2	2	2	1	2
59.502228979193	12.4635061411151	0.242749892278117	0.521357860358672	-0.201596895334569	1.16281751960662	2	2	2	1	2
71.4959629538217	24.4572401157439	0.695347739623127	0.977462502119207	0.264566477134352	0.580297640088146	2	2	2	1	2
12.381410824103	-49.5695736527938	-1.11217655593178	-0.44175463948165	-0.523984672629217	0.269464410716624	2	2	1	2	3
23.1913895650535	-38.7595949118433	-0.545700044884363	0.333652975283081	-0.163969307265487	0.791822099452056	2	2	1	2	3
35.3916362204651	-26.5593482564317	0.353503635547239	1.07566028167223	0.331380443662626	1.16202349343796	2	2	1	2	3
47.5679276948776	-14.3830567820192	0.856987041410549	1.26548557267531	0.830794932359575	1.27131745786484	2	2	1	2	3
61.9509844768968	0	0.556876842051963	0.770410628872669	1.20192733940653	1.08759756943895	2	2	1	2	3
72.3370498498911	10.3860653729943	-0.303706841487756	-0.0634280329756349	1.34642610559249	0.664833766355993	2	2	1	2	3
11.5149646034452	-36.59807591832	-1.28231739199572	-0.745212097722343	-1.25072627204386	-0.392170748383919	1	1	1	1	4
25.2911820754969	-22.8218584462684	-1.24923139465403	0.0629890502303151	-1.27078881588847	0.403382308497286	1	1	1	1	4
36.1880857947991	-11.9249547269661	-0.582994686698559	0.738734570447263	-0.877252024047755	1.00420088167837	1	1	1	1	4
48.1130405217652	0	0.242119220509107	0.81518346772954	-0.240759988767597	1.02604453640524	1	1	1	1	4
59.0453434220957	10.9323029003305	0.6387370024856	0.239520772208513	0.36269376702346	0.454943638975618	1	1	1	1	4
72.2779552643821	24.1649147426169	0.324518605192637	-0.590555066572751	0.671441667372283	-0.343866668236385	1	1	1	1	4
12.7510207159374	-35.9469862385149	-0.807304306700916	-0.463489639294439	-0.843284378336462	-0.796934424683031	2	2	1	1	5
22.412108728913	-26.2858982255393	-0.0600271522635819	-0.0835397981914203	-0.341375534961054	-1.14422519310745	2	2	1	1	5
37.3560205250171	-11.3419864294352	0.647206249851967	0.422568258414124	0.325132871265778	-1.15827922232702	2	2	1	1	5
48.6980069544523	0	0.86856209168637	0.918433572219329	0.859705905736952	-0.834154960444612	2	2	1	1	5
57.7233007000251	9.02529374557282	0.464499568769877	1.27041570199941	1.02450773871851	-0.285818077816226	2	2	1	1	5
71.9640922092191	23.2660852547668	-0.310263805970861	1.38365209976512	0.746216713184445	0.293930121370874	2	2	1	1	5
12.5598225185818	-36.1356989811319	-1.37185428665698	-0.57107790166633	-0.0468546150914074	-0.0813448376347815	1	2	1	2	6
23.8832038781162	-24.8123176215975	-1.21531762466731	-0.377518323177325	0.486751779763535	-0.633324378445479	1	2	1	2	6
35.1817554848478	-13.5137660148659	-0.514780799775355	0.498570765807382	0.944404575079251	-0.808362721353491	1	2	1	2	6
48.6955214997137	0	0.263777197755299	1.2766850970912	1.19579364271338	-0.52613658835021	1	2	1	2	6
60.7428357542696	12.0473142545559	0.60247971011022	1.26360572256946	1.16933951903697	0.0838433786907114	1	2	1	2	6
71.4693163163505	22.7737948166368	0.276030579972868	0.470985004733505	0.872574639733674	0.741663706764913	1	2	1	2	6
12.6112865933609	-34.5269404237064	-0.521656160147477	0.283098476511274	-0.709221435267763	0.21492698188342	1	1	1	2	7
23.065136539765	-24.0730904773023	-0.141461713349356	-0.258017627614441	-0.615999549862997	0.963497459267669	1	1	1	2	7
35.7655594613632	-11.3726675557041	0.52257576389305	-0.612684412584626	-0.251020691210328	1.43954719763132	1	1	1	2	7
47.1382270170673	0	1.15296627307987	-0.66554810889715	0.275630586143388	1.37279789932397	1	1	1	2	7
60.0633798862193	12.9251528691519	1.44830712434006	-0.399415038153348	0.805106256087713	0.80114662690441	1	1	1	2	7
72.9376902784463	25.799463261379	1.26738977201599	0.0991562207202088	1.17770640207299	0.0491496615930488	1	1	1	2	7
13.2720446547236	-47.49325722653	-1.36941706163618	-0.67397353634898	-1.31185595950333	-0.655911917348779	2	2	1	2	8
24.8244123221967	-35.9408895590569	-1.27986662276858	-0.384607282191526	-0.875109596744291	-0.150112806316997	2	2	1	2	8
34.2430986128122	-26.5222032684414	-0.74550064690684	0.156325693291996	0.0253342310628803	0.284788002072632	2	2	1	2	8
46.4104099631293	-14.3548919181243	-0.0356178133980881	0.752128651560203	0.647559064247982	0.53745980718392	2	2	1	2	8
60.7653018812536	0	0.492029853507229	1.18615275806957	0.478885676079251	0.543220896425409	2	2	1	2	8
71.9975996672229	11.2322977859693	0.571529428441726	1.30057600886033	-0.341708288057619	0.300596482697812	2	2	1	2	8
11.3412792020043	NaN	0.0225300056283329	-0.330063246784846	-0.80773400586725	-0.504920600608425	1	2	2	2	9
23.8784423864673	NaN	-0.685976583183346	-0.929857792745722	-0.592577857360076	-0.883072163562278	1	2	2	2	9
35.2866469820658	NaN	-0.945304507418703	-0.716221519941627	0.0507624579576431	-0.567219331364308	1	2	2	2	9
47.4907108768115	NaN	-0.597783209755378	0.131957829587991	0.769707692159533	0.223249130340375	1	2	2	2	9
59.9222167198456	NaN	0.145295460517629	0.904459623876868	1.170243722487	0.939280363966235	1	2	2	2	9
72.7679056670923	NaN	0.832142023259455	0.954431622488844	1.03285890171716	1.08352499507403	1	2	2	2	9
11.3626207684408	NaN	-0.517938292484363	-1.44767205093503	-0.43165177587477	-0.930043687252709	2	2	2	2	10
25.2593559393749	NaN	-0.768353943308199	-1.29466060811667	0.0324906068137848	-1.08401711436697	2	2	2	2	10
36.0351067564644	NaN	-0.782761462556875	-0.760923460286523	0.664092254522671	-0.954079965099235	2	2	2	2	10
48.204448290175	NaN	-0.557623334889297	-0.0882264473032755	1.20839654678619	-0.577132872689019	2	2	2	2	10
61.1815392092834	NaN	-0.148218305156897	0.418720220993816	1.44585826470722	-0.0602244101280726	2	2	2	2	10
71.5569712810148	NaN	0.344931354318306	0.530285934251552	1.28069718832119	0.44984945466487	2	2	2	2	10
11.0694913409157	NaN	-0.290563918794019	-1.00096387993377	-0.764538240429722	-1.01745802868386	1	2	2	1	11
23.7857957377596	NaN	0.499082127024302	-0.563676807176044	-0.649112256463505	-0.51066868083417	1	2	2	1	11
36.9030636278829	NaN	1.01414627584176	0.0130675592740152	0.072777272375095	0.366094751032691	1	2	2	1	11
49.484238786909	NaN	0.932709358910381	0.534154865093476	0.879355853088564	0.937385736889192	1	2	2	1	11
59.8453632384391	NaN	0.305670093728056	0.823299707016687	1.1876365975148	0.763089531973288	1	2	2	1	11
73.0047067260055	NaN	-0.475067017162629	0.78268351512002	0.774797283280406	-0.0225184565430543	1	2	2	1	11
12.6548081247304	NaN	-0.630800391949644	-1.0007982714106	-1.17003761383899	0.0781557700121583	2	1	1	1	12
24.9771408491975	NaN	-0.394226541294203	-0.567092869209592	-1.14380792298982	0.711285955620267	2	1	1	1	12
35.7748306308725	NaN	0.355407676397203	-0.026637438664861	-0.672488698160911	1.24733929933279	2	1	1	1	12
47.7726768939268	NaN	1.10832161257753	0.461252498353085	0.0169052142608918	1.47004955863183	2	1	1	1	12
61.3766637342715	NaN	1.35250428158481	0.752756682969177	0.5923214708023	1.28956614026259	2	1	1	1	12
71.1639893930295	NaN	0.921901898209196	0.761945473857133	0.776606019165414	0.778703571333837	2	1	1	1	12
12.1852415901726	NaN	-1.2598641828523	-0.685788453660861	-0.916415571407283	0.0370460531606576	2	2	2	1	13
24.7570706793473	NaN	-1.11064950189379	-1.27202454922572	-1.13700500168829	0.948719634411566	2	2	2	1	13
37.3193915801322	NaN	-0.643826806211061	-1.13611483200386	-0.531876161373207	1.3695010342919	2	2	2	1	13
46.7995304340423	NaN	-0.034092689324085	-0.380543275096258	0.384902117629515	0.942770729432531	2	2	2	1	13
60.8982611647198	NaN	0.490375268374896	0.424944435192922	0.834508685826211	0.0301900431937347	2	2	2	1	13
72.4920714728409	NaN	0.733308191212657	0.672962877704413	0.434993935244315	-0.594813089028808	2	2	2	1	13
11.3346653002859	NaN	-1.31931357590319	-0.463843188781326	-1.31657077853606	-0.566870136559595	1	2	1	1	14
22.4906449541272	NaN	-1.39700806167041	-0.0719159171935479	-1.17663435367387	-0.521864615913914	1	2	1	1	14
34.1923060928252	NaN	-1.14825264784143	0.42089681917182	-0.54904291321408	-0.159355455342354	1	2	1	1	14
47.203915190072	NaN	-0.655251390602665	0.891637100226474	0.201341924790723	0.397039276100459	1	2	1	1	14
60.1245634873277	NaN	-0.0809221634838577	1.22285413464721	0.638270383007741	0.957585221840804	1	2	1	1	14
71.8365197913331	NaN	0.384941407202058	1.33190850456803	0.507726211436041	1.33113243322754	1	2	1	1	14
11.7603663563379	NaN	-0.823082265041745	-0.435247875482518	-0.493143516354562	0.270631066146779	1	2	2	2	15
23.641622683621	NaN	-1.01449464924934	0.308580025274192	-1.01025880056232	0.782675715692207	1	2	2	2	15
35.5012490858729	NaN	-0.582513260905674	0.560366747325871	-0.784802756056474	1.15119068198983	1	2	2	2	15
46.9301216259086	NaN	0.199830329425046	0.153313214247906	0.0128255294703571	1.27237682326342	1	2	2	2	15
59.7491585390953	NaN	0.838059959221438	-0.642923171776102	0.779780687780198	1.11209979325903	1	2	2	2	15
72.0639536095131	NaN	0.928785938774722	-1.30086624869017	0.936400019815274	0.715504619132645	1	2	2	2	15
13.0618919719122	NaN	-0.56635487542456	-0.497388358698598	-1.06271134682379	-0.54515966009686	1	2	1	2	16
23.4188640897703	NaN	-0.105289032468207	-0.985379371592274	-0.914470251012049	0.12880644415835	1	2	1	2	16
35.8057933827128	NaN	0.435701356815992	-1.00543886988443	-0.101046882698742	0.778197950185393	1	2	1	2	16
48.6521463272242	NaN	0.89828316405896	-0.547410172631014	0.705126506882852	1.07713104868131	1	2	1	2	16
59.9069953305061	NaN	1.14707131381729	0.156794073427142	0.837611002454477	0.87559229481283	1	2	1	2	16
71.0369296900611	NaN	1.10925230176143	0.750615706042119	0.186885718483349	0.274719778966513	1	2	1	2	16
