age	diseaseAge	x1	x2	x3	x4	z1	z2	z3	z4	id
11.5274584814979	-36.9199646911025	-0.837092044455339	-0.260349738732669	-0.355453607004435	-0.114595637934607	2	1	1	1	1
25.3017566987313	-23.145666473869	-1.06763918208391	0.500364599287751	-0.922739185044499	-0.529443723740725	2	1	1	1	1
36.339871226153	-12.1075519464474	-0.614189277637913	1.11771428114667	-1.19348614617655	-0.635757264107868	2	1	1	1	1
48.4474231726004	0	0.209675679339139	1.22625955893401	-1.05666937345638	-0.396544112757683	2	1	1	1	1
59.551736809569	11.1043136369686	0.834214225036176	0.761747125136949	-0.568393275693132	0.104960726980126	2	1	1	1	1
73.3778012263831	24.9303780537827	0.827528507483053	-0.00085518322102901	0.0711149289440156	0.694256995526052	2	1	1	1	1
11.8890872339615	-36.988553542722	-1.05073564831546	-0.416362193523738	-0.472521275982692	-0.809893989213703	1	2	1	1	2
23.3135249135505	-25.564115863133	-1.38395323646893	-1.01843107669916	-0.00819405459722833	-0.98303016699237	1	2	1	1	2
37.6673857613589	-11.2102550153246	-1.48738461007916	-1.19216430150528	0.526800120838863	-0.723381535832356	1	2	1	1	2
48.8776407766835	0	-1.33448307208424	-0.846602258703413	0.979265084697501	-0.143592875032548	1	2	1	1	2
60.4773602694446	11.5997194927611	-0.964492332277182	-0.162667097272597	1.21963700109638	0.504802944064696	1	2	1	1	2
73.0441980386626	24.1665572619791	-0.472374216480718	0.501560711433619	1.1790851096128	0.940508833104928	1	2	1	1	2
12.8433065022632	-35.1335805451067	-0.523689928443367	-0.414222931477144	-0.431876310175138	-0.732973183669046	1	1	2	1	3
25.5075957764732	-22.4692912708967	-0.695718097337456	-0.00903308652017148	-1.00832154062546	-0.643962614633004	1	1	2	1	3
35.0211749986593	-12.9557120487106	-0.104500666843615	0.531280717602402	-1.25313015523043	-0.297055130388798	1	1	2	1	3
47.9768870473699	0	0.782240358874921	1.04344625022399	-1.05868079376905	0.208972478003319	1	1	2	1	3
60.5314082890442	12.5545212416743	1.26298931344749	1.37269713605741	-0.51045617019053	0.730036310324917	1	1	2	1	3
73.6346894316012	25.6578023842313	0.957417652865769	1.41954021729548	0.15053634821388	1.11777112329962	1	1	2	1	3
11.7471095002266	-35.6538140680761	-0.590606364288497	-0.643750764327284	-0.218354566578132	-0.406261312256822	2	2	1	1	4
24.8112613354977	-22.5896622328049	-0.917348712177763	-0.68682996242064	-0.973193583853717	-1.00945623281002	2	2	1	1	4
36.7363296148365	-10.6645939534662	-0.954437110194143	-0.141009954825733	-0.986133328542099	-1.03495273708849	2	2	1	1	4
47.4009235683027	0	-0.690443292976878	0.651172884284839	-0.246290866052888	-0.466446001596069	2	2	1	1	4
58.6745157296368	11.2735921613341	-0.206713222015749	1.19257401345982	0.624091454915057	0.332508174905932	2	2	1	1	4
74.2753216732123	26.8743981049096	0.347698522022802	1.14343018257998	0.892981117813725	0.850984581372706	2	2	1	1	4
12.8509432573666	-33.9486042053424	-1.31742942530536	0.00853354063265538	-0.548804293425706	0.120615197115787	1	1	2	1	5
25.1701568478922	-21.6293906148168	-1.09878841781009	0.543396300375725	-0.147518362828929	0.699135231205681	1	1	2	1	5
35.3413192743972	-11.4582281883118	-0.550287165144873	1.04773106335099	0.728841230037422	1.16456078577165	1	1	2	1	5
46.799547462709	0	0.0964954259305971	1.37295459104111	1.38487307007167	1.36073108038099	1	1	2	1	5
59.7654681283577	12.9659206656487	0.568485766933789	1.42325202289363	1.30000834782034	1.22182655269257	1	1	2	1	5
73.6158926858456	26.8163452231365	0.666408092058267	1.18380511542743	0.541588196336769	0.794452807483908	1	1	2	1	5
13.1223896983088	-35.2310980826786	-0.75247384905048	-0.52203815135744	-0.691546014513778	-0.499357072421499	2	1	2	2	6
26.0411605324557	-22.3123272485316	0.0612365562840086	-0.166892950696737	-0.902597470221185	0.382592954134392	2	1	2	2	6
36.0506242293559	-12.3028635516315	0.614947802955209	0.400190630413227	-0.724955360427848	1.10490819695482	2	1	2	2	6
48.3534877809874	0	0.541944458555821	0.975757282537819	-0.227695489661451	1.05639556956281	2	1	2	2	6
60.7064765511472	12.3529887701598	-0.109424354208872	1.35330818397062	0.395823564697441	0.278104437541527	2	1	2	2	6
71.7127055805476	23.3592177995602	-0.907765924308252	1.39738757821101	0.903147576180296	-0.571407645622638	2	1	2	2	6
12.0254984593764	-36.3805271229026	-0.52010912885539	-1.05873774949191	-0.467563580949475	0.09930343408545	1	1	1	2	7
23.6531237828579	-24.7529017994211	0.275414703018366	-1.23769899256937	0.0478993083348438	0.716738414623228	1	1	1	2	7
34.9733554443962	-13.4326701378828	0.56823529318967	-0.991430458755698	0.638101468247172	1.08909434645368	1	1	1	2	7
48.406025582279	0	0.149193576576588	-0.424809052589774	1.09592131221012	1.060962652425	1	1	1	2	7
61.3550331444083	12.9490075621293	-0.682392787410909	0.220861563605447	1.26069461550734	0.644084535424362	1	1	1	2	7
72.5132409037691	24.1072153214902	-1.33252927699155	0.670613514195904	1.07459694047568	0.0124506035516977	1	1	1	2	7
10.6597119367433	-38.6415471767154	-0.0498183568306031	-1.15271095900514	-0.111833268550088	-0.364514377843468	2	2	1	1	8
23.5955858632467	-25.705673250212	-0.41814986561688	-1.40863040366032	0.606920377212713	-1.02276631960962	2	2	1	1	8
36.7921989794625	-12.5090601339962	-0.559828431136861	-1.07321080794861	0.964940899744394	-0.829048963781422	2	2	1	1	8
49.3012591134587	0	-0.437433438754487	-0.345110166604423	0.759165473126634	0.0447449547154474	2	2	1	1	8
58.998892864517	9.69763375105829	-0.0832922615379036	0.344441457419694	0.106306232569092	0.823265050936324	2	2	1	1	8
71.1670875373791	21.8658284239204	0.409058153193129	0.587045316269348	-0.623346757612794	0.815701005063017	2	2	1	1	8
12.2506935198409	NaN	-0.63735624871117	-0.531025299522348	-1.26749597173792	-1.09489241488468	2	2	1	1	9
22.9835191937256	NaN	-0.505078545259693	0.203985718149997	-1.29959778242442	-1.45373176261801	2	2	1	1	9
36.2354821051338	NaN	0.173904516184797	0.850042504920089	-0.698470386191069	-1.05688819261691	2	2	1	1	9
50.2099100662052	NaN	0.955658417915565	1.03892235034217	0.124757265665119	-0.204337965196378	2	2	1	1	9
59.4664584350941	NaN	1.32905473709407	0.662972413281947	0.607055234220925	0.459471464058983	2	2	1	1	9
71.293526699096	NaN	1.04995849557325	-0.0635331005699153	0.418565557141764	0.432762857963985	2	2	1	1	9
11.0752158040664	NaN	-0.635256087592642	-0.589049961374055	-1.02454318754668	-0.172572411946826	2	2	1	2	10
22.3789303698361	NaN	-1.1120780125228	0.0445394976352345	-1.17448626079028	-0.802799736918226	2	2	1	2	10
36.7607382627105	NaN	-1.2138260742375	0.62750237924095	-1.04714456946784	-0.899530230852492	2	2	1	2	10
49.1960205757672	NaN	-0.89727782445539	0.915311849699509	-0.677836762486828	-0.403052321091773	2	2	1	2	10
59.1903905954031	NaN	-0.296902560420935	0.787244719330634	-0.168991609546251	0.380159006287248	2	2	1	2	10
72.0202898632964	NaN	0.33226106295859	0.297019416672128	0.338260964673796	0.966628704490904	2	2	1	2	10
13.4804826400826	NaN	-1.21094264255196	-0.552711384969917	-1.28367352044659	0.00901736604942299	2	1	2	1	11
24.5257987105076	NaN	-0.707428558990329	-0.858661553717262	-1.22824627402078	-0.436232588133282	2	1	2	1	11
35.2763966006505	NaN	-0.0333596826241822	-0.698503580013732	-0.783948291309412	-0.660878481704387	2	1	2	1	11
49.3736593308191	NaN	0.504495346032229	-0.14737202041582	-0.139769085539439	-0.599950961320269	2	1	2	1	11
58.3195597191219	NaN	0.661358787315012	0.536181993483545	0.43027903788447	-0.271070743466152	2	1	2	1	11
71.9368727615836	NaN	0.365842113558978	1.03148427650885	0.683716658496868	0.230647434874226	2	1	2	1	11
12.5480183733167	NaN	-0.689057636183271	-0.622692545418568	-0.1550900045765	-0.319216486149833	2	1	1	2	12
24.4524104864343	NaN	-0.180179930589001	-0.876467027566354	0.698943494404907	-0.662645893234437	2	1	1	2	12
35.2881519565208	NaN	0.705975070879334	-0.552482623341287	0.933523927598852	-0.680674265009815	2	1	1	2	12
48.2231403233424	NaN	1.27237575721167	0.161842268697625	0.352943596866128	-0.367104202239128	2	1	1	2	12
58.9375757155375	NaN	1.07350279802309	0.853285204596667	-0.55842615204398	0.17027203896466	2	1	1	2	12
71.4504815482496	NaN	0.265785642901809	1.1218604873557	-1.04024024991831	0.746727010741759	2	1	1	2	12
11.5528404554004	NaN	0.00836264410446177	-0.610965889093123	-0.534276705865112	-0.895663565517671	1	1	2	2	13
21.9695564352656	NaN	-0.563385770770808	0.00257989338166714	0.0543951027947469	-0.326679632649937	1	1	2	2	13
36.6445071659252	NaN	-0.875784562932314	0.438998995764196	0.676800319544202	0.344693772317622	1	1	2	2	13
48.1736466184877	NaN	-0.807222009723613	0.529708583138555	1.07682633086902	0.811513997367049	1	1	2	2	13
60.2591237274572	NaN	-0.384388387850778	0.239668760802295	1.08986701767346	0.860357280353318	1	1	2	2	13
72.1702260688709	NaN	0.228114113294767	-0.319081985254813	0.710556286792443	0.468893146607431	1	1	2	2	13
12.0930175385938	NaN	-0.297856593826392	0.0648639663770265	-0.117107889722667	-1.07989228587569	1	1	1	2	14
24.5666134826687	NaN	-0.851047475598816	0.781179409082551	-0.870042009714332	-0.594716348219631	1	1	1	2	14
35.8429286118164	NaN	-1.08699250925565	1.26280764759861	-1.04027804152396	0.0699454123757455	1	1	1	2	14
47.7485787727373	NaN	-0.907586377255426	1.26005799299131	-0.504008141175996	0.618758212675207	1	1	1	2	14
59.1598396449449	NaN	-0.387425672185752	0.774355949619231	0.348753782726953	0.807863418073426	1	1	1	2	14
70.5079062840342	NaN	0.257208168058504	0.057504190431626	0.89781813753188	0.553234312794079	1	1	1	2	14
10.2383566620228	NaN	-1.01529228564165	-1.18720991770567	-0.900747973823654	-0.348113510327784	1	1	2	1	15
24.5470255002743	NaN	-1.44889405404906	-1.38061913236819	-0.281142231949402	0.136026184340027	1	1	2	1	15
35.4803917470438	NaN	-1.08011109127104	-0.989827226556806	0.585807689341127	0.715188283119953	1	1	2	1	15
45.8033053017645	NaN	-0.205091644320964	-0.245378583083455	1.03874867209847	1.19509673971245	1	1	2	1	15
59.6361099460892	NaN	0.473486827504159	0.413545611101705	0.732154494060851	1.41476947720172	1	1	2	1	15
70.8322302682539	NaN	0.410697239237575	0.598218595261724	-0.100089345032029	1.30051874735784	1	1	2	1	15
10.4734739354715	NaN	0.154180081517951	-0.555705699172042	0.025848418842642	-0.658237061833045	1	1	2	1	16
23.1794725553631	NaN	0.717904192209928	-1.16677969526674	-0.653853054017983	0.0718943953914186	1	1	2	1	16
36.5669875955865	NaN	1.16688334244825	-1.42160209113699	-0.595816960019095	0.710897867213312	1	1	2	1	16
46.3911275479337	NaN	1.35751586472082	-1.19830014680586	0.153492847355548	0.901114867617434	1	1	2	1	16
59.6615532558855	NaN	1.22882977833352	-0.603671460282228	0.994176914078813	0.536078487770069	1	1	2	1	16
71.419675963403	NaN	0.821984091630116	0.0778936304181603	1.25318130748752	-0.179895701735035	1	1	2	1	16
