age	diseaseAge	x1	x2	x3	x4	z1	z2	z3	z4	id
11.2847287337997	-38.0583468603022	0.106655831529463	0.328928173924919	-0.717053961624058	-0.99463096435332	1	2	1	1	1
24.7241649209804	-24.6189106731215	-0.380981507435023	1.13518167260289	-0.222912491834893	-0.968905492501938	1	2	1	1	1
36.202370310053	-13.1407052840489	-0.728462536474611	1.41133845190471	0.236328112921341	-0.430325692176655	1	2	1	1	1
49.3430755941019	0	-0.844872901713011	0.953215006248706	0.547177258187899	0.318834907940218	1	2	1	1	1
59.1269133528394	9.78383775873752	-0.699755190354468	0.0995365024031422	0.632815834510386	0.858116019493425	1	2	1	1	1
71.203033413348	21.8599578192461	-0.331077757104945	-0.518508247263914	0.472080266990133	0.88485050858293	1	2	1	1	1
11.1780634478134	-35.9986177841239	-1.15848149095045	-1.14583444526581	-0.338382208833905	-1.13223377530451	2	1	2	2	2
23.1479787798618	-24.0287024520756	-1.41376999262615	-0.537686126138743	0.192667221129727	-0.720565767237529	2	1	2	2	2
38.4429736408489	-8.73370759108843	-1.23027564039827	0.101400317422569	0.596910505349371	-0.195093320419594	2	1	2	2	2
47.1766812319373	0	-0.688645538519408	0.490849718678465	0.75667396229199	0.295934340287471	2	1	2	2	2
59.9711033616508	12.7944221297135	-0.0269300616317805	0.459683907469161	0.62545105768287	0.613985745676573	2	1	2	2	2
72.1132657164912	24.9365844845538	0.464042018685592	0.0215854658064084	0.241440279634493	0.669330454883161	2	1	2	2	2
13.0644137702616	-34.8207017873456	-0.703444282763457	-0.928376836754163	-1.32262532917026	-0.537869452034045	2	2	2	1	3
26.0307114916161	-21.8544040659911	-1.10645944703644	-0.213029571996623	-0.972788868658946	-0.913954755866346	2	2	2	1	3
35.7021867834413	-12.1829287741659	-0.793113623460952	0.550416233478334	-0.253015612842336	-0.471580745500561	2	2	2	1	3
47.8851155576073	0	0.0117403506069791	0.859742161100565	0.424441648197099	0.426881761650758	2	2	2	1	3
62.260008395854	14.3748928382468	0.730549860419163	0.511463985691135	0.671566766640316	1.04545690466001	2	2	2	1	3
72.129222925096	24.2441073674887	0.847506665880045	-0.265310066308391	0.346817918372035	0.877438649829592	2	2	2	1	3
13.002567096919	-35.5749214809742	-0.729288694426653	-0.170500686020639	-0.990983023895156	-0.168520030517481	2	2	1	1	4
23.9658121585847	-24.6116764193085	-0.645325614944128	-0.555374206849806	-0.336410584305688	0.434662456104405	2	2	1	1	4
35.8391371304132	-12.73835144748	-0.266032055475867	-0.200284629563247	0.440095833098337	1.04171875543189	2	2	1	1	4
48.5774885778932	0	0.284950989167665	0.631966544241946	0.848149245213394	1.40510828317878	2	2	1	1	4
59.4796074966529	10.9021189187598	0.8280156926397	1.3254309111987	0.630051740950504	1.37665095107054	2	2	1	1	4
71.656550107451	23.0790615295578	1.18613542607297	1.3668760685625	-0.0764615950332807	0.967950863413658	2	2	1	1	4
10.8586249724427	-36.2947852434585	-0.541650498026418	-1.16655162386873	-0.623531991595917	-0.490856302499787	1	2	2	1	5
22.3123307264532	-24.8410794894481	0.123431076070947	-0.874892780719389	-0.268459217115173	-0.514435329360246	1	2	2	1	5
34.3655841685397	-12.7878260473615	0.773677891523614	-0.394467134154789	0.487313328401041	-0.182327224070178	1	2	2	1	5
47.1534102159013	0	1.08793558675833	0.137635512541039	1.17286549035078	0.382907932559447	1	2	2	1	5
58.9857116665554	11.8323014506541	0.910993513934668	0.569579286982719	1.36103127546213	0.972677620893429	1	2	2	1	5
72.1372007343244	24.9837905184231	0.330242671489996	0.778108722915682	0.934565010891935	1.36933517856277	1	2	2	1	5
12.3807981320828	-36.7878354446719	-0.364736083283061	-0.476549021630624	-0.60026702905163	-0.242242760873215	1	2	2	1	6
23.3524156577711	-25.8162179189835	-0.712000331726981	0.210867803679109	-0.0596645186662034	0.467761851548102	1	2	2	1	6
36.5602864235583	-12.6083471531964	-0.679631695812437	1.03614108656263	0.661228712328747	0.917623366536764	1	2	2	1	6
49.1686335767546	0	-0.280371426144343	1.40103839686488	1.1876941432603	0.87470715017054	1	2	2	1	6
58.8167498571695	9.64811628041488	0.328619849135417	1.04104928789306	1.24607634364005	0.361206250645463	1	2	2	1	6
71.2776312990183	22.1089977222636	0.90762518690235	0.21712629980102	0.806028389930181	-0.357335181673073	1	2	2	1	6
10.5315226801091	-38.2017171413096	-0.880558849593993	-0.0445707667918684	-0.578953128693062	-0.742766870413973	2	2	1	1	7
24.5606048009556	-24.172635020463	-0.588463110322222	-0.476807573923896	-0.86442812054853	0.00589903274477069	2	2	1	1	7
34.2775349225105	-14.4557048989082	0.124692559922325	-0.69068494932301	-0.46134885064213	0.88663895274985	2	2	1	1	7
48.7332398214187	0	0.834708040663639	-0.625976271217111	0.351899159957243	1.13522145619007	2	2	1	1	7
59.7808135405558	11.0475737191372	1.1192510627535	-0.300903126038071	1.01364854680904	0.535947721415611	2	2	1	1	7
73.8917826263047	25.1585428048861	0.809069400784057	0.192995784065605	1.06686402770056	-0.391183310989898	2	2	1	1	7
11.1258958427442	-36.8344243041785	-1.31327354159788	-1.34166273649462	-0.781526524591811	-1.40414867635708	1	1	1	2	8
25.0006745829859	-22.9596455639369	-1.14645151041859	-0.695991655215278	-0.280141764802628	-1.14903813686858	1	1	1	2	8
36.1050536437933	-11.8552665031295	-0.405539020220646	0.0836189404465837	0.223257864623163	-0.721393828651569	1	1	1	2	8
47.9603201469228	0	0.381229677501377	0.504868154987571	0.592383732963465	-0.226176954973091	1	1	1	2	8
61.4746320066891	13.5143118597663	0.652927105293927	0.301749642800529	0.727300011466103	0.215066241318086	1	1	1	2	8
71.4813781340863	23.5210579871635	0.215846328395171	-0.397473299028253	0.591479945273867	0.494036840006666	1	1	1	2	8
10.985591103655	NaN	-0.779462392275781	0.191794951768177	-0.308293042582716	-0.30969537753815	2	1	1	1	9
23.6958092239462	NaN	-1.19252303448355	0.883754273893422	0.477081909343853	-0.653912688496007	2	1	1	1	9
35.6916136753341	NaN	-1.40063459112673	1.36287227085684	1.06216355871325	-0.687106046568815	2	1	1	1	9
48.6099223606325	NaN	-1.34906845306587	1.39741082656852	1.08396998476385	-0.398287107855961	2	1	1	1	9
58.5491388038001	NaN	-1.0513853425419	0.97066445327008	0.528972582690963	0.116933378750381	2	1	1	1	9
73.1481530919889	NaN	-0.585869151454271	0.289040343392523	-0.258510853161222	0.68799659605991	2	1	1	1	9
12.2289620064358	NaN	-0.968973982816991	-0.912208263587827	-0.0191462353317986	-0.673526411875266	2	1	2	2	10
24.3858631760316	NaN	-0.805911841972022	-0.954091740297124	-0.528368796664682	-0.0322977368572352	2	1	2	2	10
35.7865824458993	NaN	-0.409235388207181	-0.65337034469808	-0.368337021006789	0.61675883559126	2	1	2	2	10
49.6250139134458	NaN	0.110190752124773	-0.115871060772518	0.350860848483158	0.967272036111239	2	1	2	2	10
59.905867439919	NaN	0.607195408869389	0.469254528177937	1.13447788039011	0.853790687210917	2	1	2	2	10
72.2190460999198	NaN	0.942873852384614	0.896094647216668	1.44345224154223	0.329880882181676	2	1	2	2	10
12.1635704589322	NaN	-1.27871829616804	-0.0407750984434795	-0.917071596633196	-0.699178897368772	1	2	2	1	11
25.159965490855	NaN	-0.853335916563374	-0.503360148744875	-1.40126548270499	0.140705429313513	1	2	2	1	11
33.2825619107766	NaN	0.00871129125867581	-0.434765743611621	-1.42169076335569	0.924050722199456	1	2	2	1	11
49.0219991103199	NaN	0.65045973677759	0.126994400937713	-0.968102360444557	0.995356183272514	1	2	2	1	11
60.2927064363099	NaN	0.582834855220693	0.870603486339682	-0.268014828656726	0.294953634194464	1	2	2	1	11
71.5638593039501	NaN	-0.142626634085021	1.38396748617354	0.327416242462154	-0.591062345769342	1	2	2	1	11
14.4370784444552	NaN	-1.25680220555357	-0.210430641391861	-0.975512276247627	-1.16841511288357	1	2	1	1	12
24.8371005717225	NaN	-1.00934954087048	0.410907046195993	-0.698636375734452	-0.854727089916848	1	2	1	1	12
36.192253299289	NaN	-0.523115682251617	1.00637377076472	-0.258622704259782	-0.367159882973424	1	2	1	1	12
47.1850565211384	NaN	0.0448726334217427	1.32910879917444	0.236570826823282	0.15756307686201	1	2	1	1	12
59.9554506472779	NaN	0.51118648564987	1.2453169041925	0.665447857749084	0.572299154859421	1	2	1	1	12
72.1981159251458	NaN	0.725232201696958	0.789735423394575	0.922782866022162	0.760748200453113	1	2	1	1	12
12.7998437871178	NaN	-0.637305525827096	-0.714617163412566	-1.10932759229284	-0.636771456765749	1	1	2	2	13
22.3793154488499	NaN	0.209246618545512	-0.0283765714557309	-0.32845759654114	-0.561350451709702	1	1	2	2	13
36.3498052947956	NaN	0.890706298640187	0.474748790081625	0.42016547608873	-0.0335555024829158	1	1	2	2	13
48.1196876224702	NaN	0.892065577547057	0.557282816576592	0.60262494759526	0.678780841520463	1	1	2	2	13
60.2968785524016	NaN	0.21229719063703	0.180269294311422	0.0887910391106238	1.21417945034659	1	1	2	2	13
71.9018891305008	NaN	-0.634869107058094	-0.478340694335288	-0.754870796331664	1.30094925428354	1	1	2	2	13
10.4688116457464	NaN	-1.06603565113407	-1.20561719640643	-1.25275657430533	-0.473345429076327	1	1	2	2	14
23.9144640616611	NaN	-0.971242244724008	-0.5742160202246	-1.43300945718899	0.30054052225364	1	1	2	2	14
37.2236094627532	NaN	-0.63343875054465	0.11122906784648	-1.06714299033406	0.82245767397442	1	1	2	2	14
48.3504724075514	NaN	-0.14362357837207	0.506975991837389	-0.356799697924537	0.779423561442921	1	1	2	2	14
59.9923746203513	NaN	0.366255549168257	0.4145626552526	0.306523993078381	0.197244814235179	1	1	2	2	14
71.9208748622366	NaN	0.758846027429966	-0.119666817895984	0.557245894849033	-0.574958523283248	1	1	2	2	14
10.5661705882314	NaN	-0.458109558245526	0.0162050009697378	-0.869496864512654	-1.48749687108682	2	1	2	1	15
25.0216416555985	NaN	-0.659661210440016	-0.662403692940106	-0.431154984863328	-1.12490408401536	2	1	2	1	15
35.2170271013526	NaN	-0.515933305555245	-0.561655153907947	0.31980653239611	-0.43643563980964	2	1	2	1	15
48.6513451659661	NaN	-0.0766179487381746	0.234439150185464	0.946492452515877	0.219019681031826	2	1	2	1	15
60.5837919036431	NaN	0.506397132147	1.06203782073638	1.08430873719651	0.499782368361773	2	1	2	1	15
71.99287403781	NaN	1.03154184725004	1.2310288243887	0.653076473585567	0.259494837728263	2	1	2	1	15
12.3331513366223	NaN	-0.710440409328643	-0.50939426540466	-0.60432966619079	-0.310343532610242	1	2	1	1	16
23.9921624249612	NaN	-0.585795970001659	-0.613228872980493	-0.360167910267859	-0.712695049764469	1	2	1	1	16
35.390004310529	NaN	-0.225783847501339	-0.189030589061394	0.15094544259819	-0.317471779664014	1	2	1	1	16
49.4798912991088	NaN	0.272773866380516	0.53282439672975	0.746811774777671	0.56010302665563	1	2	1	1	16
59.2086229301673	NaN	0.775794462423647	1.16030667882711	1.21502023570996	1.22009086758597	1	2	1	1	16
70.8863531175549	NaN	1.14799497852943	1.35263935481156	1.3886666859003	1.13609684535421	1	2	1	1	16
