age	diseaseAge	x1	x2	x3	x4	z1	z2	z3	z4	id
11.4894850313996	-34.2521991160971	-1.2143971249925	-0.871273168564512	-1.40259271645916	-0.448167222883847	1	1	1	2	1
24.2223239731985	-21.5193601742982	-0.839049898296301	-0.368331363124935	-1.38703993444211	-1.04741490196857	1	1	1	2	1
35.3197851503948	-10.4218989971019	-0.311160056084294	0.491856466029879	-0.890606697987432	-1.25535756918638	1	1	1	2	1
45.7416841474967	0	0.211758290463721	1.07076469539147	-0.171446003739772	-0.969033714199351	1	1	1	2	1
58.0864308245023	12.3447466770056	0.573674447082102	0.938664229082618	0.396467412815908	-0.330214801948638	1	1	1	2	1
73.1018596321616	27.3601754846649	0.666598266636215	0.193614502213554	0.517809750707762	0.344791980985032	1	1	1	2	1
12.2258583611137	-36.5480978217985	-0.0885672969839572	0.276063478845712	-0.762645269940248	-1.07505819262734	1	1	1	1	2
22.2760161734115	-26.4979400095007	0.451099083253439	0.776196389983974	-0.317686067144474	-0.566934168473403	1	1	1	1	2
37.002879845256	-11.7710763376561	0.904749613204789	1.16086437784681	0.333406280892787	0.0092960867386927	1	1	1	1	2
48.7739561829121	0	1.14017187679571	1.32985087635047	0.907603135146575	0.460794007578628	1	1	1	1	2
60.3072106180768	11.5332544351647	1.08875414713064	1.2391302656646	1.1553021854657	0.63646337762594	1	1	1	1	2
72.0949174555427	23.3209612726305	0.765481664651816	0.912337754236014	0.968829112975215	0.477515493921074	1	1	1	1	2
13.5400338361573	-35.7103802184112	-0.970310575133929	-0.18213722637413	-0.600927513181261	-0.609410856046984	2	1	1	2	3
23.4277706087338	-25.8226434458347	-0.789942318399666	0.685698185701885	0.0866267829814192	0.299868623552193	2	1	1	2	3
35.6568501173162	-13.5935639372523	-0.143543547844934	1.18610705587856	0.972485560778733	0.904173888821208	2	1	1	2	3
49.2504140545685	0	0.596280790541983	0.94093711864722	1.32320516104063	0.698760632940412	2	1	1	2	3
59.6633141660357	10.4129001114672	1.0030722624282	0.135460004316736	0.848408524346484	-0.144800288415186	2	1	1	2	3
71.0480180502766	21.7976039957081	0.842343239873795	-0.621636044852288	-0.0587981439958252	-0.921926941278428	2	1	1	2	3
10.48464820411	-37.5751427010866	-0.330089913983944	-0.825773604824992	-0.534666668706585	-0.844808671429056	2	1	1	1	4
21.9047557667612	-26.1550351384354	-0.848694844716802	-0.207317393023366	-0.96874478279703	-0.551089718043545	2	1	1	1	4
36.0489017428627	-12.010889162334	-0.634980921758532	0.670548825695588	-1.05809605854533	-0.0841425147289277	2	1	1	1	4
48.0597909051967	0	0.151462006902958	1.12150951574386	-0.768347551784757	0.431226285349278	2	1	1	1	4
58.944180751061	10.8843898458643	0.923361452423975	0.79300375050184	-0.210963918860321	0.857267800460753	2	1	1	1	4
71.0545796263696	22.9947887211729	1.10430520231285	-0.0581427653749019	0.399632423384987	1.08010873779384	2	1	1	1	4
12.8143595789077	-35.047869457415	-0.497253583363541	-0.810928860394931	-0.311687588458974	0.107951196421046	2	1	2	1	5
24.0894104851699	-23.7728185511528	-0.119848269748333	-0.266890510799586	-0.712442213558352	-0.445753833241026	2	1	2	1	5
36.2270078489602	-11.6352211873624	0.464313555848423	0.596446383304905	-0.555490250845493	-0.79906587801318	2	1	2	1	5
47.8622290363227	0	1.03897456664102	1.13558461092805	0.0702660894075232	-0.831064554195762	2	1	2	1	5
57.6565705263949	9.79434149007226	1.39139464755085	0.948671838197679	0.810380002084687	-0.53079837496818	2	1	2	1	5
70.0780730575592	22.2158440212366	1.39110751121773	0.175025461105822	1.24562918787336	-0.00103287618314615	2	1	2	1	5
11.9409947214117	-36.9948592818796	-0.962105881706219	-1.02444138251041	-0.961264959782566	-0.592572357993759	1	2	1	1	6
25.9783828030137	-22.9574712002776	-0.810883311247163	-1.28955618236238	-1.16100101037939	-1.07209225008138	1	2	1	1	6
35.4737911006479	-13.4620629026434	-0.302379028448167	-1.1210773849899	-0.92260055529177	-1.2290872825142	1	2	1	1	6
48.9358540032913	0	0.348173113159599	-0.592277310693514	-0.350565580870495	-1.00337110753379	1	2	1	1	6
60.7993986253558	11.8635446220645	0.86541487354231	0.0668660906418079	0.304354428924042	-0.481475330577333	1	2	1	1	6
73.0746289092777	24.1387749059864	1.03041409999198	0.569687866631189	0.755077631486926	0.136523649511151	1	2	1	1	6
11.7915122234243	-36.6701561409622	-0.343398985173568	-0.335318304457756	-0.985569628995024	-0.569690192786731	2	2	2	2	7
24.992839034778	-23.4688293296085	0.274580302464892	-0.499211763535316	-0.620543076619123	-0.978927927426953	2	2	2	2	7
36.7897990117882	-11.6718693525984	1.00790633165305	-0.390489145667305	0.113307190793768	-1.02406079057537	2	2	2	2	7
48.4616683643866	0	1.45038795123537	-0.038834414558937	0.786039017641228	-0.687313047792486	2	2	2	2	7
62.0791776128803	13.6175092484938	1.35693346765465	0.459741990750681	1.00351781731771	-0.101313963681493	2	2	2	2	7
73.7502768268851	25.2886084624986	0.779307556860447	0.969116380364246	0.63832890036568	0.503138693251399	2	2	2	2	7
12.1407081797874	-36.311522321773	-0.00874509802899706	0.203494907018644	-1.1300153206279	-0.468359037517576	1	1	2	2	8
23.9421197868797	-24.5101107146807	-0.537514425840748	0.9339945026716	-1.38213204346973	0.0773728365950033	1	1	2	2	8
35.2141112403147	-13.2381192612457	-0.784219284908524	1.40638813162698	-1.05932866498619	0.448367822708201	1	1	2	2	8
48.4522305015605	0	-0.655848765727918	1.3649165626674	-0.347426993211196	0.524769812745534	1	1	2	2	8
60.8119327859438	12.3597022843834	-0.200800207482512	0.832032970315847	0.343766679204108	0.281895871578657	1	1	2	2	8
71.2082437257832	22.7560132242228	0.409367222201219	0.096246533262075	0.616366622211926	-0.201789529758914	1	1	2	2	8
12.023992131421	NaN	-1.29060647437396	-0.943127962892982	0.116801815010543	-0.520288085593858	2	1	1	2	9
24.3018529243507	NaN	-0.745167924317632	-0.349724933481706	-0.629340883145018	0.022206572178849	2	1	1	2	9
34.3982576345196	NaN	-0.0722220572394303	0.283480275695434	-0.754668853640364	0.606293908816152	2	1	1	2	9
48.5125608216758	NaN	0.422405198048136	0.687669871295687	-0.165375382318326	1.02584883235323	2	1	1	2	9
58.7635936051589	NaN	0.513926310831657	0.691251210670781	0.697459347359229	1.1328099283854	2	1	1	2	9
71.3532633349596	NaN	0.160748738988097	0.292703889796759	1.18801229579602	0.889430503270564	2	1	1	2	9
10.2220157574348	NaN	-0.331958711308829	-0.556742471894512	-0.665418939119211	-0.526945248018104	2	2	1	2	10
24.8849449962399	NaN	-0.981367344308909	-0.222429647707749	-0.781496253706934	-0.493535200920295	2	2	1	2	10
35.4048087159374	NaN	-0.917897753223489	0.521589644149467	-0.477605672609325	0.0740208321088377	2	2	1	2	10
47.6018840287599	NaN	-0.190292479781288	1.21693510695766	0.117120526186593	0.841026070658799	2	2	1	2	10
60.4722506569983	NaN	0.642671748512669	1.43521373659333	0.749965234596408	1.35516537937541	2	2	1	2	10
71.4745166903977	NaN	0.941306019821741	1.04194699988543	1.15201363955211	1.31324266607459	2	2	1	2	10
11.0370657294691	NaN	-0.375762981763847	-0.850978070842607	-0.477358666905338	-0.503000512200007	1	2	1	1	11
24.458506484472	NaN	-0.644109425280098	-0.628092242908679	-0.900087329500682	-0.919134452916751	1	2	1	1	11
35.3841854009392	NaN	-0.203334655542377	-0.0952292971298901	-1.02058791152924	-0.68123733122102	1	2	1	1	11
47.6907838324507	NaN	0.631998383834688	0.534852504892907	-0.797253382629892	0.0539636632198485	1	2	1	1	11
60.8445481365127	NaN	1.26574663338932	1.01057795057146	-0.307197781325704	0.802116366419932	1	2	1	1	11
73.6791718190419	NaN	1.24562986163471	1.14200229027802	0.280370097381229	1.07033599785406	1	2	1	1	11
11.1254304211411	NaN	-0.698670038479468	-0.28677044764052	-0.565994167466371	-0.835751423172882	2	1	1	1	12
24.1770528228274	NaN	-0.42573661672394	0.312984266891798	-0.746572217422539	-0.271708094333674	2	1	1	1	12
35.6273600166273	NaN	0.207100445497836	1.00212020142874	-0.436184733204626	0.590225553512278	2	1	1	1	12
47.9326390314305	NaN	0.886262257595637	1.44327400537049	0.212031146532738	1.10896297813834	2	1	1	1	12
61.4327193360781	NaN	1.27521542055966	1.42048084802274	0.878262510184577	0.898679142190232	2	1	1	1	12
73.1410033176117	NaN	1.18122864759452	0.944899015506125	1.23380807339115	0.115778355455639	2	1	1	1	12
11.4106040563963	NaN	-0.273709048920007	-0.112068691251034	-0.154636897448885	-0.249024329656378	2	2	2	1	13
25.3214947191346	NaN	-0.48498617831762	0.806894891068768	0.490536156856482	-0.590497864053975	2	2	2	1	13
36.0427557240974	NaN	-0.4615730327352	1.35850855376909	1.13039387783092	-0.425691902514103	2	2	2	1	13
48.268309604225	NaN	-0.20907541393813	1.07657347671061	1.465787371372	0.161215318671536	2	2	2	1	13
59.9992256101696	NaN	0.212051256044756	0.199368384965367	1.33991210204464	0.870448146458264	2	2	2	1	13
72.3515749131422	NaN	0.700976756783246	-0.53173280989618	0.811617789684624	1.33975045852238	2	2	2	1	13
12.3008554095105	NaN	-1.35048184906742	-1.22824383740389	-1.1162807065454	-0.905586598155808	1	2	1	1	14
24.2292353378701	NaN	-1.46319002843088	-0.993103622189701	-0.709086410463275	-0.685180685195043	1	2	1	1	14
36.2430821422385	NaN	-1.18935786884152	-0.129734654121096	-0.214179285468775	-0.24303435442479	1	2	1	1	14
47.1158115865024	NaN	-0.635821785315694	0.629570261181559	0.245742408914978	0.293235428441705	1	2	1	1	14
58.6910153567503	NaN	-0.0185454938565627	0.640783428360866	0.556654063690013	0.768844788179469	1	2	1	1	14
71.6970706147288	NaN	0.421638861667252	-0.105605943400679	0.641473905368482	1.04651830457	1	2	1	1	14
12.9777479840481	NaN	-1.20655548583887	-0.885996520337708	0.107523140453631	0.0112572045919971	1	1	2	1	15
22.9424934960519	NaN	-1.32148837050799	-0.653856505930138	0.680449785674029	0.762311443929013	1	1	2	1	15
35.9194162185059	NaN	-0.957751944894812	0.103572907909453	1.15358904767999	1.02041883987111	1	1	2	1	15
46.6662407901035	NaN	-0.292690419233189	0.860740220165823	1.37158388654476	0.612912698079752	1	1	2	1	15
58.3567020087328	NaN	0.349437202648626	1.09227579215699	1.26285488452616	-0.187596666777634	1	1	2	1	15
72.470738066544	NaN	0.655553626443364	0.637525884834807	0.863103614637151	-0.845590676039404	1	1	2	1	15
11.5599153268306	NaN	-0.532119769607315	-0.0494960814810402	-0.5031475737441	-0.386562678983649	2	1	2	2	16
24.6998156652115	NaN	-1.30431553963951	-0.759576335447016	-1.17673585057544	-0.549441878934774	2	1	2	2	16
35.16899421591	NaN	-1.40193177234199	-0.838721312944707	-1.32902987762045	-0.21358834407601	2	1	2	2	16
47.860888831583	NaN	-0.746561827832652	-0.228882959812766	-0.863732933568347	0.452053828367159	2	1	2	2	16
58.9394548733185	NaN	0.13539254895215	0.622659176067176	-0.0750559669214449	1.1126472636864	2	1	2	2	16
71.3222751498242	NaN	0.535534021846262	1.09135044085534	0.53831432045115	1.43589424880264	2	1	2	2	16
