age	diseaseAge	x1	x2	x3	x4	z1	z2	z3	z4	id
12.4949021486066	-38.1973743176078	-0.371560488796924	-0.681427361089864	-0.394197118703817	-0.498920160829089	2	2	2	2	1
24.1744279719313	-26.517848494283	-0.733776919455573	-0.314382415584639	0.354813776593244	-1.03612045961498	2	2	2	2	1
34.2995784709357	-16.3926979952786	-0.562739368782826	0.186524978223671	1.03889267238316	-1.2914765906804	2	2	2	2	1
50.6922764662143	0	0.0494382452945666	0.686748766161651	1.23850240597883	-1.16751675298896	2	2	2	2	1
60.9629504165598	10.2706739503455	0.773061780888357	1.05192651377003	0.831224785863391	-0.711557565043432	2	2	2	2	1
72.3229580214412	21.6306815552269	1.21841682320851	1.18396978071038	0.066838161026665	-0.0976428732269252	2	2	2	2	1
11.8670204198287	-37.4131304526328	-0.623882424314237	-0.603190509943533	-1.36497418092988	-0.48907594399771	1	1	1	2	2
24.0543054603995	-25.225845412062	-1.30531695836874	-0.248585633072477	-1.31342356600189	-0.889209579598899	1	1	1	2	2
36.0167068859718	-13.2634439864897	-1.45764476190238	0.497044456373767	-0.496069636918319	-0.976916037945989	1	1	1	2	2
49.2801508724615	0	-0.982969514769167	1.18015401382031	0.353868132810559	-0.721788191020918	1	1	1	2	2
59.1146178185383	9.83446694607675	-0.186350167999452	1.38522677021689	0.473940451803924	-0.21227682396111	1	1	1	2	2
71.8973681573751	22.6172172849136	0.420250913055425	0.987522754217955	-0.243565335842606	0.374974545106944	1	1	1	2	2
11.7263309923578	-35.9202184718581	-0.882564169845209	-0.514334105714975	-0.386441312778706	-0.305627708505859	2	2	2	2	3
24.4607285001061	-23.1858209641098	-0.516415606650283	-0.325166388092956	0.4921761127497	-0.546922682346289	2	2	2	2	3
35.1791531291818	-12.4673963350341	0.0210061379598553	0.408332219872703	1.20441903982676	-0.0959036430881149	2	2	2	2	3
47.6465494642158	0	0.560551126770528	1.18165585093004	1.15757025082387	0.732163340819495	2	2	2	2	3
60.3157469415446	12.6691974773288	0.932401145507531	1.46290668698357	0.390616561631245	1.35845254428409	2	2	2	2	3
73.0818384724116	25.4352890081957	1.01951886184582	1.0586382846214	-0.458195385451972	1.34518259290249	2	2	2	2	3
12.8307066601041	-35.5167146354894	-0.992708241329071	-0.959466461717629	-1.27222806733358	-0.498643601001968	1	2	1	1	4
24.0817199380381	-24.2657013575554	-0.920410955892022	-0.127790708910912	-0.939900089000336	-1.10500051612983	1	2	1	1	4
36.0925184903762	-12.2549028052173	-0.598804621449479	0.690906877909625	-0.335800160261513	-1.1537411466631	1	2	1	1	4
48.3474212955936	0	-0.115038119394882	0.783910946181283	0.285991463133602	-0.614412192226284	1	2	1	1	4
58.6239649574473	10.2765436618537	0.399797508228858	0.0702570123449708	0.663953520911365	0.17601190776578	1	2	1	1	4
71.9824673885018	23.6350460929082	0.806192108032911	-0.828785088131483	0.639117783255582	0.723671671444646	1	2	1	1	4
12.2350998178502	-34.6339414287144	-0.238585640323847	-0.692115185388684	-0.234655078936292	-0.863054329792444	1	2	1	1	5
25.6048708734888	-21.2641703730758	-0.954638323698569	-1.0205704560933	0.384669347913767	-1.09159264235289	1	2	1	1	5
36.2053605485474	-10.6636806980173	-1.18392544757388	-1.10667040286462	1.01033612314691	-0.777836256103277	1	2	1	1	5
46.8690412465646	0	-0.780284645082357	-0.927472760960498	1.37026857315853	-0.0922635022708083	1	2	1	1	5
61.3989671099739	14.5299258634093	-0.00102253710738831	-0.530726685820618	1.30794692161077	0.592622288119992	1	2	1	1	5
73.0672706618031	26.1982294152384	0.657109064968637	-0.0221494726651649	0.850472284173934	0.904691043000536	1	2	1	1	5
12.2560376391458	-36.1255234481474	-0.517625444412104	-0.696777859439733	-0.66825644088399	-0.642929976889721	1	2	1	1	6
24.5767655108732	-23.80479557642	-0.50284183633464	-1.40220222311446	-0.384326854802086	0.00464878353749928	1	2	1	1	6
36.0995592066766	-12.2820018806166	-0.233167058733673	-1.37343617493653	0.135313421898653	0.595912041089424	1	2	1	1	6
48.3815610872932	0	0.219677173399707	-0.633764153807183	0.714045513095398	0.871818837509719	1	2	1	1	6
59.9737756501879	11.5922145628947	0.735254068603728	0.218092463030214	1.15516601432466	0.711490427127518	1	2	1	1	6
70.2756128928385	21.8940518055453	1.17644268637824	0.4926054086175	1.3087438854898	0.185168998224701	1	2	1	1	6
11.9144889651206	-35.7305174886331	-1.33981607837013	0.0712275450137244	-0.484094083483579	-0.412672126936352	2	2	2	1	7
24.3583099834192	-23.2866964703345	-1.14289034894981	0.925368906485122	0.42825913705154	0.320790279538545	2	2	2	1	7
34.7884462429749	-12.8565602107787	-0.362250318608919	1.13861880868192	1.06482340838597	0.807098634537541	2	2	2	1	7
47.6450064537537	0	0.417479716117909	0.530459387441776	0.883696666841186	0.782241148720992	2	2	2	1	7
60.632459370736	12.9874529169823	0.612356957882667	-0.384297211196605	0.0390706562056416	0.25971269471745	2	2	2	1	7
72.1440167695842	24.4990103158305	0.0764370969532767	-0.831301711038856	-0.75003126828195	-0.476811420017925	2	2	2	1	7
13.3629950749425	-35.2542953481246	-0.510320091436166	-0.865241019036115	-0.584837168316602	-0.524315892144236	2	1	1	2	8
22.7695731202851	-25.847717302782	-1.28365246410675	-1.16724880247406	-0.0617470702805867	-0.618958442128185	2	1	1	2	8
35.8928275722482	-12.7244628508189	-1.28181878706347	-0.897113198304784	0.57562144556247	-0.256609510869242	2	1	1	2	8
48.617290423067	0	-0.506425858807857	-0.209430540094144	1.06793164053562	0.393424372335595	2	1	1	2	8
59.8475582317994	11.2302678087324	0.363071778871792	0.502244172463854	1.21486906984257	1.02741668535064	2	1	1	2	8
72.4043070479968	23.7870166249298	0.56475833145734	0.830625488821746	0.956646855470295	1.34913628504926	2	1	1	2	8
11.907708659157	NaN	-1.13260942981401	-0.517662548651805	-0.182817840497948	-0.0705617251074756	1	2	1	2	9
24.777191625584	NaN	-1.18337564419352	-0.624086517075865	0.410505048003054	-0.739885704977124	1	2	1	2	9
37.4681904448369	NaN	-0.640539996785451	-0.349240696903937	0.956068991717941	-0.841293075275428	1	2	1	2	9
48.6934443362839	NaN	0.15357469784496	0.201000571659699	1.25588562012052	-0.307461278580608	1	2	1	2	9
59.7919636626738	NaN	0.698184125602828	0.814676883956539	1.2011497117552	0.507208208362211	1	2	1	2	9
71.8362571609499	NaN	0.64984689121683	1.25539179552626	0.811725250360946	1.06187073931929	1	2	1	2	9
12.3500013442929	NaN	-0.620338271880235	-0.85560556436722	-0.589619221040592	-0.64277065453785	1	2	1	2	10
25.1810598159877	NaN	-0.275717556164914	-0.27013262159639	-1.1136588777115	-0.740816679867936	1	2	1	2	10
36.6468183598258	NaN	0.35661902106891	0.627641469617776	-1.26186260587995	-0.396887875954007	1	2	1	2	10
46.7327249268762	NaN	0.990783032793852	1.11045048721721	-0.968320237536735	0.234050547993524	1	2	1	2	10
59.9731261475871	NaN	1.34005984266462	0.787181907860724	-0.363577927319259	0.867714450160277	1	2	1	2	10
71.9151164185155	NaN	1.24653640031189	-0.0802917988410703	0.283419219536029	1.21859166043755	1	2	1	2	10
11.3801480310598	NaN	-0.866813225502217	-0.729988308305316	-0.00798363807612951	-0.575589885432192	2	1	2	2	11
23.048322628886	NaN	-0.373587148874351	0.176700384665849	0.843206465322565	-0.674682375409606	2	1	2	2	11
33.8061777463799	NaN	0.410263816365231	0.610099228741151	1.3909121620187	-0.0552485357273803	2	1	2	2	11
47.7768979591686	NaN	0.999659448485589	0.208065215416871	1.23828516046691	0.810985225717037	2	1	2	2	11
61.5042589182358	NaN	1.0298567330684	-0.693466732783798	0.495913619919307	1.26434338829775	2	1	2	2	11
72.1238436320284	NaN	0.482168309696089	-1.34118705713281	-0.298306141701273	0.959573555673452	2	1	2	2	11
10.8666323713429	NaN	-0.159143540285917	-0.553407172832273	-0.406360082530895	-0.505956354892641	2	1	2	2	12
23.9822583009005	NaN	-0.74634952697401	0.144270620875254	-0.772689352917495	0.010340092315503	2	1	2	2	12
34.4357108679209	NaN	-1.0965946352554	0.968408270624277	-0.608913037553479	0.463900770876718	2	1	2	2	12
49.0944481343791	NaN	-1.07397791084809	1.31724336210174	-0.00282519586158836	0.733755485280375	2	1	2	2	12
59.7980989037474	NaN	-0.687275020726477	0.936066203415131	0.720674250758476	0.74793067365504	2	1	2	2	12
72.5462664337104	NaN	-0.0865331477020556	0.103201765353124	1.17374562434287	0.502645639414488	2	1	2	2	12
12.3013195566078	NaN	-0.441479052033829	-1.42998554543878	-0.773934394494863	-1.14804380356446	1	1	1	2	13
25.0717776782464	NaN	-1.0450998253355	-1.17477737311362	-1.27700793778817	-1.21773645105614	1	1	1	2	13
35.8817474210183	NaN	-0.981419019379139	-0.707894750762655	-1.2963585440372	-1.02671890745811	1	1	1	2	13
48.6827913961532	NaN	-0.295848816184216	-0.16631642423276	-0.821835286104304	-0.625168983303414	1	1	1	2	13
60.4161233195591	NaN	0.522715607954613	0.291063879456705	-0.102363234057421	-0.118568592107717	1	1	1	2	13
72.6616639844473	NaN	0.890537975435304	0.53005530081526	0.484637479425748	0.360004968795142	1	1	1	2	13
12.6414181589454	NaN	-0.697406015270886	0.109293907027983	-1.02026000951042	-0.920446888866777	1	2	1	2	14
23.8581791169394	NaN	-0.589086181940192	-0.31207001297499	-0.926462881864098	-0.793138237459775	1	2	1	2	14
34.1010487962018	NaN	-0.162799716775714	-0.510991948209341	-0.193150216780515	-0.166815103159518	1	2	1	2	14
47.9698916486167	NaN	0.42814566225458	-0.431755828465368	0.62712849201651	0.589511118912632	1	2	1	2	14
61.0318033546104	NaN	0.971225057209363	-0.0965549086277004	0.916295026545345	1.03023499110104	1	2	1	2	14
71.3188139305771	NaN	1.2711278741109	0.4007243429158	0.45646303373507	0.895694811589069	1	2	1	2	14
11.4998430670904	NaN	-0.0213608129512293	-0.843274074692114	-1.26141930424274	-1.3208354011424	2	1	1	1	15
23.7799812810793	NaN	0.754930459513773	-0.993544024293059	-0.672031372366739	-1.38760433173416	2	1	1	1	15
34.0045593465322	NaN	1.09659719177136	-0.626573356041408	0.0723463388595671	-0.810099340542963	2	1	1	1	15
48.0371632373804	NaN	0.778033209394716	0.0653307767193023	0.554840474959582	0.0161949743269933	2	1	1	1	15
59.251142113767	NaN	0.00958969553614966	0.719583225721594	0.505240165836271	0.525419131110726	2	1	1	1	15
71.4904218835132	NaN	-0.701321930848796	0.993329815085156	-0.0486769603849255	0.368848332512246	2	1	1	1	15
12.1450500244415	NaN	-0.676361238624235	-1.11188889397476	0.0480208522909775	-0.716020983675682	2	1	2	2	16
22.145105981049	NaN	-0.41322449132803	-1.01448459194491	0.810974077202575	-0.477138145389084	2	1	2	2	16
37.0148563374807	NaN	0.103084392746567	-0.672911877239437	1.35295295146943	0.401371942945243	2	1	2	2	16
47.8154757426375	NaN	0.692004057595682	-0.17986426169638	1.35847158199061	1.15572788235049	2	1	2	2	16
59.668608151421	NaN	1.14758001252118	0.330858589135853	0.824317574037599	1.13008855913173	2	1	2	2	16
71.7196205744303	NaN	1.31049016425415	0.720660433281691	0.0614219661687666	0.346744938887295	2	1	2	2	16
