age	diseaseAge	x1	x2	x3	x4	z1	z2	z3	z4	id
11.9567848760429	-34.9465402971033	-1.23012857252596	-1.06713151561446	-0.0806033660323831	-0.544205068515838	1	2	2	2	1
23.8917741050775	-23.0115510680687	-1.04047234075993	-0.659019474038052	-0.833113497091281	0.270165253792804	1	2	2	2	1
35.0853645208327	-11.8179606523135	-0.527011455900759	0.185033334639144	-0.850903516183223	1.09563596678593	1	2	2	2	1
46.9033251731462	0	0.105044405792519	0.841993797651411	-0.119129545502578	1.22622891720545	1	2	2	2	1
59.1301292884292	12.2268041152831	0.603087922943774	0.826930026819847	0.751620908215182	0.550255381860446	1	2	2	2	1
71.8241057118894	24.9207805387432	0.76807112143995	0.150961264844308	1.03479925233593	-0.354162919577381	1	2	2	2	1
10.5817192355508	-36.8589492364064	-0.430274093586408	-0.722656139500864	-0.930065860463776	0.271562302829399	1	1	2	1	2
25.3200649229558	-22.1206035490014	-0.960463918000901	-0.187055284072989	-0.992247584493026	1.05134912045241	1	1	2	1	2
36.9143896732198	-10.5262787987374	-1.31508511473236	0.509372343058063	-0.271331177924989	1.31819102369879	1	1	2	1	2
47.4406684719572	0	-1.3837558195191	1.02874380715842	0.616212310027247	0.883840793902081	1	1	2	1	2
60.3030091705989	12.8623406986417	-1.14510111037565	1.11907778573206	0.911425446497267	0.0547166573289135	1	1	2	1	2
72.7935121595555	25.3528436875983	-0.673406314724322	0.736547312993053	0.361865159967895	-0.584264584198095	1	1	2	1	2
13.2576937225813	-34.2175727369218	-0.16926869945878	-0.621676140331893	-1.04258390529607	-0.350947045334671	1	1	1	1	3
23.6408035626006	-23.8344628969025	0.496496000314909	0.0949940860515017	-1.43854913354808	0.464129723666306	1	1	1	1	3
36.4893919695114	-10.9858744899917	0.84987572447739	0.83794363453593	-1.02481043002247	0.604465636812585	1	1	1	1	3
47.4752664595031	0	0.716357292161134	1.13611200125847	-0.136394134405852	-0.0469984078764532	1	1	1	1	3
57.9474609316899	10.4721944721868	0.161877498079474	0.800448205098228	0.507301599099502	-0.946853425955961	1	1	1	1	3
74.2537503781827	26.7784839186796	-0.539739139902864	0.0437768682254944	0.385041934036397	-1.34449881942119	1	1	1	1	3
11.3356725398524	-36.7673640805692	-1.09753098904277	-0.795233899840579	-0.876981696825939	-0.488504744141976	1	2	2	2	4
23.6151559142537	-24.4878807061679	-0.49167403219693	-0.408276413317766	-0.781383396411509	0.014923956037684	1	2	2	2	4
36.0967532581935	-12.006283362228	0.135716144169291	0.160461150792292	-0.0373620064714036	0.383703981688807	1	2	2	2	4
48.1030366204216	0	0.516921348419408	0.714448585535714	0.784765898757735	0.517923801092475	1	2	2	2	4
58.7977297074411	10.6946930870196	0.489274755715083	1.06225266745321	1.05481256280243	0.381219981278097	1	2	2	2	4
72.5299721414053	24.4269355209837	0.0645736432253373	1.08368789709459	0.565778441826453	0.010628931702412	1	2	2	2	4
11.4647412847909	-37.3870572621164	-1.00756019807368	-0.181248446470818	-1.17644741589864	-0.0562191174078561	1	1	1	2	5
22.0159736851297	-26.8358248617775	-0.616476765517423	-0.767914695549828	-1.01370570418731	0.837028089892732	1	1	1	2	5
36.5457192420119	-12.3060793048953	-0.10736503552351	-0.717533902595637	-0.423198190923234	1.42089211556784	1	1	1	2	5
48.8517985469072	0	0.382832442155769	-0.0644585776013337	0.289842409689015	1.22735990667959	1	1	1	2	5
59.879069258198	11.0272707112908	0.722260735644566	0.746007120594089	0.756846159123365	0.411562788229338	1	1	1	2	5
72.2991719917184	23.4473734448112	0.819619304747155	1.16124126280365	0.736419309151918	-0.372573525585428	1	1	1	2	5
12.7400223193094	-34.0690728120555	-0.0700126628840537	-0.706880309215916	-0.838442675730453	-0.791720264133153	2	1	2	1	6
23.2539496119187	-23.5551455194461	0.844536904032622	-0.0569086312871236	-0.508167109673792	-0.0975977122616317	2	1	2	1	6
36.9166696228462	-9.8924255085187	1.38725530957741	0.725138988614048	0.105079584630199	0.557743793620594	2	1	2	1	6
46.8090951313649	0	1.10411823719211	1.14095166489225	0.735083049248525	0.828786100846708	2	1	2	1	6
60.2188064045754	13.4097112732105	0.231990909188432	0.925578801592547	1.10835470383216	0.572626560268544	2	1	2	1	6
71.1606933068875	24.3515981755226	-0.499527291027558	0.216253272408276	1.06285490791903	-0.0756788756767065	2	1	2	1	6
11.320786980365	-37.276107850578	-1.00796571142259	-0.960967834345101	-0.608594424901962	-0.980299585227346	1	1	2	1	7
23.2277612222543	-25.3691336086887	-0.238312780055958	-0.456879684460719	-0.181554726987418	-0.0451472236075243	1	1	2	1	7
36.4886933914192	-12.1082014395238	0.395202436056745	0.229008271739118	0.532088226659892	0.504210378979301	1	1	2	1	7
48.596894830943	0	0.505289175193819	0.773356979223824	1.15412958220606	0.186911515635862	1	1	2	1	7
60.9806394673082	12.3837446363652	0.0246474326016775	0.919551352257816	1.35491000685643	-0.719306921847444	1	1	2	1	7
71.7709992608691	23.1741044299261	-0.752889112797216	0.598672918078429	1.02802316566507	-1.42121709313846	1	1	2	1	7
10.6323270099451	-37.4459100991595	-0.80830031807235	-1.11874951093196	0.430333529574142	-0.667937915211328	1	1	1	2	8
24.3300995838176	-23.7481375252869	-0.241101038287969	-0.485817359987509	1.11773609497267	-0.759261277472013	1	1	1	2	8
37.2318657740069	-10.8463713350976	0.675068975592299	0.274377236137827	1.47570833769863	-0.447370990192677	1	1	1	2	8
48.0782371091046	0	1.16937462595543	0.707608855196602	1.31735945071301	0.139843457397841	1	1	1	2	8
58.9687028042969	10.8904656951923	0.825923514583155	0.555016389650146	0.725360512245538	0.76159689553603	1	1	1	2	8
71.1325211241182	23.0542840150136	-0.066315971708772	-0.0922243254615497	0.00878341718369674	1.16294156575402	1	1	1	2	8
13.6860089624853	NaN	-1.08177695093565	-1.24648962062422	-0.871564721493233	-0.285761778505658	1	1	2	1	9
23.5968012502092	NaN	-0.989970649490814	-0.946682997781838	-0.937519953424645	0.288511525850843	1	1	2	1	9
34.4984740270185	NaN	-0.250234945542056	-0.12455503553181	-0.631447235409898	0.764781433800197	1	1	2	1	9
49.1034711241279	NaN	0.572642985745208	0.602658083700993	-0.0696777492633679	0.985961853263922	1	1	2	1	9
59.0326870940796	NaN	0.850396994938384	0.688980222216447	0.534272878223502	0.879101780708261	1	1	2	1	9
71.4892632361801	NaN	0.370962284562251	0.0696025550109508	0.950856941169603	0.479446422510554	1	1	2	1	9
12.768476604215	NaN	-1.1421140775307	-0.29834642726424	-0.847196015806156	-1.02301405652666	1	1	1	2	10
26.4570772286189	NaN	-0.291352414538307	0.46039941933653	-0.0859223671631938	-0.766213620016866	1	1	1	2	10
36.4066523080351	NaN	0.400313095230673	0.899023080375857	0.699231215716567	-0.143451476405176	1	1	1	2	10
47.9780171688293	NaN	0.400783941376404	0.757187280509132	0.93297361940984	0.538562200057031	1	1	1	2	10
58.2795337651067	NaN	-0.290302098200138	0.119076136927232	0.444039080622607	0.943935872455819	1	1	1	2	10
71.6911941292551	NaN	-1.14129229971398	-0.636570826620688	-0.409324407713181	0.873023125263595	1	1	1	2	10
13.3245177927547	NaN	-0.548255145078134	-0.512074285906019	-1.07873208036704	-0.306959714285266	1	2	2	2	11
23.4097875549438	NaN	-0.225942880257621	-0.197712168994821	-0.82912394991086	-0.745624750853189	1	2	2	2	11
34.0806997493797	NaN	0.238461403507716	0.584223950254532	-0.15960394704012	-0.617176341030778	1	2	2	2	11
47.5818581768979	NaN	0.730374070602583	1.29999821567049	0.554695404440128	0.0037103572072473	1	2	2	2	11
59.4461075633599	NaN	1.12842427288591	1.4610356900266	0.913551680518411	0.756074765684557	1	2	2	2	11
71.6477419246326	NaN	1.33440008396196	0.957415022799152	0.715897459831192	1.20252002495168	1	2	2	2	11
11.1280095039287	NaN	-0.73008260080041	-0.990114354556907	-1.02332165113048	-1.2981869127969	2	2	1	1	12
24.1094973506539	NaN	-0.266264553882327	-0.89682801134464	-1.07028038819743	-1.01426203665405	2	2	1	1	12
36.4678613905624	NaN	0.35064514995688	-0.419896147104474	-0.337541264694031	-0.308117692481845	2	2	1	1	12
48.9409975120804	NaN	0.883732862114186	0.234691953783649	0.546114176559249	0.403813372527857	2	2	1	1	12
58.93917748978	NaN	1.1282753400686	0.784216379786059	0.822399372376939	0.701685822701144	2	2	1	1	12
72.484070619062	NaN	0.990360216531916	0.991334751940773	0.254227171121647	0.409836079108069	2	2	1	1	12
10.8297780279001	NaN	-0.873707778469582	-1.07998307056149	-0.603886278827493	-1.18961685814395	1	1	2	2	13
23.7907821594206	NaN	-1.20210870656855	-0.170486823310934	-1.01596058240246	-0.482428509645306	1	1	2	2	13
35.4038533722713	NaN	-0.990556241536609	0.535729041619857	-0.547925976451094	0.376470103334577	1	1	2	2	13
45.7996668514048	NaN	-0.353697256612455	0.413895486416265	0.388061115336107	0.705114150047769	1	1	2	2	13
57.366269591709	NaN	0.363334518353474	-0.428204816741805	0.967760161455428	0.242560512987654	1	1	2	2	13
72.568264696183	NaN	0.77195722022747	-1.24558974231257	0.680681803583308	-0.643923579744038	1	1	2	2	13
11.1554008656606	NaN	-0.642003698147684	-0.686265654043211	0.187177377302549	0.290471759894308	1	2	1	1	14
24.2515111419146	NaN	-0.108714244512587	-1.15865545707234	0.786461354104143	-0.329422191239386	1	2	1	1	14
36.2332486829691	NaN	0.43892118543258	-1.1928660672896	1.17333838810182	-0.621003863360626	1	2	1	1	14
47.8472828543681	NaN	0.826769861127531	-0.772609658394269	1.19848061130998	-0.448316438693926	1	2	1	1	14
59.7028287082201	NaN	0.931506765142853	-0.0979722079932577	0.852183558851768	0.108120506352749	1	2	1	1	14
70.6828055612831	NaN	0.719828495088302	0.509848341570263	0.268111925162347	0.788855148930246	1	2	1	1	14
13.121006660056	NaN	-0.0642848209855928	-0.671619045272489	-0.910328754398607	-0.80218620801505	1	2	2	1	15
24.215995573342	NaN	-0.825196710071813	-1.11286758388579	-1.24777039208314	-1.38408118201478	1	2	2	1	15
35.1756277935245	NaN	-1.01383711921683	-1.15236932404528	-1.27617355935914	-1.08926961180551	1	2	2	1	15
48.4856878981024	NaN	-0.493192787177059	-0.772922351830153	-0.986227724795587	-0.180150663712044	1	2	2	1	15
62.5156513089505	NaN	0.358582007205159	-0.139765315644332	-0.472976859361135	0.534107779538098	1	2	2	1	15
70.3183724529116	NaN	0.922826379168498	0.471379429222278	0.0953358875731805	0.417774834261302	1	2	2	1	15
13.0491821092336	NaN	-0.702511975384903	-0.942594636601254	-0.0581859996771337	-0.597097825202182	2	2	2	1	16
23.6427620394244	NaN	-1.02271597070663	-0.32566714495227	0.69024999887071	-0.0782734256183785	2	2	2	1	16
36.7563540583382	NaN	-1.05469955314012	0.612569841947697	1.06222499675366	0.552150668652042	2	2	2	1	16
48.6705403092682	NaN	-0.788691885136138	1.03317573044266	0.832982536226159	1.04328495029924	2	2	2	1	16
58.8494213112792	NaN	-0.305957087633115	0.560058596300278	0.141036559586149	1.19967299710629	2	2	2	1	16
71.3195198656118	NaN	0.246031575685103	-0.383735810921355	-0.595522127208919	0.959077149743284	2	2	2	1	16
