age	diseaseAge	x1	x2	x3	x4	z1	z2	z3	z4	id
11.3478568929802	-36.3921105011905	-0.340156447738536	-1.09157978286641	-1.00615999014827	-0.684665039045954	1	2	1	1	1
24.3165124083941	-23.4234549857766	0.535999801230222	-1.03738255853206	-0.412342970050051	0.162440076153764	1	2	1	1	1
35.3990466465929	-12.3409207475777	1.16275521845281	-0.58144010571147	0.238956218474801	0.847944374511091	1	2	1	1	1
47.7399673941707	0	1.05037733287523	0.0756534522654758	0.658988052215424	0.851425167822111	1	2	1	1	1
61.2589548495524	13.5189874553817	0.286675676068207	0.644806574585466	0.661533979294472	0.170239899626794	1	2	1	1	1
71.5735005728816	23.8335331787109	-0.531610594621153	0.875617547378763	0.245465278468072	-0.678467672860486	1	2	1	1	1
9.85492540219519	-38.7653379633498	-0.0934426299235745	-0.752790730124999	-0.943521436693196	-0.0125846008875535	1	1	1	1	2
23.4995215231835	-25.1207418423614	0.643945265757328	-0.247953782301074	-0.219307352953122	0.705578945955085	1	1	1	1	2
36.6888751175224	-11.9313882480226	1.15588674622547	0.364589232197382	0.464914797630944	1.19551010054948	1	1	1	1	2
48.620263365545	0	1.16336540138568	0.854911850521381	0.71001429497871	1.2026422226678	1	1	1	1	2
62.042777438259	13.422514072714	0.662305242878421	1.03896472002521	0.373016026717353	0.723269484770134	1	1	1	1	2
72.3572667985549	23.7370034330099	-0.0742078161552469	0.847661059437079	-0.349497126341465	0.00647240798491605	1	1	1	1	2
12.2011597733873	-36.2192959595377	-0.246677895246296	-1.00769727444393	-0.652988470742538	-0.481468147277868	1	2	2	2	3
22.9967569093109	-25.423698823614	0.36827869200425	-0.175765721557386	-1.25130794886139	0.0589555586120988	1	2	2	2	3
34.4701317788055	-13.9503239541195	0.833925678746451	0.515878382749966	-0.976993111564118	0.558158987889868	1	2	2	2	3
48.420455732925	0	0.972776283918068	0.556564249901704	-0.0740945626760132	0.867560739521957	1	2	2	2	3
59.8697689547463	11.4493132218213	0.731905979578157	-0.0837482574110874	0.654102909345305	0.895071410584553	1	2	2	2	3
73.6198118878052	25.1993561548803	0.203125292129719	-0.932288691195892	0.559741410621983	0.632502808028251	1	2	2	2	3
12.8380772541171	-36.6063106891091	-0.486290436201606	-1.1109755241441	-0.821122147602285	-0.68414349902216	1	2	1	2	4
24.0214664156996	-25.4229215275266	-0.000654797796475537	-1.29641985995292	-0.680967191662371	-1.25516514189416	1	2	1	2	4
34.21407040952	-15.2303175337062	0.384595173941565	-1.06992128556444	0.10419139925303	-1.32632862526233	1	2	1	2	4
49.4443879432262	0	0.575724854168226	-0.524837499130631	0.912415149654163	-0.85753696679956	1	2	1	2	4
59.507705599036	10.0633176558097	0.526230751158825	0.114160029610478	1.10349524950554	-0.112930283807805	1	2	1	2	4
69.7309936719665	20.2866057287403	0.248155204998841	0.583690665398219	0.526073658058414	0.487943650115149	1	2	1	2	4
12.0527504655008	-37.1998923272696	-0.0583329327707516	-0.68390604259105	-0.724467297549758	-0.175596298150903	2	2	1	1	5
25.8358662164875	-23.4167765762829	-0.537792409650679	-0.533834446590428	-0.479710059550403	-0.66895323599159	2	2	1	1	5
36.4387276020586	-12.8139151907119	-0.628818634843127	0.0284368593718395	0.266112940905457	-0.396639709536538	2	2	1	1	5
49.2526427927704	0	-0.291653432127723	0.726949294774784	1.01360642529052	0.430769928127724	2	2	1	1	5
60.2409871753133	10.9883443825429	0.3264371384497	1.21887814474139	1.2622565765146	1.17345711397631	2	2	1	1	5
74.3007716085463	25.0481288157759	0.95548523220248	1.26278838366285	0.845569854621825	1.25711738454168	2	2	1	1	5
12.4108034665712	-33.9971487751544	-0.0712064924888287	-0.174494689866283	-0.741049132294948	-0.820683342435933	1	2	1	1	6
24.0554391154	-22.3525131263255	-0.72406858529183	-0.825978059400137	-0.463004486276312	-0.372858748367966	1	2	1	1	6
35.8110746848444	-10.5968775568811	-0.809272200792222	-0.958795414791971	0.190139063760045	0.124762235775402	1	2	1	1	6
46.4079522417255	0	-0.271018184336757	-0.490931490763942	0.878861676681876	0.548649234815613	1	2	1	1	6
61.5336523794069	15.1257001376814	0.538195287435665	0.288705808066462	1.24514865248887	0.79357573762615	1	2	1	1	6
71.3403699458769	24.9324177041514	1.08842089487506	0.898687231015581	1.09859514705774	0.798740725464925	1	2	1	1	6
12.4355065792136	-35.0828013020024	-0.492242030891734	-0.664233350533107	0.313184925451635	-0.127622996098547	2	2	1	1	7
24.3523796721552	-23.1659282090607	0.340970099174164	-0.31335071155097	-0.425675463284755	-0.671145053272235	2	2	1	1	7
36.9875721567351	-10.5307357244809	0.922725063604535	0.543262394319463	-0.631189993452632	-0.680499323680161	2	2	1	1	7
47.518307881216	0	0.847617111746846	1.2369717262435	-0.162675550382981	-0.150253472045991	2	2	1	1	7
60.0490173021647	12.5307094209487	0.167986485566467	1.22629851237857	0.659150537253491	0.611661137734582	2	2	1	1	7
72.4031745377017	24.8848666564857	-0.642554760000568	0.519573790623736	1.27171464689829	1.16277540526461	2	2	1	1	7
12.7051400409938	-34.3702686633412	-0.240013523896775	-0.739060607387721	-0.441835428282503	-0.619476190392393	1	1	2	1	8
23.7900718502035	-23.2853368541315	-0.842681454333507	-1.0762902889569	0.195446241828534	-0.206562936474535	1	1	2	1	8
36.1840159772511	-10.8913927270839	-0.755943554533327	-1.18105460711534	0.745987330166657	0.626273102203219	1	1	2	1	8
47.075408704335	0	-0.0432333825547481	-1.02611004734579	0.983261867999685	1.28074874347088	1	1	2	1	8
58.8757754208322	11.8003667164972	0.774226595099727	-0.651749282169299	0.809640730677985	1.28670929765865	1	1	2	1	8
71.4592836219435	24.3838749176086	1.09860780438675	-0.155323233350507	0.296562176230405	0.639872890350273	1	1	2	1	8
11.9775198445679	NaN	-1.14040375470466	0.064846469456396	-0.676403954175938	-1.11534812334662	2	2	1	2	9
23.6140444486417	NaN	-1.10540726519955	-0.543219509451725	-0.801340672568035	-0.39543867271121	2	2	1	2	9
34.8948092331706	NaN	-0.548464337949938	-0.358390358414138	-0.375686565362026	0.267058168472956	2	2	1	2	9
48.2935064794839	NaN	0.209843601339081	0.46748297603361	0.360529024092603	0.500033605783954	2	2	1	2	9
60.9336318746923	NaN	0.733027590501719	1.25588389166541	0.992148949397345	0.172630850602592	2	2	1	2	9
71.8092418910213	NaN	0.719938156323351	1.35908217592495	1.16299829446247	-0.531255719094636	2	2	1	2	9
13.4745112655196	NaN	-0.786795374317867	-1.40957949168179	-0.983973834279258	0.0466738224093909	2	2	2	1	10
24.9854085616741	NaN	-1.07307826508064	-0.939903240626232	-0.815962327031221	0.690923867041102	2	2	2	1	10
35.5654288041821	NaN	-0.950525734666557	-0.136905320202231	-0.399458546398456	1.07097635962305	2	2	2	1	10
47.5383225193166	NaN	-0.469701589655195	0.474287350761123	0.14104500204431	1.01560877696766	2	2	2	1	10
58.6846457383254	NaN	0.171011492867967	0.493980431904349	0.643992423377122	0.549765508047733	2	2	2	1	10
71.521500556161	NaN	0.707262444277559	-0.0907045248481528	0.959053306291479	-0.116680175756384	2	2	2	1	10
11.4360896832494	NaN	-0.453184402505009	-0.636930848384662	-0.2264873469186	-0.81454349364234	2	1	1	2	11
25.0008194550998	NaN	-0.876846238311245	-1.16208830590977	-0.632267873744244	-0.807349564036767	2	1	1	2	11
34.9616708048956	NaN	-0.771792509490202	-0.882483632606043	-0.843641719935325	-0.566709859535585	2	1	1	2	11
47.2043492820779	NaN	-0.195130841426724	-0.0257936805034719	-0.807396833336179	-0.150801514653534	2	1	1	2	11
59.2605041452291	NaN	0.539663186448133	0.710394957313484	-0.532657638897405	0.339825331653043	2	1	1	2	11
71.7354829367654	NaN	1.03315261411574	0.726617652525327	-0.0885880214000221	0.786556570821772	2	1	1	2	11
12.484212917087	NaN	-0.869078474925233	-0.93486787936759	-0.0453723210386426	-0.604962029469165	2	1	2	1	12
24.9882891606259	NaN	-0.974726419305351	-1.33436527314479	0.877771062561509	-0.995756225565518	2	1	2	1	12
35.9287801605538	NaN	-0.752453283525733	-1.08879239944894	1.21730809480956	-1.07875697012176	2	1	2	1	12
47.3660171726724	NaN	-0.275560137900483	-0.35743143970956	0.669612673882558	-0.825745324150845	2	1	2	1	12
61.0488646293163	NaN	0.298683548737919	0.385346119815616	-0.275546456759256	-0.322741241315065	2	1	2	1	12
71.4235760485324	NaN	0.780904118146552	0.65776381816208	-0.772974354640513	0.259241854353529	2	1	2	1	12
11.9096389000781	NaN	-0.908908609019852	-0.626336039970709	-0.845518537271132	-1.11206377036279	2	1	1	2	13
24.3192899016725	NaN	-0.474575435922868	-0.502133494937679	-1.39095837178341	-0.699043799014056	2	1	1	2	13
37.3903384283051	NaN	0.0546606601824249	-0.155465511773084	-1.12255032945424	0.0249068069973968	2	1	1	2	13
50.6008363413002	NaN	0.5297270921172	0.325607478740418	-0.262006879179347	0.661331681641808	2	1	1	2	13
59.8375084345329	NaN	0.816809513861788	0.818883551879924	0.479839280822433	0.859947890287937	2	1	1	2	13
71.8926305089994	NaN	0.835043978950764	1.19906096186865	0.490202698045583	0.511438730836783	2	1	1	2	13
12.4109076517649	NaN	-0.731927710786863	-0.471729471388515	-0.468477632937985	-1.06538266601752	1	1	2	1	14
24.7480996431327	NaN	-0.508579412960953	-1.16255593259469	-0.74926234936743	-0.840456590772271	1	1	2	1	14
35.7388331309291	NaN	-0.0068760266410503	-1.44251553649234	-0.63740005806215	-0.0563369093645177	1	1	2	1	14
49.9301336919647	NaN	0.592682022822397	-1.1518522474536	-0.177258299722225	0.709440229140721	1	1	2	1	14
58.9331782038596	NaN	1.07438863118269	-0.456430047684858	0.448658545018496	0.892848707173823	1	1	2	1	14
73.3829621205885	NaN	1.26493771744856	0.246915618785776	0.992095315642046	0.358800694878326	1	1	2	1	14
12.9145148357053	NaN	-0.476281986657212	-0.381129384562099	-0.387932942090106	-0.705587445170583	1	2	2	1	15
24.4660936392574	NaN	-0.754952282938213	0.211904889735351	0.123330035110032	-0.407122845106965	1	2	2	1	15
36.053208913297	NaN	-0.461710325790778	0.615879222426136	0.780709885532832	0.503763297800067	1	2	2	1	15
46.3490224108796	NaN	0.235726134346769	0.681172854017642	1.30009293569487	1.21522262771492	1	2	2	1	15
60.5071520240491	NaN	0.938463039796572	0.383602855154727	1.4570064911081	1.09315055128863	1	2	2	1	15
71.009132294943	NaN	1.24457477909925	-0.16661919478941	1.18363392091728	0.246346631794646	1	2	2	1	15
10.5355948070438	NaN	-0.523963256662289	0.127632854139585	0.232260002393126	-0.355634212204107	2	1	1	1	16
24.2944576864972	NaN	0.117021044875955	0.943106521309363	0.853496014500557	0.261019813132832	2	1	1	1	16
35.8605089141404	NaN	0.853521231526123	1.37118432693302	1.29073113938389	0.891040114390767	2	1	1	1	16
49.5374794641284	NaN	1.26641006736517	1.11842229372047	1.37068020914722	1.25938506740308	2	1	1	1	16
59.2835755331183	NaN	1.12072093643635	0.358086812405887	1.06165778227721	1.20525002202151	2	1	1	1	16
73.1842913181917	NaN	0.499362551944415	-0.388618109746963	0.48613572820125	0.752268170345347	2	1	1	1	16
