age	diseaseAge	x1	x2	x3	x4	z1	z2	z3	z4	id
12.2505051843232	-35.6803245529879	-0.170595724962525	-0.272976170030411	-0.498858574909375	0.145867785944803	2	1	2	1	1
23.5572085749499	-24.3736211623613	-0.973974536106479	0.280256343958488	0.0817144173041461	0.707656978894079	2	1	2	1	1
34.7058177277927	-13.2250120095184	-1.05846307114276	0.856299235859271	0.5462027006519	1.18503047277434	2	1	2	1	1
47.9308297373112	0	-0.351818298711909	1.2529834978162	0.737560692064834	1.42729609193051	2	1	2	1	1
59.8429753807924	11.9121456434813	0.541733889083697	1.33108813639391	0.591089391775351	1.35797800830537	2	1	2	1	1
71.3507945867771	23.4199648494659	0.858149960225055	1.06320141279272	0.156311406879275	0.998957815593623	2	1	2	1	1
11.2412306032186	-37.8116329994804	-0.754239244041465	-0.548598448860347	-0.486409716416761	-0.751840654644064	1	1	2	2	2
24.7619255836038	-24.2909380190952	-0.240007089706797	-0.156580447932336	-0.346812872085848	-0.774019619743747	1	1	2	2	2
36.3041421455022	-12.7487214571967	0.674855454349198	0.474773862759612	0.45394148091738	-0.433306426742392	1	1	2	2	2
49.0528636026989	0	1.22420666686697	1.07574189554365	1.26375437893157	0.141793611571049	1	1	2	2	2
58.9495835052169	9.89671990251794	0.947998329380339	1.38958246695827	1.42314997949132	0.734372515621756	1	1	2	2	2
71.1945167690569	22.141653166358	0.0775381202756923	1.28221889517075	0.802323548413969	1.12092987808365	1	1	2	2	2
11.6659882018458	-37.0672085753528	-0.340131796595136	-1.0049348792909	-0.391179705457314	-0.5216321045803	1	1	2	2	3
23.2084235076422	-25.5247732695563	0.296472592112178	-0.34925078127973	0.127445255014367	-0.878325589476406	1	1	2	2	3
35.8067130180634	-12.9264837591351	0.816010326106279	0.278416423729765	0.596494789534198	-1.01745794127391	1	1	2	2	3
48.7331967771985	0	1.00772367561039	0.584331010535038	0.88901830843666	-0.903853146303888	1	1	2	2	3
60.1471482241681	11.4139514469696	0.793841445838017	0.425331057837483	0.925842866259358	-0.566233236279974	1	1	2	2	3
71.8220057829329	23.0888090057344	0.261127947130731	-0.124174629760657	0.697001713254744	-0.089956666058093	1	1	2	2	3
12.1934561817356	-36.5950565727114	-0.992386799888181	-0.138457068057405	-1.01611988501233	-0.734230307342389	1	1	1	1	4
23.1483968671689	-25.6401158872782	-0.439362234680945	-0.645858376474074	-0.49813005319592	-0.0325930506784912	1	1	1	1	4
36.6853601752296	-12.1031525792175	0.103258324821896	-0.946716279020706	0.0821256215029817	0.618228509091955	1	1	1	1	4
48.7885127544471	0	0.457943508008127	-0.946758126049655	0.526775654068397	0.871777908116307	1	1	1	1	4
60.0211564030587	11.2326436486117	0.508649524047952	-0.645970804957711	0.684191088347888	0.593081393790358	1	1	1	1	4
71.8084994609567	23.0199867065097	0.238786679889411	-0.13860484896914	0.500692094736201	-0.0695005387672553	1	1	1	1	4
12.0328657720573	-35.0578070091163	-0.329837814583199	-0.678722017894505	-0.348737598872802	-0.0424237447306512	1	2	1	1	5
26.2015001740916	-20.8891726070821	0.116802683992989	-1.06568975170602	0.463898758355834	0.824441795670787	1	2	1	1	5
37.105630114567	-9.98504266660666	0.613398846219201	-0.732400364970441	0.714102082562338	1.27136051304949	1	2	1	1	5
47.0906727811737	0	1.03720711985815	0.0809456210437553	0.210869239227588	0.956801970649632	1	2	1	1	5
59.7127328500342	12.6220600688606	1.28347491733286	0.788172535620647	-0.661636008937668	0.12114839502286	1	2	1	1	5
71.4964108348976	24.405738053724	1.29133228723614	0.879584359933103	-1.23735041991829	-0.597002814432703	1	2	1	1	5
12.4888525223684	-36.6986381745197	-0.482157435267492	-1.06802108721003	-1.23989172852056	-0.708157113118817	1	2	1	1	6
22.8630471798134	-26.3244435170747	-0.652151847067014	-0.75335333123312	-1.09906707909215	-0.134914328176562	1	2	1	1	6
37.1705163113687	-12.0169743855194	-0.298721032576222	0.067747860524526	-0.403130083616591	0.678376683020378	1	2	1	1	6
49.1874906968881	0	0.391419691735682	0.786273980484677	0.381561627071494	1.19248546722009	1	2	1	1	6
60.7014337760254	11.5139430791373	1.05367324359721	0.86929617119895	0.72917458024229	1.06654619791257	1	2	1	1	6
72.9908540557279	23.8033633588398	1.33817516170826	0.255237100944634	0.406768216129489	0.384059477386492	1	2	1	1	6
12.020020780369	-34.4766138386265	-0.602163637834118	-0.415848351866862	-0.892391316081673	-1.43261382490366	2	2	1	1	7
23.7841457619648	-22.7124888570307	-1.00205325286043	0.498814950920804	-0.368693261465635	-1.27310116107078	2	2	1	1	7
34.8311765686729	-11.6654580503225	-0.747822886276243	0.920301815637145	0.413043614099568	-0.505141799394	2	2	1	1	7
46.4966346189955	0	-0.00657847737275353	0.489288565062171	0.974550989457522	0.291245749587935	2	2	1	1	7
59.9577504047652	13.4611157857697	0.734459092810459	-0.426779741202156	0.972297430792692	0.514571950069971	2	2	1	1	7
72.0026135757233	25.5059789567278	0.98820489858446	-1.04694155975611	0.407661670198886	-0.00383531346848753	2	2	1	1	7
11.2621933616534	-36.6713055184002	-0.977810683138697	-0.787916626674838	-1.0620776377662	0.460281158397522	2	1	1	2	8
24.5615760502479	-23.3719228298056	-0.193548156472204	-0.312415449757076	-0.388635487537919	1.13958771242964	2	1	1	2	8
36.5796039858186	-11.3538948942349	0.508494094254208	0.481304556791478	0.378759785763903	1.46032076165665	2	1	1	2	8
47.9334988800535	0	0.654948639417115	1.08693915894424	0.756613640458048	1.25230471029264	2	1	1	2	8
60.1798802515659	12.2463813715124	0.147065280536727	1.11816148977955	0.506860658820772	0.625909398799078	2	1	1	2	8
71.9419537436636	24.0084548636101	-0.672704456295818	0.555055208311071	-0.213143220700886	-0.0865102889484431	2	1	1	2	8
12.8462127980446	NaN	-0.005161370078546	-0.518036859788511	-0.763552413680259	-0.134009413207621	1	1	2	2	9
24.6301951619911	NaN	0.887978040134327	-0.008823010035717	-1.1799680736942	0.449521791007069	1	1	2	2	9
34.7859375392114	NaN	1.39337934263376	0.41233311570281	-0.977934229757508	0.817953800028344	1	1	2	2	9
48.3537560260514	NaN	1.10713298483123	0.63542486067034	-0.283781919687226	0.833599020015025	1	1	2	2	9
59.3092746679858	NaN	0.25800299590184	0.602180302617452	0.468437907301654	0.49061063895747	1	1	2	2	9
72.804794390199	NaN	-0.475397980653466	0.321282973524929	0.808364891982206	-0.0828323474355925	1	1	2	2	9
11.8336986352493	NaN	-0.446081265943366	-0.370181221413838	-0.760957231328476	-0.488787251178607	2	2	1	2	10
24.1756351164573	NaN	-1.07857456260767	0.541911211727374	-0.204690097538437	0.152297859306686	2	2	1	2	10
36.1773742997738	NaN	-1.22793371917119	0.994098178471803	0.523596749780163	0.986372571769503	2	2	1	2	10
47.1051810362626	NaN	-0.807422408485839	0.606214772246518	1.0368889896026	1.41752804678152	2	2	1	2	10
59.950233604064	NaN	-0.0612413039637009	-0.29563571398876	1.06242122953778	1.13772310423199	2	2	1	2	10
73.5899569807796	NaN	0.57728491660074	-0.953244992386223	0.586625542965651	0.34686578124227	2	2	1	2	10
12.4329858709369	NaN	-0.450576522714164	-0.308110454062142	-0.929064464811974	-1.16284070574307	1	2	1	1	11
24.5698004220281	NaN	0.400532517454319	-0.667053384613988	-1.34705340444561	-0.693002323263515	1	2	1	1	11
37.8103121602342	NaN	1.08977083474953	-0.641976910889846	-1.49413969964827	0.13238212827374	1	2	1	1	11
48.7307857289926	NaN	1.08760475034593	-0.242906908043227	-1.32359287818712	0.743770878421255	1	2	1	1	11
61.1908033134426	NaN	0.395698441370795	0.370603647296622	-0.889597005910778	0.719286061001488	1	2	1	1	11
72.151630534042	NaN	-0.454364626775947	0.953265871977149	-0.330035983087724	0.0758229861167354	1	2	1	1	11
12.1247237665093	NaN	-0.816303108157017	-1.15604680610438	-1.08569310554523	-0.839717149419169	2	1	1	2	12
22.9718923780258	NaN	-0.81218606854007	-1.14034749459784	-0.597224300716928	-1.01169728474032	2	1	1	2	12
35.0875209144978	NaN	-0.560215455151094	-0.877798071141293	0.132315217497169	-0.5064231254751	2	1	1	2	12
46.9510264057973	NaN	-0.125089322926942	-0.435981419603121	0.711419668234112	0.32531140496585	2	1	1	2	12
59.7157382208811	NaN	0.381465750066554	0.0713743738570634	0.829313919336579	0.906062529141421	2	1	1	2	12
71.277901365863	NaN	0.829382501221743	0.513670783377154	0.422730279768294	0.832635344563526	2	1	1	2	12
12.5624872196042	NaN	-0.130527051743875	-1.1467149464214	-0.772375899299404	-0.703922453046005	1	1	2	2	13
23.4862906625132	NaN	0.699853243076202	-0.853911160182462	-1.27576223407414	-0.494492031670286	1	1	2	2	13
35.3839964566832	NaN	1.25526054488923	-0.320131964086632	-1.03003323198119	0.191133848283272	1	1	2	2	13
48.3445130680885	NaN	1.15259742400276	0.266634172535936	-0.221802503280714	0.935585907628328	1	1	2	2	13
63.0224865699359	NaN	0.462676737229116	0.699737629982496	0.535136492885919	1.285684900245	1	1	2	2	13
73.1399454366405	NaN	-0.338622208602529	0.826646318912575	0.665942701461153	1.02831086018016	1	1	2	2	13
10.9405043571342	NaN	0.304326712172943	-0.396509192531228	-1.03312071120789	-0.224621234922082	2	1	2	2	14
23.8996700580906	NaN	-0.508412973091245	0.376867263546383	-1.27837287835659	-0.979682325559307	2	1	2	2	14
35.7504156063577	NaN	-0.603156496735193	1.24112977543013	-0.872166746052824	-1.17091522935122	2	1	2	2	14
47.7980028241735	NaN	0.101676004931228	1.44868233757617	-0.080706489408332	-0.661313206473985	2	1	2	2	14
59.6870239741075	NaN	0.999181419180143	0.819989838525639	0.577330284326468	0.184024900887708	2	1	2	2	14
71.2850053980884	NaN	1.31655368455728	-0.101122212061069	0.670704057540696	0.75946577418891	2	1	2	2	14
13.0629622760831	NaN	-1.19539414476894	-0.713563641993156	-0.996966734745944	-0.303781525144431	1	1	1	1	15
23.0273299221957	NaN	-1.16361322821756	-0.430991978616958	-1.28574095753584	-0.90668578032683	1	1	1	1	15
38.166546141371	NaN	-0.619722088769537	0.178529658938752	-1.21449447779447	-1.20679751640753	1	1	1	1	15
48.9050927965993	NaN	0.130297847827499	0.835805829011562	-0.809345624015979	-1.07261479646531	1	1	1	1	15
59.490133026518	NaN	0.664501539828572	1.2397668085748	-0.21881837788243	-0.562933347065877	1	1	1	1	15
71.8201278272238	NaN	0.682357510504663	1.20537558310046	0.340605202050378	0.0989163526694307	1	1	1	1	15
13.6224899199803	NaN	-1.19666989677457	-0.494324891783125	-1.16726691037179	-0.714201819317363	2	1	1	1	16
23.8443702925251	NaN	-1.00258786704167	-0.205438741380999	-0.503122354765884	-0.942091765777158	2	1	1	1	16
35.7066909470534	NaN	-0.389226327323031	0.299278830975747	0.197719065252418	-0.919810414464653	2	1	1	1	16
48.5829051774972	NaN	0.322380778394084	0.859492370735893	0.555988079272498	-0.653059128582215	2	1	1	1	16
59.8661381327207	NaN	0.759777694532764	1.29723681889867	0.377802842304971	-0.210094359194419	2	1	1	1	16
71.4459960816172	NaN	0.694030508574992	1.4734523152224	-0.240409432742494	0.295737849255018	2	1	1	1	16
