age	diseaseAge	x1	x2	x3	x4	z1	z2	z3	z4	id
12.3606804334568	-24.2497786836905	-1.11059736425257	-0.607239306077614	-0.907257598599231	-0.0990034259992131	2	2	1	1	1
24.5602613907825	-12.0501977263649	-0.716211747607817	-0.0800099563008942	-1.32732027623283	0.493525084658886	2	2	1	1	1
36.6104591171474	0	-0.19560120951487	0.529083214664817	-1.25349818744089	0.92019099143066	2	2	1	1	1
47.2505110018045	10.6400518846572	0.304568808451172	0.992225394078504	-0.723541395669888	1.02672018632649	2	2	1	1	1
61.410979724648	24.8005206075006	0.64339133038404	1.13619078676616	-0.00845147836949378	0.774593780781409	2	2	1	1	1
69.4535556708585	32.8430965537111	0.725413899679791	0.90713303466678	0.526099308503047	0.254975787899724	2	2	1	1	1
12.4446927982376	-36.0805226418436	-0.0324782189440063	-0.534875355232886	-0.127271978659769	-0.565187144111809	1	1	2	2	2
22.4574437174511	-26.0677717226301	0.520052531992723	-0.70827096935179	0.55427236085077	-1.05149399535459	1	1	2	2	2
34.74537386466	-13.7798415754212	0.921009791740471	-0.447641292159823	1.13439136911272	-1.22597040221556	1	1	2	2	2
48.5252154400812	0	1.04248747439348	0.133615287818483	1.33864740467758	-1.02268603038421	1	1	2	2	2
59.2348845944229	10.7096691543417	0.845733981033657	0.782597565321414	1.07041280347348	-0.518457034182325	1	1	2	2	2
71.5493176132284	23.0241021731473	0.393514029376218	1.21693729570886	0.456581651474052	0.0961808750767774	1	1	2	2	2
11.3986163782591	-37.5891415063453	0.00691920684474706	-1.44324658980719	-1.45250836675344	-1.00779896809028	1	2	1	1	3
22.7883674785657	-26.1993904060387	-0.531575201579951	-1.36655813643816	-1.25922206838487	-0.635169123752719	1	2	1	1	3
35.8545140346984	-13.133243849906	-0.729595287284109	-1.06484984632296	-0.404498559123222	-0.0580486606085924	1	2	1	1	3
48.9877578846044	0	-0.50304505563469	-0.612007455399001	0.377462896223614	0.51397048366393	1	2	1	1	3
58.193223100104	9.20546521549964	0.0518631975441003	-0.11892812630077	0.414964936576027	0.87314900939779	1	2	1	1	3
74.0709619085784	25.083204023974	0.699468724428587	0.293637302166335	-0.32420632964283	0.889044612102826	1	2	1	1	3
12.1845292016311	-37.7648734123566	-1.17215381501744	-1.29686628088526	-0.930625890277861	-0.662894749101528	2	1	2	1	4
25.3562397439519	-24.5931628700358	-1.34963728851644	-0.986608203850508	-0.92799174602497	0.0948610172346978	2	1	2	1	4
34.341151670944	-15.6082509430437	-0.965893779407724	-0.470735013867033	-0.328657924294361	0.768824954744444	2	1	2	1	4
49.9494026139877	0	-0.238681702451176	0.0865895600379085	0.47583793561615	0.942922356588731	2	1	2	1	4
59.7925504581683	9.84314784418056	0.419336459956827	0.508010923543001	0.9599282812119	0.509673398696493	2	1	2	1	4
71.3179062145561	21.3685036005685	0.634762882112392	0.659422277016026	0.80736266199417	-0.263453701256751	2	1	2	1	4
10.9969408120894	-37.6649930843899	-0.604092788122764	-0.907023972600607	-0.720327336052582	-0.976243132713942	1	2	1	1	5
24.4937703163989	-24.1681635800804	-0.153586943269332	-0.68222123687559	-0.888275989010069	-1.4012999555426	1	2	1	1	5
34.7306666116793	-13.9312672848	0.377689927920873	-0.113713730327675	-0.264210871140195	-1.0701336805438	1	2	1	1	5
48.6619338964793	0	0.83971505783386	0.546431299089706	0.636728101636871	-0.233630483784086	1	2	1	1	5
60.1771419432751	11.5152080467958	1.10202109045341	1.00551597333833	1.07085310989977	0.47448843742185	1	2	1	1	5
72.6475082020757	23.9855743055964	1.09053765097236	1.05998939980444	0.67981193390143	0.517763721859253	1	2	1	1	5
12.655330111361	-35.0686330512482	-0.473091594032956	0.0562381135254132	-1.15548398585098	-0.833108955809891	1	1	2	2	6
22.9626980491733	-24.7612651134359	0.437207387417907	0.800330663805807	-0.36679503930866	-0.574269377498266	1	1	2	2	6
36.4976535644166	-11.2263095981926	0.873566541083349	1.3128454224113	0.386924120405659	0.0599832089043687	1	1	2	2	6
47.7239631626092	0	0.468947930467909	1.30934116618223	0.556226756177064	0.748371580532173	1	1	2	2	6
60.6806868817161	12.956723719107	-0.4363086608798	0.791762726777246	0.0176945103711127	1.14219632483073	1	1	2	2	6
73.0936528048708	25.3696896422616	-1.08075819738268	0.0473616260569057	-0.836092991729221	1.04196764411276	1	1	2	2	6
10.5443720808901	-37.9550790226078	-1.36342702321691	-0.562874282868243	-0.843346826199613	-0.516352713251299	2	1	2	2	7
24.0511315696023	-24.4483195338957	-0.991632643746681	-1.04551205955244	-1.27047902046793	-1.03782362893139	2	1	2	2	7
34.6476452521068	-13.8518058513912	-0.333426336497104	-1.28123519113708	-1.30791099791912	-1.11396161484571	2	1	2	2	7
48.499451103498	0	0.299231713149824	-1.19297158394203	-0.939883302411528	-0.706754531323299	2	1	2	2	7
58.9773786737785	10.4779275702805	0.606490044827549	-0.809579928909299	-0.321341430314551	-0.0195018529690668	2	1	2	2	7
71.2121701512292	22.7127190477313	0.4427220289298	-0.256414056841246	0.28729868074752	0.604683262111653	2	1	2	2	7
11.6803195214043	-35.5923892112625	-0.409215056084534	0.139107170283416	-0.520021882525641	-1.23170314139753	1	2	2	2	8
25.44816122897	-21.8245475036967	0.404980155678442	-0.579041427575186	-0.55814205488129	-0.960686860719594	1	2	2	2	8
34.9166557246428	-12.3560530080239	0.794304329702942	-0.803113438258705	-0.214823181086088	-0.457485798833363	1	2	2	2	8
47.2727087326667	0	0.48723588839122	-0.388867258578491	0.374469617238177	0.112989010758135	1	2	2	2	8
59.2845146458328	12.0118059131661	-0.302070196184035	0.397034921531162	0.97721600203558	0.563779317043792	1	2	2	2	8
71.9936494266557	24.7209406939889	-1.02313787452407	1.04868524654348	1.3555871833504	0.747150345728708	1	2	2	2	8
13.2957135237986	NaN	-0.49456357116309	-0.591940033811178	0.149638201288725	-1.27362317880334	2	1	1	1	9
25.0951978607696	NaN	-0.768492850189057	-0.73066270523297	-0.552201970858908	-0.881230740784644	2	1	1	1	9
36.4025068995815	NaN	-0.445429049180384	-0.183624831205996	-0.78471122931763	-0.327983560241364	2	1	1	1	9
46.9673529381487	NaN	0.281646336384736	0.659913104561736	-0.404731102107583	0.207277783919983	2	1	1	1	9
62.07684426939	NaN	0.978416323936116	1.1997074983032	0.353780525589813	0.551526745839556	2	1	1	1	9
71.2668497133344	NaN	1.22866679792703	1.05165217238963	1.02379981859513	0.593482715687209	2	1	1	1	9
11.3821330840551	NaN	-0.835435290674424	0.0515427694378584	-0.680890516498235	-0.280588384704064	2	1	2	1	10
24.3827844862138	NaN	-1.43039042185044	-0.686730054818982	-0.706502286971327	0.603849938577181	2	1	2	1	10
36.7263965370315	NaN	-1.23986282143983	-0.627506633356268	-0.221070501351056	0.909794547138183	2	1	2	1	10
49.3102395108928	NaN	-0.418475254405343	0.177412061074207	0.512041610566461	0.378682242928515	2	1	2	1	10
60.2362821481244	NaN	0.367174807562932	1.02398748548057	1.0950958303196	-0.540627631354822	2	1	2	1	10
73.1909614399463	NaN	0.47949268205215	1.17174518889544	1.21176544216965	-1.0711980274924	2	1	2	1	10
10.7721160475719	NaN	-0.906601804076589	-0.0663889229405906	-0.155850508334105	-1.39365748590033	1	2	2	2	11
22.661514535687	NaN	-0.88077460739591	-0.610099011920611	0.635212581358961	-1.18066212067915	1	2	2	2	11
36.2198083334148	NaN	-0.243049394497222	-0.435247650076265	1.19579670642369	-0.606453957726765	1	2	2	2	11
47.0633834700811	NaN	0.571752647965183	0.328822326693104	1.17478294086348	0.0653093778466161	1	2	2	2	11
61.1628689693637	NaN	1.00807375964896	1.11690526840878	0.585333146502015	0.526176113459569	1	2	2	2	11
70.3762974818951	NaN	0.768416429545708	1.34603240931334	-0.203353890124953	0.564531303794643	1	2	2	2	11
10.1868946582381	NaN	-0.297588219213069	-1.29251908544889	-0.771849765595943	-0.595000566955126	1	1	1	2	12
24.4720131300596	NaN	-0.817802059734529	-1.24161136782864	0.132299670160184	-0.427595473300892	1	1	1	2	12
37.6815096406136	NaN	-0.789383272428879	-0.962330536849271	0.534806581583742	0.080980825111423	1	1	1	2	12
47.0791782405003	NaN	-0.228962193996855	-0.522638047284184	0.097606396386796	0.721849170950977	1	1	1	2	12
60.3445115576933	NaN	0.535509418567976	-0.0295306491036363	-0.81209751719512	1.23179627555907	1	1	1	2	12
72.4527718549908	NaN	1.056671859928	0.396996683377953	-1.43024706295181	1.40137997297876	1	1	1	2	12
11.6354694865268	NaN	-0.627097703917957	-0.654333046489271	0.0395009844442113	-0.870433328643393	2	2	2	1	13
23.3447595842916	NaN	-0.703183260476754	-1.25061815050047	-0.602200971879244	-0.213081006388116	2	2	2	1	13
35.2124410457124	NaN	-0.349122004754211	-1.29028776119759	-0.880704485101678	0.572967076133719	2	2	2	1	13
48.5658644346129	NaN	0.278895531756504	-0.748760891484106	-0.655654198889665	0.979179683620199	2	2	2	1	13
60.1204075875733	NaN	0.903825783205569	0.038409253984458	-0.0404670419876505	0.742758898649306	2	2	2	1	13
71.3392470999793	NaN	1.24998710823181	0.583458392965023	0.654825662768708	0.0166563745684753	2	2	2	1	13
12.5337166150576	NaN	-0.537269285516923	-0.558661519060578	-1.10156335739182	-0.253842433701164	2	2	2	1	14
24.4850073557434	NaN	0.294941576672608	-0.518580705550778	-1.34266135935873	0.580176119112117	2	2	2	1	14
35.8916499739807	NaN	0.967066422087587	0.183964086380735	-0.730705804083004	1.18442810810574	2	2	2	1	14
47.0704024198888	NaN	0.990732501582364	1.02009522330044	0.198630772767777	1.13443958732035	2	2	2	1	14
61.2028378733141	NaN	0.348743801078292	1.36037090731473	0.631857789535303	0.46532641083164	2	2	2	1	14
72.329675006248	NaN	-0.492424159698764	0.948630676424204	0.189751930750201	-0.35287389481357	2	2	2	1	14
11.4085315669159	NaN	-1.04852298799205	-1.30783256703579	-0.4834165937492	-1.34804068237286	2	2	1	1	15
24.4475677709853	NaN	-1.00595668957875	-0.843473390753871	-0.860563515444006	-1.46090995781821	2	2	1	1	15
36.8943565447433	NaN	-0.376900633983559	0.0661617441246243	-0.874568124476306	-1.22680491568007	2	2	1	1	15
46.2943832341058	NaN	0.424825563438121	0.66241507702217	-0.520039771751538	-0.727426586463094	2	2	1	1	15
61.6818221336877	NaN	0.871812582504983	0.447996869528031	0.0665566161333054	-0.137054531752509	2	2	1	1	15
71.9407093521544	NaN	0.67001350219328	-0.398262893798894	0.659428567576068	0.338275509919621	2	2	1	1	15
10.3492333232966	NaN	-0.533258179938841	-0.996338489799967	-1.41530430899706	-0.764474620671176	1	1	1	1	16
23.9386396866648	NaN	-1.06982452546455	-0.961527145826263	-1.34327878303167	-1.22899957917916	1	1	1	1	16
36.0149105603167	NaN	-1.3333287986925	-0.668475891403081	-0.760066949789276	-1.08716435898689	1	1	1	1	16
46.3037547119361	NaN	-1.22488265843053	-0.197206321833454	-0.00261806038480267	-0.4271860211103	1	1	1	1	16
61.2956699517812	NaN	-0.785183960496425	0.323595054275221	0.491453588805498	0.340449595864636	1	1	1	1	16
72.1393996091208	NaN	-0.179243595720919	0.751716400859448	0.43669927623177	0.738297200360274	1	1	1	1	16
