age	diseaseAge	x1	x2	x3	x4	z1	z2	z3	z4	id
14.1247358401738	-34.9331983146369	-0.774233559692246	-0.626954175604311	-1.16260354588116	0.109029804207116	1	2	1	1	1
24.8427266744046	-24.2152074804061	-1.18857602089175	-0.0644448626688644	-1.37584357046296	0.875706728992052	1	2	1	1	1
36.9757761541341	-12.0821580006766	-1.42717537192219	0.465764315210295	-1.3008528644286	1.34002940968454	1	2	1	1	1
49.0579341548107	0	-1.43243810353875	0.789561346456387	-0.959440125394478	1.22420688500326	1	2	1	1	1
60.5945279775331	11.5365938227224	-1.20309388880758	0.800616588345468	-0.450894553072384	0.597532454214259	1	2	1	1	1
72.6716733479163	23.6137391931056	-0.794502216739539	0.495299680476244	0.0768893040340434	-0.16507251920377	1	2	1	1	1
10.7226312458681	-37.8756548132536	-0.43018907174175	-0.601288874456863	-0.30770424146583	0.137512333778816	1	1	2	1	2
23.2557157674349	-25.3425702916867	-0.720400279249985	0.0143816006932719	0.525875081268396	0.684589339374518	1	1	2	1	2
36.8894138006056	-11.708872258516	-0.347662359565633	0.598130037043341	1.19629151899481	1.13690165851432	1	1	2	1	2
48.5982860591217	0	0.440537635007308	0.915048476287837	1.21556969267858	1.35881075985707	1	1	2	1	2
59.9850292099639	11.3867431508423	1.12085801321275	0.837604819192754	0.569677616256929	1.28377097722545	1	1	2	1	2
73.6157497291006	25.0174636699789	1.24158598670067	0.396963399979981	-0.271259854924539	0.934285093492306	1	1	2	1	2
12.2224029970211	-24.7951813881861	-0.616283074102684	-1.00535592168778	-0.965208294786332	-1.093731493196	2	2	1	2	3
25.5409157005042	-11.4766686847029	-0.647076996513294	-0.779258935366668	-0.708279579133244	-0.563378413575347	2	2	1	2	3
37.0175843852071	0	0.0345195063215825	-0.135110337271343	0.0641599244618789	0.320852129068427	2	2	1	2	3
47.6030071565565	10.5854227713494	0.896033285607776	0.578190084904912	0.811009348492975	0.867518896126466	2	2	1	2	3
59.6504476537017	22.6328632684946	1.2644371868952	0.974286812272959	1.00909390793319	0.649145196519136	2	2	1	2	3
72.8581886179996	35.8406042327925	0.85192869868228	0.838636081959832	0.519653575034338	-0.163507416002393	2	2	1	2	3
12.8617013943519	-34.9902289784011	-0.728713551454221	-1.36949124931535	-0.0076237210480114	-0.659306424446287	2	1	2	1	4
23.0869270739208	-24.7650032988322	-0.381923475892195	-1.14572629755772	-0.456212448364932	0.0679436877199777	2	1	2	1	4
35.5189144622879	-12.3330159104651	0.445822007747881	-0.549047788400302	-0.666677636218405	0.596686581010604	2	1	2	1	4
47.8519303727529	0	1.1447009622919	0.133773626153396	-0.575032287960985	0.64723029713604	2	1	2	1	4
61.530621584927	13.6786912121741	1.19983082258707	0.574566008873679	-0.209139019028077	0.192838456048934	2	1	2	1	4
72.1521209239494	24.3001905511965	0.570595965998394	0.561479398599094	0.319760916806642	-0.526126857999318	2	1	2	1	4
12.6655648138874	-33.5419091757938	-0.608267386951001	-0.966869460056598	-0.711001527213947	-0.566148254822446	1	1	2	2	5
25.4124358050677	-20.7950381846136	-0.609249398948215	-1.34081110063889	-0.1752525395736	-0.715269169336515	1	1	2	2	5
35.2027098839105	-11.0047641057707	0.0146474533389321	-1.25795875259805	0.399003396548651	-0.435357139765609	1	1	2	2	5
46.2074739896812	0	0.83532927643102	-0.757166008366493	0.815893440195969	0.152823582689509	1	1	2	2	5
58.9508095173616	12.7433355276804	1.28967593970495	-0.0732795275450291	0.933220650806926	0.795510397590038	1	1	2	2	5
71.8849585716493	25.6774845819681	1.06593233274897	0.472992258250526	0.710965913874684	1.21542478969301	1	1	2	2	5
11.5430327307185	-36.6611361077025	-0.697688332683544	0.319384568055993	-0.987132458197738	-0.922000658442245	1	2	2	2	6
24.2565983071802	-23.9475705312408	0.0837616842757748	-0.157743774116496	-0.517063282547187	-0.881715225342981	1	2	2	2	6
36.6323668264994	-11.5718020119215	0.593051851573768	-0.500945287726275	0.228621556437381	-0.176157917489605	1	2	2	2	6
48.204168838421	0	0.518124149182432	-0.624087891101555	0.828782376211449	0.660895966099953	1	2	2	2	6
59.7494954558841	11.5453266174631	-0.095110875326625	-0.496266916428849	0.944466949370888	0.99619001657848	1	2	2	2	6
71.4071822766077	23.2030134381867	-0.870904935715329	-0.149561145978315	0.510340214950792	0.576064212200016	1	2	2	2	6
11.6129606013841	-36.5584280389069	-0.348712668478243	-0.408052845953097	-0.378500029816244	-1.0410015313579	1	1	2	1	7
24.5925213381559	-23.5788673021352	0.512665849495902	0.228781788394546	-0.928890198015056	-1.46443199418844	1	1	2	1	7
36.3820890962148	-11.7892995440762	1.03345686485687	0.816853520612678	-0.794466940256002	-1.25049750034897	1	1	2	1	7
48.171388640291	0	0.826877770440399	1.10604413352671	-0.0708895767503316	-0.53695842743698	1	1	2	1	7
59.5833339483595	11.4119453080685	0.0463513373145683	0.973355297914363	0.726924162734766	0.216710876345014	1	1	2	1	7
72.3100350351659	24.1386463948749	-0.728438761299467	0.475222127358038	1.03122788336681	0.525194714545742	1	1	2	1	7
11.620362899381	-37.3745018755071	-0.243791576043707	-1.12439013586474	0.156783831873264	-0.0408336411002662	1	2	2	1	8
25.3693725051152	-23.625492269773	-0.955227266118596	-0.653894288654795	0.814985039322806	-0.516745603975029	1	2	2	1	8
35.7325274996413	-13.2623372752468	-1.17573316926303	0.148012325161588	1.26859153266922	-0.255371435766289	1	2	2	1	8
48.9948647748881	0	-0.764903562624234	0.758464746437907	1.31705947990357	0.548724858309988	1	2	2	1	8
57.6439019069215	8.64903713203339	0.0156684305893957	0.779431365492723	0.938960731273695	1.29698299730877	1	2	2	1	8
71.2995860231296	22.3047212482415	0.668958588427673	0.197241375493099	0.301456412204903	1.43240799792023	1	2	2	1	8
11.3203003867904	NaN	-1.43471370889667	-0.618755594114799	-1.04769846461257	-1.46128429248871	2	1	1	2	9
24.2688227033152	NaN	-0.858117796985587	0.200732499306016	-1.29642457349808	-1.20634722140543	2	1	1	2	9
35.8975298335015	NaN	0.0528866237300444	0.859138485139937	-0.87774296668284	-0.754871386342488	2	1	1	2	9
47.7569177227753	NaN	0.539430136471171	0.896398517617363	-0.072907696583987	-0.230837768323776	2	1	1	2	9
60.7695114211407	NaN	0.196220534794439	0.286476998332618	0.577424141863236	0.22184736567986	2	1	1	2	9
72.2109519536028	NaN	-0.690847552981231	-0.544440944059411	0.636384862087905	0.478870945842935	2	1	1	2	9
12.9761233073738	NaN	-1.26322307618443	-1.00915258597132	-1.43977660230562	-0.503561260271431	1	1	1	1	10
24.8796595201422	NaN	-1.30001295083634	-1.23094966418396	-1.39970155048631	0.337325545487978	1	1	1	1	10
35.320169596447	NaN	-0.988365851585407	-1.18674860054827	-0.821658783373345	0.47952660361232	1	1	1	1	10
48.2403149291709	NaN	-0.440152397347485	-0.888495173102363	-0.0507551018641816	-0.200661898670824	1	1	1	1	10
60.2967810676553	NaN	0.147837585913996	-0.41679534356558	0.452759632851028	-1.11152909615247	1	1	1	1	10
71.5596106245444	NaN	0.564535862679143	0.100869307286071	0.388273823865396	-1.46069167787806	1	1	1	1	10
10.8140480047819	NaN	-1.12712180966289	-0.063060206867209	-0.667342507998819	-0.618549851480431	1	1	1	2	11
23.9988625460159	NaN	-1.10294705911582	0.55032159424976	0.197834242757745	-0.529417952018365	1	1	1	2	11
37.8520177734828	NaN	-0.481095425903475	1.12042535199399	0.976428567155338	0.042055722344155	1	1	1	2	11
49.5484700295084	NaN	0.325845047011453	1.4231517825863	0.989079226702271	0.781725810107807	1	1	1	2	11
59.5192680862214	NaN	0.782483001424267	1.33950364148089	0.224747908546481	1.28298753219864	1	1	1	2	11
71.3292980256396	NaN	0.585846876449257	0.902361765291359	-0.649649312214698	1.27029180918154	1	1	1	2	11
12.689425571969	NaN	-0.826604484110486	-0.557134118297132	0.206735636643936	0.319977703369968	1	2	2	2	12
24.1026040506412	NaN	-1.14689111832971	0.255307177641883	1.03034484844144	-0.154109166635931	1	2	2	2	12
35.7347308544563	NaN	-1.02431181500596	0.560457887811138	1.46923119977961	-0.460707202012477	1	2	2	2	12
49.9137165049959	NaN	-0.513831504924215	0.134554154510837	1.21828008459516	-0.51765211934005	1	2	2	2	12
58.5715623195336	NaN	0.155648895121894	-0.710093222395046	0.451953183952413	-0.309683421854985	1	2	2	2	12
71.6829045972627	NaN	0.683932346540635	-1.35411306285046	-0.29699761844937	0.107465986017591	1	2	2	2	12
10.8259428445148	NaN	0.127607808454535	-1.47216022743803	-0.62997120697862	-0.235015820266872	2	2	1	2	13
21.9196028396579	NaN	-0.503018919524755	-1.22579824372974	0.0978408248890405	-0.785185583861327	2	2	1	2	13
34.7701770207628	NaN	-0.531326751866568	-0.386635986752992	0.885294710120183	-0.908899868529109	2	2	1	2	13
47.2534791545004	NaN	0.0616804008182741	0.369594163097093	1.18033364703085	-0.544777329174166	2	2	1	2	13
59.036177224555	NaN	0.878062606400644	0.433940605535525	0.776115997097243	0.126521156557761	2	2	1	2	13
70.4897441097753	NaN	1.36998316845956	-0.245411400100041	-0.0439751652024997	0.771928116904462	2	2	1	2	13
10.1934248171452	NaN	-1.31324757763675	-0.502401325638436	-0.482639511749721	-0.692988591750945	1	2	2	2	14
24.0607458163765	NaN	-0.892533084707459	0.162535460924341	0.0264838650170465	0.118337909208171	1	2	2	2	14
36.6545161802725	NaN	-0.232407256474252	0.772558146259766	0.444401736960399	0.690766735629539	1	2	2	2	14
47.3720003376146	NaN	0.366487010486221	1.04309403412546	0.661753576306771	0.646638085858954	1	2	2	2	14
58.1783602356826	NaN	0.631393675641433	0.847939412936607	0.621662868651684	0.0150658275955921	1	2	2	2	14
71.8080367096436	NaN	0.441665577907138	0.278132990057565	0.33462052917804	-0.787270370393368	1	2	2	2	14
11.9532468295928	NaN	-1.22174261153278	-0.524514470901933	-0.567951761816914	-0.619016588126182	2	2	1	1	15
25.1944762503456	NaN	-0.791955196861024	0.263543758313636	-0.058593617406825	-0.138724072724343	2	2	1	1	15
35.940965193466	NaN	0.00796470170161423	1.06413858270788	0.428605524862257	0.528810796730603	2	2	1	1	15
49.1537819626398	NaN	0.649851897147748	1.24857672507799	0.76310586641838	1.08379721042249	2	2	1	1	15
60.7929390326339	NaN	0.709885865410361	0.672022100259918	0.855281618912207	1.27699002175171	2	2	1	1	15
71.8732178941031	NaN	0.148427822492213	-0.21276691070438	0.680435275472687	1.02162607869543	2	2	1	1	15
11.035576510804	NaN	-0.645131697556003	0.340622139818416	-0.640633943755389	-1.00488327577385	1	1	1	1	16
25.3926760872597	NaN	0.0127560157753837	1.09875241915981	0.112456156792372	-0.592600420967372	1	1	1	1	16
36.444170623832	NaN	0.753360060164892	1.46583553665469	0.875257512605491	-0.0603773345230154	1	1	1	1	16
47.3675661512857	NaN	1.14394992127399	1.21392921687021	1.11721394262885	0.437411630115214	1	1	1	1	16
57.9271006695997	NaN	0.956306278976656	0.499456070901777	0.670035919691804	0.756379933684289	1	1	1	1	16
71.7033024241172	NaN	0.300068191361769	-0.233927882038614	-0.15524792169523	0.804008993494439	1	1	1	1	16
