age	diseaseAge	x1	x2	x3	x4	z1	z2	z3	z4	id
10.7808393018453	-37.8471294628369	-1.22120352193512	-0.554654300422877	-0.055767333523685	-0.712098102836638	2	2	1	2	1
22.1456877024846	-26.4822810621976	-0.766359840197433	-1.31829899067607	-0.671415182422906	-1.19614958488672	2	2	1	2	1
37.4038531282166	-11.2241156364656	0.0973626525020802	-1.29154466410982	-0.506718710014104	-0.804501514218252	2	2	1	2	1
48.6279687646822	0	0.716155444702163	-0.497995739953107	0.304440426467219	0.11934424964384	2	2	1	2	1
58.638733041628	10.0107642769458	0.621613466729537	0.362226945707585	1.10267148303307	0.765112458160175	2	2	1	2	1
71.2140276475419	22.5860588828597	-0.114698223875506	0.530178597445389	1.23909294360204	0.56642069543161	2	2	1	2	1
12.4033885431872	-34.8173187060536	-0.50020412344176	-0.264544120919457	-0.237130341791057	0.109157658788605	1	2	2	1	2
23.4081946329006	-23.8125126163402	-0.483615969510437	-0.607515748990423	-0.536466870445152	-0.552709952107252	1	2	2	1	2
37.3571530402746	-9.86355420896622	-0.214288078329942	-0.484593262944511	-0.161468096721304	-0.403548122084856	1	2	2	1	2
47.2207072492408	0	0.236699409567102	0.0461045134097877	0.634668018097447	0.429276679007922	1	2	2	1	2
59.7259484480214	12.5052411987806	0.750323344080392	0.733659041474303	1.31439293972082	1.23463108078392	1	2	2	1	2
71.2481534409037	24.0274461916629	1.19102976796435	1.25298854198542	1.41875859565446	1.32483816807488	1	2	2	1	2
10.9926929048956	-36.1525741140223	-0.481948272809232	-0.913592852385057	-0.715207531785297	-0.38540955827125	2	1	2	1	3
24.0325830245972	-23.1126839943207	0.0377044040180935	-0.905005248385788	-0.175904270751257	0.0733762646282161	2	1	2	1	3
34.8667788111403	-12.2784882077776	0.493061040355212	-0.537548632623945	0.320605897294586	0.690879783194708	2	1	2	1	3
47.1452670189179	0	0.761094643865194	0.0495382448352862	0.627435474485289	1.2288627290082	2	1	2	1	3
60.2428500767153	13.0975830577974	0.769388639376731	0.633793086428925	0.653812042115919	1.47976656742642	2	1	2	1	3
71.8413156089095	24.6960485899916	0.515702178199336	0.993826725726077	0.391932360150466	1.34679039900923	2	1	2	1	3
10.5074472271673	-36.5605049109958	-0.232053392750507	-0.904766256698001	-0.983193464468257	-1.29185628128157	2	1	2	1	4
24.3512566249381	-22.7166955132249	-1.03635708787332	-0.415274667040573	-1.4018515723512	-0.857646851612876	2	1	2	1	4
37.7567303174942	-9.31122182066886	-1.1670473474468	0.288826127466803	-0.96114798479958	0.0582652637592481	2	1	2	1	4
47.067952138163	0	-0.516275832918336	0.856038908264853	-0.039840585067221	0.676016624259214	2	1	2	1	4
60.4191540414234	13.3512019032604	0.378927176268781	1.00320291721059	0.570263048225129	0.469616042158248	2	1	2	1	4
70.7174792233553	23.6495270851922	0.779821413447266	0.656851769632993	0.344816013353604	-0.385194437654696	2	1	2	1	4
12.7030412778092	-35.0082327981051	-0.950714792420965	-0.970199276592935	-0.58279907105853	-1.29520764209841	2	2	1	1	5
24.7226402810429	-22.9886337948714	-1.32650115771536	-0.138856946559848	-1.07544529986065	-1.09873888988577	2	2	1	1	5
33.6552074866088	-14.0560665893055	-1.15811452347192	0.562013659571888	-1.14562236579551	-0.649853884688601	2	2	1	1	5
47.7112740759144	0	-0.538242222083838	0.611041830320937	-0.760367448883495	-0.0900314536680535	2	2	1	1	5
60.4475774304906	12.7363033545763	0.191911052274517	-0.0282440055876659	-0.100638363522471	0.404284503196422	2	2	1	1	5
71.8325959545294	24.121321878615	0.630437158006925	-0.880285438097039	0.523684008458635	0.677296307179722	2	2	1	1	5
11.1179562178356	-36.9507435850731	0.0680343690525987	-0.845941643330256	0.0401955748376042	-1.48622869181684	2	2	1	2	6
23.3851660333866	-24.6835337695221	-0.546373562478821	-0.0960252971385814	-0.487205695089527	-1.13494085352962	2	2	1	2	6
36.6392324624322	-11.4294673404765	-0.806745508262134	0.458455659100467	-0.537831411340017	-0.307129256409749	2	2	1	2	6
48.0686998029087	0	-0.588361697771846	0.505395531242034	-0.0849865160759271	0.388920368851581	2	2	1	2	6
60.3882214266644	12.3195216237557	0.00417067466128876	0.0183728503195673	0.63254282497472	0.441742543427413	2	2	1	2	6
71.4948103740492	23.4261105711405	0.687024942164759	-0.728477537044602	1.23640172266844	-0.187477089922896	2	2	1	2	6
11.9019713279047	-37.9883143586381	-1.38032676904978	-0.229226192446225	-0.73439738375473	0.0152621221674319	1	1	2	1	7
23.7826770841972	-26.1076086023457	-1.09012050065111	-0.570782324138497	-0.597955603675164	-0.536503248784862	1	1	2	1	7
36.7700170672219	-13.120268619321	-0.386512024390584	-0.597722083611505	-0.246024790530383	-0.724248052196778	1	1	2	1	7
49.8902856865429	0	0.320698316391885	-0.301056229083281	0.233545987507094	-0.46365967070713	1	1	2	1	7
62.559942002514	12.6696563159711	0.619612356389238	0.220223966065294	0.72104613846921	0.128236614035658	1	1	2	1	7
72.1151258932976	22.2248402067548	0.336134586020544	0.792178058340809	1.094785738097	0.785631447705354	1	1	2	1	7
10.1379356023066	-38.8265969592528	-0.488637611056495	-1.3809798638304	-1.43133941699239	-1.3542327573023	2	1	2	2	8
23.6785359899521	-25.2859965716073	-0.689717518007576	-1.04249148083985	-1.13483995521068	-0.641075400624794	2	1	2	2	8
36.4853955321656	-12.4791370293938	-0.465685158201532	-0.349827782303299	-0.418021391245852	0.197379580906284	2	1	2	2	8
48.9645325615594	0	0.0882040549670939	0.323178637736372	0.290837085426662	0.520001923005232	2	1	2	2	8
60.821779138747	11.8572465771876	0.736444206099154	0.613304275084414	0.56821221647649	0.0800962728975182	2	1	2	2	8
71.2422670402431	22.2777344786837	1.20341268590515	0.363967487253553	0.248380062431985	-0.785960543079304	2	1	2	2	8
10.9255536858989	NaN	-0.386219135833337	-0.710491746040394	-0.511699503364207	-0.694413114356678	2	2	2	2	9
24.2587616087575	NaN	0.108736617938036	-0.167843445397707	-0.209499660300353	-0.857992377826532	2	2	2	2	9
36.1727963975249	NaN	0.746739042140076	0.586639120314284	0.276915414151097	-0.674858310689925	2	2	2	2	9
48.505575516262	NaN	1.26779424635135	1.12345819405614	0.808393416961633	-0.208515520514219	2	2	2	2	9
58.7020222336461	NaN	1.45956578085277	1.13702343009132	1.23289056498271	0.379324322419784	2	2	2	2	9
71.8754377709571	NaN	1.24390436997431	0.619612663964883	1.42896786736319	0.884818540877503	2	2	2	2	9
10.2869189027167	NaN	-0.632797918390973	-1.07399318941414	0.0743102315937994	-0.232222113632881	2	2	1	1	10
23.7260991714668	NaN	-1.11459332785017	-1.16943414799713	-0.57184685096801	-0.833119601471607	2	2	1	1	10
36.6822477530053	NaN	-0.76409753700441	-0.988234597313254	-0.732883459422623	-1.18642075181872	2	2	1	1	10
45.897153990875	NaN	0.126018757955537	-0.580700997014916	-0.313792136623869	-1.14913757322464	2	2	1	1	10
59.3441555482323	NaN	0.812491407956561	-0.0599769644180857	0.438174015955014	-0.736359308441027	2	2	1	1	10
72.7058844708925	NaN	0.722102606568175	0.429368805704008	1.07937430877078	-0.115145518234822	2	2	1	1	10
12.6878075780809	NaN	-0.177646716357399	-0.34166239564366	-1.36100884383747	-0.785144959690771	1	1	2	2	11
24.3417790117291	NaN	-0.845957095790662	0.0638632160386033	-1.22677933566753	-0.349377384875937	1	1	2	2	11
35.0129366611563	NaN	-0.942615629258637	0.551518303661258	-0.870391439056275	0.56430637616389	1	1	2	2	11
48.9500258471753	NaN	-0.40323696845318	1.00413756325851	-0.383302706461967	1.18184441563309	1	1	2	2	11
59.8778864620831	NaN	0.412892627048374	1.31297349177441	0.109488387878031	0.980065923946629	1	1	2	2	11
71.4139482902566	NaN	0.962139952958255	1.40382435040106	0.481520009007736	0.129915215633203	1	1	2	2	11
11.8384971626855	NaN	-1.0053413330178	-0.701146434451731	-0.73481526102183	-0.594485643840143	2	2	2	1	12
24.4485584223335	NaN	-0.99570603100989	-0.987572868026201	-1.26029061933317	0.153741371726799	2	2	2	1	12
37.3935085862124	NaN	-0.754433819140711	-0.484185475029849	-0.996358056100571	0.863651700976985	2	2	2	1	12
46.4579700935195	NaN	-0.339468663073089	0.407717034787499	-0.154208245375998	1.08518410255988	2	2	2	1	12
59.7856038254536	NaN	0.149531351547007	0.977113028003794	0.592296580756245	0.677893870224962	2	2	2	1	12
73.2857685062892	NaN	0.595127917851356	0.770081964308494	0.645826348723653	-0.100009557452338	2	2	2	1	12
10.7388904973147	NaN	-1.02422784276049	-1.46734079865272	-0.181050627763317	-0.687520559820155	2	1	1	2	13
25.4553637552607	NaN	-0.725269333262535	-1.11741789454827	0.590796658545829	0.196316828453793	2	1	1	2	13
38.7215467519382	NaN	0.124290330587183	-0.465505014359395	1.29600195278108	0.510073243056583	2	1	1	2	13
47.1021908019231	NaN	0.85036479283582	0.17788819803658	1.46919215595187	-0.00998928391167325	2	1	1	2	13
62.3102412456303	NaN	0.87684750177898	0.506310062782866	0.996077057500716	-0.926715597496993	2	1	1	2	13
73.1518229399711	NaN	0.182725650986609	0.363331462795063	0.188870762093703	-1.46952213729175	2	1	1	2	13
11.6979120806841	NaN	-0.959451087609641	0.141044596342012	-0.512398383269909	-1.27452453537355	2	1	1	2	14
24.465350300996	NaN	-1.2524173544914	1.02247813658936	-0.725576699775249	-0.641771821661474	2	1	1	2	14
38.4289612603783	NaN	-1.13607944544376	1.36123097540295	-0.66877999650991	0.189877367241372	2	1	1	2	14
49.4655784766081	NaN	-0.65856365518387	0.87759384827303	-0.357529450297226	0.63228085854908	2	1	1	2	14
60.9546126928429	NaN	-0.0174071909923165	-0.0290925762678348	0.123117629434882	0.372570974281886	2	1	1	2	14
70.879052034568	NaN	0.522158388406181	-0.610174519147194	0.641811923355529	-0.405585497129387	2	1	1	2	14
12.0390410376323	NaN	-0.958613146499107	-0.545957946243225	-1.44393585334832	-0.858116666323742	2	1	1	1	15
24.9683792119155	NaN	-0.274161918555413	-0.498804190523121	-1.18285552194144	-1.35334895392688	2	1	1	1	15
35.8733537762144	NaN	0.368542740904566	0.0230374347419466	-0.711204030727306	-1.42896105749774	2	1	1	1	15
47.8404209684959	NaN	0.643137782519055	0.74636714423451	-0.168188183910691	-1.04954515843568	2	1	1	1	15
58.9506230016955	NaN	0.41018485960448	1.2925000807496	0.285922196243439	-0.392775050931662	2	1	1	1	15
70.4191033977372	NaN	-0.212023395039484	1.37551922696431	0.517097522306563	0.233795371780214	2	1	1	1	15
11.7236679560043	NaN	-0.657420351222674	-0.277262954029649	-0.749969343217749	-0.0100096129005977	1	2	1	2	16
23.1107625293567	NaN	-0.122276229498498	-0.856954582185173	0.0178792734199614	0.485961367701144	1	2	1	2	16
36.353827485011	NaN	0.368880907265429	-1.04604204192277	0.810671452043591	0.869436681888115	1	2	1	2	16
46.6573231828201	NaN	0.673315152473605	-0.753086524194073	1.03356110735155	1.04224258243033	1	2	1	2	16
61.657516726994	NaN	0.70255441697996	-0.119755296000464	0.519310162973884	0.960138926163293	1	2	1	2	16
71.4997695256584	NaN	0.448101434604066	0.547685678116975	-0.346229742572014	0.644145119809722	1	2	1	2	16
