age	diseaseAge	x1	x2	x3	x4	z1	z2	z3	z4	id
12.8720296527616	-37.5271870996578	-0.73421006578613	0.0229179757366166	-0.732556311383144	-0.0584945049715394	1	2	2	2	1
23.8588188251658	-26.5403979272536	-0.480583589465445	0.646018667066738	0.0152947946024327	-0.534436083042272	1	2	2	2	1
35.3778797018541	-15.0213370505653	-0.0375775560773818	1.04863286198421	0.895160017084182	-0.835859136736226	1	2	2	2	1
50.3992167524194	0	0.477330254261331	1.06514383289331	1.14564001888368	-0.880319850301794	1	2	2	2	1
58.9323585640617	8.53314181164232	0.927594914474341	0.688759735378426	0.549979662425805	-0.655657538507825	1	2	2	2	1
72.5200963751235	22.1208796227041	1.19381377818617	0.0743074566591351	-0.376360969310759	-0.223320780064155	1	2	2	2	1
13.3884864125796	-37.3782851317631	-0.607036860596217	-0.372919891445143	-0.475745475606468	-0.599128090685034	2	2	2	1	2
23.6706023351563	-27.0961692091864	-0.166413230085037	-1.04853791868912	-0.15297788168788	0.219829837773808	2	2	2	1	2
36.4931120691572	-14.2736594751854	0.351596484477193	-1.13905483989441	0.323878625036049	0.637673322845983	2	2	2	1	2
50.7667715443427	0	0.807866099567022	-0.58290616107337	0.830005957205746	0.364232985663824	2	2	2	1	2
61.3377661191071	10.5709945747644	1.07985148440727	0.241647218733205	1.23292433385767	-0.410601859634368	2	2	2	1	2
70.3851906251262	19.6184190807835	1.09450325883534	0.773790692514205	1.42716911221863	-1.14875091787213	2	2	2	1	2
12.3928251171387	-35.1208918319939	-0.58548176655396	-0.681396820791761	0.154887218195246	-0.687779539926545	2	2	1	1	3
24.6952405215299	-22.8184764276027	-0.076496803825626	-0.493839545584005	-0.411113413627837	0.153166446643982	2	2	1	1	3
33.8657301575275	-13.647986791605	0.379982272237195	0.0720858202245712	-0.459390390785554	0.931280209426711	2	2	1	1	3
47.5137169491326	0	0.665348919625892	0.752003305931206	0.0378515102066357	0.998969582003411	2	2	1	1	3
60.724311845668	13.2105948965354	0.705456582613766	1.22828472919662	0.794327799770931	0.299899476206935	2	2	1	1	3
73.5978146218139	26.0840976726813	0.489884123706261	1.27843191055932	1.37450111067523	-0.584122734871217	2	2	1	1	3
11.7375618867933	-36.2530834433586	-0.367252797920786	-0.676267768334995	-0.66839499329571	-1.13046423818267	1	2	1	1	4
23.7763496843306	-24.2142956458213	0.238093216007072	-0.124949224905709	-0.477708118555831	-0.65844765527179	1	2	1	1	4
37.0563575761467	-10.9342877540053	0.631380643134695	0.805400933258153	-0.0778168357452197	-0.0516267441061315	1	2	1	1	4
47.9906453301519	0	0.658724868389024	1.30872754709906	0.426914649186206	0.465622892464819	1	2	1	1	4
59.4567350608364	11.4660897306845	0.309426705151085	0.94894855631176	0.904760782551547	0.702045157471125	1	2	1	1	4
71.7165179049309	23.725872574779	-0.279841251199773	0.0377763942202356	1.23101258864019	0.570221527157682	1	2	1	1	4
12.9117489951013	-34.7749767040934	-0.771014619739956	-0.447455918713413	-0.762076013750465	-1.39493865189098	1	1	2	1	5
24.3146889531541	-23.3720367460406	-1.25217737162777	0.370183533334286	-0.338889272178547	-0.950794190594507	1	1	2	1	5
35.9249059211458	-11.7618197780489	-0.855184402190544	0.871970841368336	0.541926496655542	-0.189749235138097	1	1	2	1	5
47.6867256991947	0	0.0708917282752343	0.720912804662323	1.18089322107024	0.435140415561003	1	1	2	1	5
60.8626449015099	13.1759192023152	0.711760110916884	0.018457846621872	1.0705912702228	0.551873241877953	1	1	2	1	5
70.4641230970818	22.7773973978871	0.503910597282849	-0.763635299747901	0.298614212043547	0.0909573123470534	1	1	2	1	5
9.90421429432298	-39.4362669226529	-0.410640473779817	-0.535320840574292	-1.29309647488461	-0.843499340734015	1	2	2	1	6
25.0165113561039	-24.323969860872	0.224543099009148	0.198794478039052	-0.697539761119724	-1.36768286643299	1	2	2	1	6
35.9185438693669	-13.421937347609	0.762271169568704	0.577204344936508	0.238792607456625	-1.3074031303477	1	2	2	1	6
49.3404812169759	0	0.984126669280735	0.380415222291024	0.687692906496758	-0.699860960585569	1	2	2	1	6
60.9857549330291	11.6452737160532	0.799995225180699	-0.277426974280871	0.252098396738224	0.0800071667985335	1	2	2	1	6
72.8331240379872	23.4926428210113	0.284668265246124	-1.01474627732003	-0.682697462174958	0.550916129516901	1	2	2	1	6
11.6667049132772	-25.9435142428489	-1.08657979575662	-1.31278976909783	-0.755827746965131	-1.35317402981491	2	1	2	1	7
21.8689876085184	-15.7412315476077	-0.24984029466935	-0.712689397989805	-0.994822861418852	-1.37541192242142	2	1	2	1	7
37.6102191561261	0	0.439864370253136	0.228049677447019	-0.858708727267883	-0.632814259962289	2	1	2	1	7
47.884327869292	10.2741087131659	0.468829946846396	0.668218565512707	-0.398742205561119	0.242167469521192	2	1	2	1	7
58.9376301630638	21.3274110069377	-0.184517639445126	0.214218241612053	0.21186588884134	0.504333644758712	2	1	2	1	7
70.6956982794033	33.0854791232772	-1.03355353266653	-0.727984199582551	0.743177243909364	-0.0695959787551954	2	1	2	1	7
12.2528239535961	-35.1823377159959	0.127152686625646	-1.31371327185961	-0.403061161920246	-0.851038154942618	2	2	1	2	8
24.1356862024294	-23.2994754671625	0.784541602589056	-1.44164469518333	0.498254070619161	-0.544843434795049	2	2	1	2	8
36.0911659299483	-11.3439957396437	1.24300227159937	-1.1651492109632	1.13681630142749	-0.00300775126120122	2	2	1	2	8
47.435161669592	0	1.30094035353533	-0.596901615052249	0.981732381356086	0.582620027311798	2	2	1	2	8
59.0392502629322	11.6040885933402	0.932879313144774	0.0315312659019216	0.161937262609689	1.00468547594567	2	2	1	2	8
70.2093779235476	22.7742162539557	0.300662962945037	0.464056473388386	-0.641001008269012	1.11374701825563	2	2	1	2	8
10.9585935363846	NaN	-0.805359282023593	-0.716732475670905	-0.90370635436533	-0.146487735587215	1	2	2	2	9
22.7362258489004	NaN	-0.275283603928888	-0.0981993709126322	-0.461989899599686	-0.885058296364926	1	2	2	2	9
35.7736633853977	NaN	0.670762738927928	0.611606725091572	0.12900542910959	-0.945101045778815	1	2	2	2	9
47.9450112722384	NaN	1.18598973133716	1.04113444679955	0.659280515917916	-0.279486908152654	1	2	2	2	9
59.2561226870436	NaN	0.809226442262616	0.96554547225659	0.940412045149752	0.589326711255331	1	2	2	2	9
71.1962528471446	NaN	-0.122292706647315	0.424407208490432	0.872505195802609	0.979385984259106	1	2	2	2	9
12.7953381590332	NaN	-1.15353059136834	-1.32513859877184	-1.37971508190354	-0.164433664675595	2	2	2	2	10
24.8786400143232	NaN	-0.752097679149045	-0.886308328011748	-0.827796469896542	-0.562779525348344	2	2	2	2	10
35.8658447044381	NaN	-0.21037803296961	-0.191810156463087	-0.072818558067514	-0.38828370451009	2	2	2	2	10
49.3561840445486	NaN	0.306277925466797	0.412478712727073	0.454656933678787	0.257808732487326	2	2	2	2	10
61.6088599869763	NaN	0.640170025591483	0.625607531909789	0.453812257729466	1.00062536352573	2	2	2	2	10
73.191323908102	NaN	0.689383559403099	0.341432897244883	-0.0748708696641759	1.4091729533939	2	2	2	2	10
11.6094157698642	NaN	-0.829739466839612	-0.100525009031098	-0.141324891530911	-0.56956897667082	2	1	1	1	11
26.0398250442549	NaN	-0.475839052401701	-0.863952047455263	-0.673595136859662	-0.563360332883233	2	1	1	1	11
36.3161108351932	NaN	0.255831140469426	-0.996363338578267	-0.3233465985431	-0.0923318754438397	2	1	1	1	11
49.7909864849716	NaN	0.934997712357635	-0.396168778707182	0.598449811854617	0.608718834050623	2	1	1	1	11
58.1104338600473	NaN	1.16226307606668	0.476143504173553	1.27336992218501	1.19033308552605	2	1	1	1	11
71.6622294233453	NaN	0.803979255274169	0.951308113443446	1.10218061943869	1.36258867602529	2	1	1	1	11
11.1458941044584	NaN	-0.512083070711049	-0.794165489538047	-0.0213566492980627	-0.138279418751872	2	1	2	1	12
24.3905033532281	NaN	-0.677471541418806	-1.24784036742776	-0.527264442200046	0.569406869650966	2	1	2	1	12
37.7583544214282	NaN	-0.266065981175965	-1.27582965468968	-0.673984638142303	1.04615777690802	2	1	2	1	12
49.5727799500912	NaN	0.481162856091205	-0.865266382672449	-0.399361125863484	1.05033955706725	2	1	2	1	12
61.1787428192971	NaN	1.12654393801884	-0.204890789775734	0.18026539951559	0.579832740214193	2	1	2	1	12
70.2846606730134	NaN	1.29206106621123	0.401715543933009	0.819343665587475	-0.126893647328192	2	1	2	1	12
12.4266613970147	NaN	-0.0535793018819751	-0.430445338735088	-0.746329942067103	-0.592867252066835	1	1	1	2	13
23.4604471249224	NaN	0.565080292822666	-0.776311350524786	-0.958244483542146	-0.0472288972032006	1	1	1	2	13
35.9642826997027	NaN	0.99503244301951	-0.369806497462614	-0.552091627395346	0.403879015115608	1	1	1	2	13
48.8816784048874	NaN	1.06638203854321	0.482996556966239	0.218819263308129	0.625870158643788	1	1	1	2	13
61.0831818566593	NaN	0.750935366706886	1.13999058985631	0.873686579645165	0.552514321827332	1	1	1	2	13
72.2696877860133	NaN	0.173340826264663	1.10650029284225	1.00408275479453	0.205696938985191	1	1	1	2	13
13.6716829475527	NaN	-1.32190377383927	-0.995897445825891	0.044497564525884	-0.787139196579601	2	2	2	1	14
24.1307052574778	NaN	-1.20170386796552	-0.318559307878227	-0.560764838275097	-0.100222285886902	2	2	2	1	14
37.1460600226042	NaN	-0.46748542642592	0.497283774000084	-0.893395337803982	0.738385466524821	2	2	2	1	14
47.6491300169938	NaN	0.340405067980412	0.877569185782569	-0.813028604766442	1.10304817109077	2	2	2	1	14
58.674152288615	NaN	0.627402343610467	0.554711600813791	-0.353578254910587	0.721712445396922	2	2	2	1	14
73.2080368355241	NaN	0.182291372775151	-0.244112366552001	0.291074213394521	-0.121129568335046	2	2	2	1	14
11.0618371999601	NaN	-0.669831284901328	-0.716558370836859	-0.159431375068055	-0.723290283986453	1	1	2	1	15
23.9624685662365	NaN	-0.10976131412687	0.133245351734436	-0.635768381974582	-1.07630241193343	1	1	2	1	15
36.1640000619742	NaN	0.40698899351818	0.662965839998847	-0.231966474592905	-1.08723491981478	1	1	2	1	15
48.5411063088509	NaN	0.71452913436372	0.489902974239475	0.696231833206643	-0.7521437784409	1	1	2	1	15
58.7748956739825	NaN	0.714130596575588	-0.260912817399089	1.33109984585724	-0.191917008849387	1	1	2	1	15
71.5270097418528	NaN	0.405921321314973	-1.04704963033476	1.11332979718057	0.391337075291625	1	1	2	1	15
11.8147366712196	NaN	-0.612719575824133	-0.937545009616473	-0.737402089613697	-0.79435598843208	1	1	1	2	16
24.949872406549	NaN	-0.102584676319383	-1.16813738910216	-0.94225867391601	-0.447435123382451	1	1	1	2	16
34.7706587274635	NaN	0.740910854648456	-1.08175457070611	-0.591997810678023	0.0361500817622984	1	1	1	2	16
49.3560037710588	NaN	1.31610971637206	-0.706022923848623	0.117865811351364	0.532138442075306	1	1	1	2	16
57.8227615459209	NaN	1.21272805812675	-0.161106405572497	0.79108819325029	0.913081680176009	1	1	1	2	16
73.3168063678113	NaN	0.504507028690333	0.378723464430768	1.05187837956071	1.08109330645995	1	1	1	2	16
