age	diseaseAge	x1	x2	x3	x4	z1	z2	z3	z4	id
12.3023526376076	-35.8006582576957	-0.844590284522539	-1.45567467344253	-1.03244681288567	-0.371955900788117	1	1	1	1	1
24.1247034307188	-23.9783074645844	0.0409112714573621	-1.430117071476	-0.695800717954004	-0.517429030178586	1	1	1	1	1
33.835740942271	-14.2672699530323	0.593139857839991	-1.022850045668	-0.136064189927067	-0.0080104836510162	1	1	1	1	1
48.1030108953032	0	0.378913431976573	-0.40031605981179	0.445684364090989	0.812384429494043	1	1	1	1	1
59.3382261953344	11.2352153000311	-0.433723390129324	0.183066816779534	0.840458989602185	1.38989607413706	1	1	1	1	1
69.9689442961841	21.8659334008808	-1.20731777243865	0.488880845468716	0.906441797495824	1.33463857500726	1	1	1	1	1
11.2851590968676	-36.5802098906426	-0.829838347371829	-1.36500727910503	-0.441283709951608	-0.0265646616507477	1	1	2	1	2
25.9610142822822	-21.9043547052281	-0.307056950700784	-0.815597412768393	0.443287974408503	0.699528595445667	1	1	2	1	2
34.5250471231092	-13.340321864401	0.166540903123102	-0.0976493288957672	1.0211919150127	1.15093390657743	1	1	2	1	2
47.8653689875102	0	0.460561796309881	0.418324609585029	0.838730641309178	1.08371384682567	1	1	2	1	2
60.1515220674579	12.2861530799477	0.494054371384575	0.466045088820976	0.0391497907414129	0.534193837877678	1	1	2	1	2
71.1288488601165	23.2634798726063	0.257797278842927	0.0208849415851812	-0.749820344654531	-0.200667948489459	1	1	2	1	2
13.400047815318	-34.9066732086151	-0.161931642914775	-0.0932279942780802	-1.229677509116	0.0889378500529324	2	2	2	1	3
23.3691188823386	-24.9376021415945	0.625945073051681	-0.614091010772662	-0.909447310481001	-0.390951716032705	2	2	2	1	3
34.9578197917463	-13.3489012321868	1.18825531784038	-0.836957653254994	-0.438202298884286	-0.674398748680905	2	2	2	1	3
48.3067210239331	0	1.17554824732634	-0.676215236514792	0.0632739828489164	-0.679178558822929	2	2	2	1	3
60.4220908896842	12.1153698657511	0.595720741494658	-0.19361185246496	0.466449496267256	-0.403904579102388	2	2	2	1	3
71.7914169120999	23.4846958881668	-0.190890155758366	0.425463733936767	0.667987408740829	0.0715694090536667	2	2	2	1	3
11.3577365760355	-36.0267883445754	-0.385548362024766	0.209941589654638	-0.657196246846868	-0.761856646917115	1	2	2	2	4
23.8720769115616	-23.5124480090493	0.532361741510851	-0.487302145186621	-0.950131537510765	-0.270018184334377	1	2	2	2	4
36.5407555527376	-10.8437693678733	0.983531250596505	-0.57892005572528	-0.8692951522691	0.231332259247163	1	2	2	2	4
47.3845249206109	0	0.583926003316499	-9.64717898500056e-05	-0.445407901311907	0.609636200662306	1	2	2	2	4
60.5941762852533	13.2096513646424	-0.326311186717271	0.839676201878484	0.160437413651529	0.764869001873104	1	2	2	2	4
73.9106196291154	26.5260947085045	-0.972389094965844	1.34629547685253	0.717997210231038	0.655986668744462	1	2	2	2	4
12.1060637008219	-35.7498794291277	-0.874705253869564	-1.01123978895992	-0.741108585474516	-0.254391722972662	1	2	1	2	5
23.0013069922596	-24.85463613769	-1.20228674814705	-0.329334745864846	-0.78233459725532	0.542946359617738	1	2	1	2	5
36.787221555308	-11.0687215746416	-0.872217523174683	0.426955722168406	-0.144245940101741	1.30498844055039	1	2	1	2	5
47.8559431299496	0	-0.101568147741607	0.787933687376254	0.703475417381198	1.46033507865078	1	2	1	2	5
59.0263602397063	11.1704171097567	0.602842548628585	0.529412002897838	1.1368418340603	0.892503228664669	1	2	1	2	5
72.5026677536157	24.6467246236661	0.777757712665087	-0.188053163215121	0.836862540500596	0.0272683298775949	1	2	1	2	5
11.945714544605	-36.3585822580718	-1.18136639555651	-0.964806190259079	-0.600320786472321	-0.906723830328031	2	2	2	2	6
25.0801356767672	-23.2241611259097	-0.600376669619813	-1.32836522455258	0.206816079544656	-0.490419374394544	2	2	2	2	6
35.0685336802973	-13.2357631223795	0.174703256952396	-0.855640307263079	1.06201921994963	0.096560252511629	2	2	2	2	6
48.3042968026769	0	0.675834708735101	0.0571444268212647	1.20279737159183	0.644203993733822	2	2	2	2	6
59.6062532696271	11.3019564669503	0.600405151375247	0.644919635504322	0.503634027809637	0.956574485360992	2	2	2	2	6
70.7938090658431	22.4895122631662	-0.00603662860300186	0.415029410471143	-0.412103197362301	0.921911022237575	2	2	2	2	6
8.86472627860406	-38.8774329315395	-0.886128167811657	-0.388153544927808	0.284168643830258	-1.37057483711486	2	1	1	2	7
23.7075837116719	-24.0345754984716	-0.795164706316722	0.378544990643629	0.778077620093682	-0.977396002901476	2	1	1	2	7
37.0691127417827	-10.6730464683608	-0.320809959568041	0.789464809234724	1.17963398450718	-0.290825829910761	2	1	1	2	7
47.7421592101436	0	0.332600318257827	0.591719519203265	1.38921240164807	0.342953001494605	2	1	1	2	7
61.3913244036852	13.6491651935416	0.883599391934974	-0.0929953792634947	1.35481688301917	0.604376281792802	2	1	1	2	7
73.3365431580335	25.5943839478899	1.09483576020382	-0.843295781182223	1.08498088838882	0.361629062646339	2	1	1	2	7
14.0421111880273	-35.3948717493914	-1.34406419212119	-0.72006153865759	-0.231168008480004	-1.24248545014443	2	1	1	1	8
24.5370487023091	-24.8999342351096	-0.591586259762396	0.0431338823474373	-0.647267722316878	-0.918507960534601	2	1	1	1	8
35.9349201819781	-13.5020627554406	0.259898947869882	0.894595683251042	-0.645887115267648	-0.454702312947256	2	1	1	1	8
49.4369829374187	0	0.511077169581717	1.12554729262169	-0.227636901149845	0.035271133759355	2	1	1	1	8
59.6687679288765	10.2317849914578	-0.0443411589903773	0.543739228823685	0.422469244284728	0.431339331588991	2	1	1	1	8
71.1488708583211	21.7118879209024	-0.950197839656425	-0.366517968019699	1.01685578960596	0.636441682569574	2	1	1	1	8
13.3210772748926	NaN	-0.784991287777937	-1.44678086713652	-1.09155505610655	-1.1322245996392	1	1	2	1	9
24.0211528180966	NaN	0.0542442926783324	-1.10083801219128	-1.00792780138481	-1.00171604078826	1	1	2	1	9
35.571292080772	NaN	0.566595008216053	-0.534168049156863	-0.18804344484655	-0.46883141292294	1	1	2	1	9
46.9030946868499	NaN	0.39037526240912	0.0474353827700796	0.647796634620725	0.216239118115065	1	1	2	1	9
61.6459741508986	NaN	-0.350015501292203	0.432755359042154	0.765273313876612	0.731853867032143	1	1	2	1	9
71.8567942624005	NaN	-1.13191054926846	0.481857869838929	0.0611786058674036	0.835930903150814	1	1	2	1	9
13.0520454749425	NaN	-0.0134940769200399	-1.05351852058566	-0.941024415472369	-0.514026994768204	1	1	1	1	10
24.7415643962842	NaN	-0.51752293326293	-0.676007911464277	-0.346757935126428	-0.542344914169526	1	1	1	1	10
36.3822553249463	NaN	-0.439392919760915	0.145595578805104	0.579703391715563	0.176538601967231	1	1	1	1	10
48.9719469142711	NaN	0.173273922167396	0.824803140686632	1.0367147349095	1.04875834477248	1	1	1	1	10
60.0238899485593	NaN	0.947043051628613	0.876773072418504	0.628835108443111	1.35377900064657	1	1	1	1	10
69.8654304787896	NaN	1.41028437565349	0.264407450544854	-0.291007001189255	0.839624899756864	1	1	1	1	10
12.3248650499604	NaN	-1.42264837236712	-0.719618735604151	-0.567384143378927	-0.920999529023726	1	2	2	2	11
24.4540619569572	NaN	-1.32878589454397	-0.167941462336923	-0.565439448908205	-0.898092772716208	1	2	2	2	11
36.7126444294689	NaN	-0.723806091991377	0.402354084852918	-0.0290451171994311	-0.494237251606898	1	2	2	2	11
46.7251834245804	NaN	0.0367664123368082	0.794254869257713	0.731507688442115	0.126142705337711	1	2	2	2	11
59.2038381143998	NaN	0.505970824560479	0.872375713833457	1.27625754249985	0.710467765180207	1	2	2	2	11
72.1816248549837	NaN	0.40807277959792	0.609729164626015	1.29007981383257	1.02083786009682	1	2	2	2	11
11.9446526851081	NaN	-0.783862575770791	-0.890391375971457	-0.222524083114666	-0.499527175198898	2	1	1	2	12
23.3192601166098	NaN	-0.865701275433236	-0.326295145318183	-0.903847995200024	-0.370108484233558	2	1	1	2	12
37.538718961611	NaN	-0.651690320905949	0.193110146801449	-1.20060635721036	0.0957317143299387	2	1	1	2	12
49.5815822165125	NaN	-0.205651774778355	0.498686381242775	-0.950385377310646	0.716761078803559	2	1	1	2	12
60.5900891738284	NaN	0.33939734019419	0.490926313214742	-0.290129261106027	1.2513718511457	2	1	1	2	12
72.5647390036113	NaN	0.82091320093064	0.17235691602819	0.418808401605346	1.49157690945921	2	1	1	2	12
13.855587035159	NaN	-0.513789360223747	-1.29802866045489	-0.834395039788779	-0.992986160097855	1	2	1	1	13
23.2381606081032	NaN	-0.586888148272715	-1.07426705328593	-0.191358146778372	-0.712787983141861	1	2	1	1	13
34.3216491347342	NaN	-0.149597439597891	-0.314033694341091	0.418931846316949	-0.228664010006895	1	2	1	1	13
48.593315026767	NaN	0.566380712818553	0.448193773370799	0.725398516197656	0.315336454597436	1	2	1	1	13
58.7577162232863	NaN	1.18167943811855	0.676535760265996	0.591916595086655	0.75734807650783	1	2	1	1	13
72.3856672350097	NaN	1.37027768206714	0.210457760038322	0.0777756046200466	0.965851925981045	1	2	1	1	13
12.9302783544947	NaN	-1.03720056798692	-0.749273885963185	-0.293567260745238	-0.188383694447712	1	2	1	2	14
24.8263072927512	NaN	-1.13917711946966	-0.928596596653568	0.247199911078296	-0.826673145129804	1	2	1	2	14
35.9489703523049	NaN	-0.490247445746321	-0.813478722491252	0.661593842048477	-1.05107834886627	1	2	1	2	14
48.5866857993734	NaN	0.391035919435508	-0.437879739411753	0.825367077653068	-0.74154606937401	1	2	1	2	14
59.1655875276027	NaN	0.800449174222886	0.0873996214203839	0.689415598454663	-0.0636711826558615	1	2	1	2	14
73.0581618624809	NaN	0.410834709376398	0.607403303498675	0.294501645319163	0.619893963702107	1	2	1	2	14
12.5422630173849	NaN	-0.55161019307757	-0.750287162939103	0.364905658831957	-0.742336971023967	1	1	2	2	15
22.5181285193656	NaN	-1.03971659145253	-0.403016208667449	1.19540030471772	-0.567938075328418	1	1	2	2	15
35.0788407810473	NaN	-1.2596780620566	0.0657387070279769	1.31438086805161	-0.182181708560297	1	1	2	2	15
47.5707088053105	NaN	-1.13552617830294	0.544021023838155	0.618340342813249	0.315640938247487	1	1	2	2	15
59.0962552025901	NaN	-0.710139464510624	0.917598674527574	-0.287201606124846	0.797393539209192	1	1	2	2	15
73.3810112831249	NaN	-0.130434374952323	1.09724706138196	-0.614469788142501	1.13907609418628	1	1	2	2	15
12.5113079028489	NaN	-1.21578865987254	-1.36520832947788	-0.988569290582035	-0.825366417962969	2	2	1	2	16
25.1529422082824	NaN	-1.08738641386192	-1.20675518794693	-0.233897328633297	-0.882477567638461	2	2	1	2	16
35.374226521093	NaN	-0.39163986133458	-0.822263040869581	0.597061289830535	-0.620845635924173	2	2	1	2	16
49.101416030698	NaN	0.399220782978099	-0.315148873512568	0.847182419561214	-0.125366013046005	2	2	1	2	16
61.6121744356661	NaN	0.748407675097968	0.178188641816339	0.3186696481614	0.443186063594372	2	2	1	2	16
73.41845518803	NaN	0.41891410554418	0.525056343651771	-0.57052780831658	0.900324510460184	2	2	1	2	16
