age	diseaseAge	x1	x2	x3	x4	z1	z2	z3	z4	id
12.2982353480621	-36.8039903521929	-0.749408358702388	-0.720463793499153	-0.49302563116568	-0.686790540395445	1	2	1	2	1
24.6987903501826	-24.4034353500724	-0.647738399132607	-0.102915180125936	0.091524790210497	-1.1015660447142	1	2	1	2	1
37.057823945258	-12.044401754997	-0.162887081184383	0.770147180473082	0.799853593424872	-0.632409077625284	1	2	1	2	1
49.102225700255	0	0.494503695646541	1.22384571435941	1.27148786110415	0.305754560083716	1	2	1	2	1
59.8424955347371	10.7402698344821	1.03883288869695	0.907471262981568	1.26640999177278	0.88320619011715	1	2	1	2	1
72.2457782047373	23.1435525044823	1.23361865099501	0.0655814110411818	0.787204144600362	0.589243431789037	1	2	1	2	1
11.7273169645042	-36.9709345546575	-1.11211849384285	-0.533487798345557	-0.963287742198961	-0.921320526296137	2	2	2	2	2
25.4812781183832	-23.2169734007785	-0.99826457300634	-0.630983542486788	-0.78395460597772	-1.27918550707072	2	2	2	2	2
35.8070814977372	-12.8911700214246	-0.321946894198551	-0.415315166888853	-0.215206504169302	-0.754657681711746	2	2	2	2	2
48.6982515191618	0	0.467916034489914	0.0455678367477854	0.471747499098797	0.187077442201629	2	2	2	2	2
60.5719882748622	11.8737367557005	0.847037921788422	0.606457503909706	0.949331537230129	0.710827696698263	2	2	2	2	2
72.0041389667995	23.3058874476378	0.563769524503215	1.09063730080734	0.989808375389123	0.352097174786031	2	2	2	2	2
12.016990750775	-34.470126901411	-1.17577495232738	-1.09223655723674	-1.16190611663748	-0.269395134351692	1	2	2	1	3
24.2719768480106	-22.2151408041754	-0.540120957800583	-0.595819886124931	-1.38054316277533	-0.838722649836343	1	2	2	1	3
35.5474862229975	-10.9396314291886	0.27628546426102	0.0597053471812628	-1.11127065458302	-0.698618988013987	1	2	2	1	3
46.487117652186	0	0.715379767393225	0.592099118223775	-0.485567557740062	0.0474865093566283	1	2	2	1	3
59.9119780867391	13.424860434553	0.477013696375667	0.772136336455745	0.191051106752485	0.848793103223651	1	2	2	1	3
71.433348948688	24.9462312965019	-0.275874719741178	0.52230097915922	0.588209532006093	1.11374870656387	1	2	2	1	3
12.2617384020105	-24.6235745941517	-0.384422884024356	-1.11177972827578	-0.219430078745964	-1.06100526666949	1	1	1	1	4
24.7923729362779	-12.0929400598843	0.179606313063912	-0.758730149924577	0.609608602286917	-0.939522546168313	1	1	1	1	4
36.8853129961622	0	0.765840695556152	-0.0699298483393445	0.748440116272169	-0.520865419760081	1	1	1	1	4
50.2993379604865	13.4140249643243	1.16008307535912	0.591913282971087	0.0783601758943275	0.0527532621902563	1	1	1	1	4
60.8384831913136	23.9531701951514	1.21828593205618	0.878286434940837	-0.827696735286991	0.586482050520467	1	1	1	1	4
70.9985991938644	34.1132861977022	0.919183218114432	0.638391469895779	-1.19503014169782	0.899019618864847	1	1	1	1	4
10.8962880854655	-35.2172955099775	-0.944039303950549	-0.894974352686626	-1.00052244929972	-0.979366638002634	2	1	2	1	5
23.2093865594904	-22.9041970359526	-0.504061654068194	-0.527631681269835	-0.416980480727773	-1.16071656028718	2	1	2	1	5
36.4716335769201	-9.64195001852288	0.126281290245559	-0.0473013852286268	0.167812402808381	-0.663765754875541	2	1	2	1	5
46.113583595443	0	0.689950270286322	0.428969643503189	0.533542338453258	0.166835532059351	2	1	2	1	5
59.9990079895144	13.8854243940714	0.957094126314266	0.785123675295346	0.542424860711	0.755040466713621	2	1	2	1	5
72.3463568463734	26.2327732509304	0.818777778877344	0.93437309168084	0.191113583458249	0.692911335090002	2	1	2	1	5
12.1529282201281	-34.7778143552906	-0.53048401970642	0.18699097792943	-0.525166400437426	-0.29909982427974	1	1	2	1	6
24.6079365953517	-22.3228059800671	0.300572031475768	0.687682547003998	0.0930135859405899	-0.600243714818269	1	1	2	1	6
36.5226817098506	-10.4080608655681	1.05241578413635	1.11555261038809	1.02556531580616	-0.0610092124805761	1	1	2	1	6
46.9307425754187	0	1.13256632317656	1.36315732657514	1.44859386402314	0.860565572299144	1	1	2	1	6
61.9349215145421	15.0041789391234	0.477862034832694	1.36831987096594	0.988360098593006	1.38167395483298	1	1	2	1	6
71.7050862178469	24.7743436424282	-0.395765686234615	1.12974386026854	0.0514733813029558	1.05967456511873	1	1	2	1	6
11.9143881913255	-37.0705426904345	-0.317076070993061	-0.709541217676461	-0.556782782596357	-0.730208361647433	1	2	1	1	7
22.4043960444617	-26.5805348372984	-0.685030092757486	-0.890946600449941	-0.152382613648108	-0.254029384105477	1	2	1	1	7
34.6025330242809	-14.3823978574791	-0.515504610245976	-0.575048340977204	0.395469912648763	0.550256290085106	1	2	1	1	7
48.9849308817601	0	0.0994133174524093	0.0802378135595829	0.915925445395439	1.15619206211124	1	2	1	1	7
58.6213825228537	9.63645164109369	0.82569730855735	0.747338033268093	1.24667846317267	1.16715407570309	1	2	1	1	7
71.0280088976673	22.0430780159072	1.26882639894313	1.09277270412169	1.284582707302	0.575966989340964	1	2	1	1	7
12.1590193450191	-35.4239275476308	-0.634763709260903	-1.10085021726859	-0.478879561330026	-0.450517720969478	1	2	2	1	8
23.0563420155883	-24.5266048770616	-1.20389803525684	-0.515800472808483	0.14091681602216	-0.805070882930805	1	2	2	1	8
35.450575512191	-12.132371380459	-1.01142638355745	0.352765972387578	0.598389260353591	-0.297215446801265	1	2	2	1	8
47.5829468926499	0	-0.208243228450825	0.846658300162783	0.715531773916804	0.633161270447147	1	2	2	1	8
58.7377084240521	11.1547615314022	0.575969610029831	0.591609927807555	0.446763316227624	1.18019821307253	1	2	2	1	8
73.0301981470374	25.4472512543875	0.726402714769262	-0.219106082152465	-0.103336267377191	0.870070359509753	1	2	2	1	8
12.0749043961941	NaN	-0.995821700931119	-1.30446924768426	-0.38077357458945	-0.408257285348726	1	2	2	2	9
22.2385326934217	NaN	-0.55390261583376	-1.17465834650312	-0.944029543398053	0.282339329279544	1	2	2	2	9
35.9829502397286	NaN	0.0682762530777967	-0.454830902055755	-1.30768458681818	0.957033087132323	1	2	2	2	9
49.750713741473	NaN	0.624201825523925	0.344056506561611	-1.34468504672378	1.25212652548083	1	2	2	2	9
60.1420974784889	NaN	0.893611196225227	0.654928005069759	-1.04210371677354	1.00854786761733	1	2	2	2	9
71.3302573420739	NaN	0.769761855678033	0.257117045337582	-0.505656344752119	0.357599558256548	1	2	2	2	9
12.9085890160993	NaN	-0.171579649086548	-0.258617121707194	-0.484230055529344	-1.22535606752437	1	2	2	1	10
23.1456808857419	NaN	0.351424522156628	-0.685073292906062	-0.749014079739736	-0.856568957725132	1	2	2	1	10
36.3012219446552	NaN	0.741344017151493	-0.82949644591358	-0.733934064151012	-0.298758526367471	1	2	2	1	10
47.5796049262253	NaN	0.88655034172995	-0.644240463571591	-0.44333892935688	0.258566065977767	1	2	2	1	10
59.7540579780075	NaN	0.745472957448953	-0.190422473259638	0.0389666920345387	0.626060716505315	1	2	2	1	10
71.7349088530627	NaN	0.35850034493235	0.382240082322796	0.57389084504549	0.678873685590575	1	2	2	1	10
11.3930713739453	NaN	-0.571009704957505	-0.395646390592364	-0.995610013655234	-0.771289014190023	1	1	1	1	11
22.708824863613	NaN	-0.965729004363704	-0.624379317707715	-0.463545366557831	-0.940568488836598	1	1	1	1	11
33.3469577073909	NaN	-0.536941897259502	-0.520387484596447	0.284966015545224	-0.840336068463005	1	1	1	1	11
48.4205469450678	NaN	0.3621643391032	-0.118493001320811	0.830485885781263	-0.497669717167611	1	1	1	1	11
60.5367664480641	NaN	0.991005675214453	0.446728045600341	0.867324974117909	-0.00514135053930913	1	1	1	1	11
72.3569800188339	NaN	0.831612340890364	0.986008971307921	0.374840010462333	0.504191629642327	1	1	1	1	11
13.5251822154751	NaN	0.0347298285074019	0.00498998066523394	-0.067287269629983	-0.203967064256197	2	1	2	1	12
25.3453460331096	NaN	0.754246208932022	-0.701419504295728	-0.558052702948236	0.506714470711484	2	1	2	1	12
36.4761267267752	NaN	1.31167430413504	-0.915256680258112	-0.512557014048417	0.846009292497006	2	1	2	1	12
47.8005841130045	NaN	1.41768199380849	-0.500909082815741	0.0434535736248021	0.62219890536216	2	1	2	1	12
59.3838721902597	NaN	1.0172461639649	0.27884999542195	0.795330064221298	-0.0382526600123794	2	1	2	1	12
72.2893719431042	NaN	0.31821236220577	0.929508551259107	1.31758203001464	-0.762157330919762	2	1	2	1	12
12.8469193815915	NaN	-0.617370134451809	-0.157877377391327	-1.29752382602503	-0.789014188617623	1	2	2	1	13
25.2207054619569	NaN	0.0968625049660681	0.599556088142375	-0.948287908249599	-0.116311958667739	1	2	2	1	13
35.0485294344183	NaN	0.600570441904468	1.04352118952955	-0.274771983806784	0.710812727542701	1	2	2	1	13
47.8803572886749	NaN	0.635930000488911	0.912147988738908	0.381615776884563	1.09788030196088	1	2	2	1	13
60.8090716408525	NaN	0.184842336720728	0.282926116920576	0.688149544589814	0.766693573421334	1	2	2	1	13
72.6049120615534	NaN	-0.521802640614373	-0.473001982372673	0.489446010606319	-0.0447135236409114	1	2	2	1	13
10.4285475931472	NaN	-0.334575879405857	-0.807845955160702	-0.920321832989381	-0.0418619398126414	2	2	2	1	14
25.4024073851217	NaN	-1.02535316860052	-1.07637917935287	-0.814688338163976	-0.778326316042435	2	2	2	1	14
34.5743523642761	NaN	-1.20609728532583	-0.712053807655346	-0.29443324334386	-0.935613379776169	2	2	2	1	14
47.6878925302497	NaN	-0.76199217237135	0.054066550771238	0.393908250238536	-0.401529130696902	2	2	2	1	14
60.4606503438104	NaN	0.0248484341133423	0.736090577832085	0.924149219424593	0.442960272961837	2	2	2	1	14
71.7526956987443	NaN	0.654591191132354	0.901462801223201	1.04502241985381	0.995474430850428	2	2	2	1	14
13.3475768514856	NaN	-0.829023756992627	-0.53451078187872	-1.06557139537917	-1.06965220534973	2	2	1	2	15
24.330832096289	NaN	-1.18693872520221	-0.659497770568851	-1.17841005009871	-0.597070977807701	2	2	1	2	15
37.0172690384264	NaN	-1.32974082267018	-0.097429405237391	-1.02559329827822	0.128327507927863	2	2	1	2	15
48.9282083695931	NaN	-1.2215673679172	0.748823761945794	-0.647750453032707	0.719337581795884	2	2	1	2	15
58.365959573463	NaN	-0.889584559627396	1.27269765129347	-0.145338402006182	0.860487877140749	2	2	1	2	15
71.4186275805357	NaN	-0.417165078744665	1.09869814841189	0.348066814931738	0.47643470940416	2	2	1	2	15
12.3088260970591	NaN	-0.604065841637718	-1.17176501217463	-1.227192425867	-0.910820467253387	1	1	1	1	16
24.5502949794957	NaN	-0.673596922066389	-0.813186154891912	-1.33130987020112	-0.755974169872636	1	1	1	1	16
37.4775397486025	NaN	-0.319608255383148	-0.230781873926106	-0.697989645166821	-0.134619302528672	1	1	1	1	16
48.0030350735323	NaN	0.303907824048443	0.355753509148673	0.177361300988322	0.603858213394958	1	1	1	1	16
60.6954569887653	NaN	0.925709026229299	0.725167339990431	0.610010468434772	1.04421475322865	1	1	1	1	16
73.072239067455	NaN	1.27529906795615	0.738109473692457	0.261523372951079	0.938839195706494	1	1	1	1	16
