age	diseaseAge	x1	x2	x3	x4	z1	z2	z3	z4	id
11.1107154321163	-36.7661784104157	-1.38228006729664	-0.830560733324672	-0.112056480751687	-0.86694780361671	2	2	1	2	1
22.8313025233648	-25.0455913191672	-1.10587732747851	-1.01634778562154	-0.430373336219928	-0.550675781357452	2	2	1	2	1
35.4209527380575	-12.4559411044745	-0.520567342599405	-0.475776678707306	-0.504085114951807	0.0597717111482725	2	2	1	2	1
47.876893842532	0	0.122001756252037	0.387910096479882	-0.313580881267483	0.696717993632521	2	2	1	2	1
60.9859680526951	13.1090742101631	0.545563858811745	0.930439839897135	0.0904559281042938	1.08086686372324	2	2	1	2	1
70.9883518461534	23.1114580036214	0.568012706408704	0.747109003120598	0.600531775262345	1.04377190213466	2	2	1	2	1
10.7219443389714	-38.4662023649808	-0.461690560526782	-0.823732909489267	-0.492479589498498	0.211626776481959	2	2	2	1	2
22.3749965945925	-26.8131501093597	-0.132163798254043	-0.621175324853096	0.271988303704836	-0.467308001695224	2	2	2	1	2
35.4364946612805	-13.7516520426718	0.421082715457556	0.0117204907435807	0.995544159080647	-0.779681038636698	2	2	2	1	2
49.1881467039523	0	1.00173573061685	0.731310000406052	1.19571988465527	-0.558426965425218	2	2	2	1	2
60.7147749809843	11.526628277032	1.40375711106216	1.14687644205695	0.739038016788705	0.0781216828156923	2	2	2	1	2
72.970558298346	23.7824115943937	1.4844941300159	1.03277898529281	-0.069985313813268	0.789521839061441	2	2	2	1	2
12.2859182975512	-34.4031091293977	-1.22869406161082	-0.375194715014459	-0.760801489478208	-0.66721638848749	2	2	2	2	3
25.3556077700894	-21.3334196568595	-0.965355254187486	-0.448855409696461	-0.187167626444568	-1.37534521921877	2	2	2	2	3
36.2291001137758	-10.4599273131731	-0.188070027670598	0.176254480167582	0.340354072231855	-1.26373696533327	2	2	2	2	3
46.6890274269489	0	0.55608868850854	1.03313153582155	0.643798818736188	-0.430463837198155	2	2	2	2	3
58.7548924104182	12.0658649834693	0.743363237657722	1.48162508786695	0.620796454531494	0.392261854082707	2	2	2	2	3
71.004964150093	24.3159367231441	0.241945072906615	1.18667721210291	0.279107060151331	0.481496022738184	2	2	2	2	3
11.1990248767197	-25.981995744443	-0.741470175260063	-1.0140386675477	-0.120994951168972	0.161330834273072	2	1	1	2	4
23.3759471442355	-13.8050734769273	-0.756719199941775	-0.427533015804511	-0.715933034851517	0.995205585932031	2	1	1	2	4
37.1810206211628	0	-0.335520651710085	0.490400438804042	-0.71866977911105	1.44464589577618	2	1	1	2	4
46.5863867555957	9.40536613443291	0.328228262984111	0.961753774678518	-0.12743211473714	1.19104858523807	2	1	1	2	4
59.3191753735181	22.1381547523554	0.928973166319872	0.587024579806874	0.674731635396515	0.414185934293247	2	1	1	2	4
72.5639134204844	35.3828927993216	1.19016334596581	-0.316179937356935	1.16811933173804	-0.335232865025251	2	1	1	2	4
12.7299014017755	-35.4284322487724	-0.950105367541061	-0.500000488387859	-1.42222801716037	-1.0988266657688	2	1	1	2	5
23.8282737666374	-24.3300598839105	-0.805036378852126	0.203895263141701	-1.0031163985593	-0.854321750076865	2	1	1	2	5
35.2161180053746	-12.9422156451733	-0.213714042070937	0.807627526925977	-0.0954769524936589	-0.425094144899424	2	1	1	2	5
48.1583336505479	0	0.50974431849989	1.00355354673792	0.537362545435594	0.0793975424149191	2	1	1	2	5
58.6154065406189	10.457072890071	0.98102918107925	0.691835655506825	0.363181984742183	0.530501387231564	2	1	1	2	5
73.0564896236287	24.8981559730809	0.949788528147237	0.0313153745098761	-0.471532207035559	0.813180057310845	2	1	1	2	5
14.2574358444522	-34.0369613992411	-0.472241327957007	-0.550473803087485	-0.657356949237596	-1.45823072691937	2	1	1	1	6
23.140111309371	-25.1542859343222	-0.403077436763099	0.130287772646832	-1.04815776651193	-1.14769893971803	2	1	1	1	6
33.8667138479166	-14.4276833957767	0.08213086031492	0.601178958226087	-0.958694182119591	-0.60972931422909	2	1	1	1	6
48.2943972436933	0	0.759346284006689	0.641123177295993	-0.433106316429237	-0.0306681468318155	2	1	1	1	6
59.3516909882601	11.0572937445669	1.31587529234783	0.231367198818135	0.269287898984455	0.388904643443128	2	1	1	1	6
70.970711218462	22.6763139747687	1.49474939239493	-0.435714493172175	0.801936675198707	0.503654019402545	2	1	1	1	6
11.8521555660294	-25.5251112027466	-0.175065532008529	-0.446476142496391	0.0615022531011942	-1.33793610910324	2	1	2	1	7
23.066140856432	-14.311125912344	0.443584521155381	-0.70825192591119	0.620595864973156	-0.735685060392239	2	1	2	1	7
37.3772667687761	0	0.97800953634548	-0.311051693520636	1.00010132702046	0.0383991144357586	2	1	2	1	7
47.0647495015927	9.6874827328166	1.22176577001933	0.482285785548073	1.07237203312112	0.514498364286319	2	1	2	1	7
56.9088534196054	19.5315866508293	1.0806923053764	1.14678638112911	0.81309974194964	0.403651838432826	2	1	2	1	7
70.1318507487382	32.7545839799621	0.609284597022293	1.24273101859949	0.309490650357507	-0.22686393113949	2	1	2	1	7
10.9778433743953	-37.9805162447605	-0.46590307852892	-0.704826997612481	-0.119277349741271	-0.6778127193428	2	2	1	2	8
23.5494400826312	-25.4089195365246	-0.539528332529861	-1.0529327240437	0.374782871273175	-0.594258602085813	2	2	1	2	8
36.2938677799908	-12.664491839165	-0.257815013228297	-0.634163408853326	0.773323753166366	-0.0173220864682256	2	2	1	2	8
48.9583596191558	0	0.277443021092427	0.230013591295587	0.977090769990128	0.72941254426925	2	2	1	2	8
60.1546249788964	11.1962653597406	0.872836454089905	0.87621467629232	0.935336810023717	1.22712695618991	2	2	1	2	8
72.175342424249	23.2169828050932	1.31322673678946	0.808384984590324	0.658460479009256	1.19666987895421	2	2	1	2	8
11.3256119655885	NaN	-0.983674791891367	-1.14627008594823	-0.764833606363168	-0.227083363673845	1	1	1	2	9
25.1813079324066	NaN	-0.938504561098522	-0.683413111164367	-0.157046039735074	-0.630025465794492	1	1	1	2	9
36.5393381563182	NaN	-0.577298472023487	-0.0778191068563432	0.395821849477654	-0.195831633875782	1	1	1	2	9
49.724559797389	NaN	-0.0226485829581133	0.446697867005611	0.683637995628942	0.71195182555837	1	1	1	2	9
59.9690188959269	NaN	0.537198912059199	0.696288015660919	0.597010259118887	1.33324657988307	1	1	1	2	9
72.6377529479297	NaN	0.912233770068641	0.578708377485567	0.168863802667688	1.14784852532441	1	1	1	2	9
11.0538521885786	NaN	-1.25736312863648	-0.795320903786537	-0.724219350040797	-1.337736438311	1	2	2	2	10
24.6617834832013	NaN	-1.31559391635034	-1.30746388807204	-0.200627855797765	-1.16949299533505	1	2	2	2	10
36.004030140729	NaN	-0.728881124493912	-1.19785947848509	0.568744143074644	-0.652633178865473	1	2	2	2	10
48.4721149746365	NaN	0.0988288570995402	-0.53735323605861	1.12799522477772	-0.00438615277076987	1	2	2	2	10
58.9461899902376	NaN	0.597665278150804	0.247120051758793	1.14573386003228	0.502798658614521	1	2	2	2	10
71.2323834426277	NaN	0.424183826216264	0.648496386354374	0.611448788946925	0.655758364708997	1	2	2	2	10
12.0385164983535	NaN	-0.827222068093796	0.185504520743885	-0.546968155821635	-0.911403051953915	2	2	1	1	11
23.2048656400857	NaN	-0.232132076080588	-0.464754812227176	-0.0926591946831569	-0.924053664891144	2	2	1	1	11
34.9299185854856	NaN	0.430509635511972	-0.683163131376183	0.406266514989694	-0.674531656378091	2	2	1	1	11
48.4227963703545	NaN	0.858269203217396	-0.348494631558017	0.824937764424274	-0.230158378227319	2	2	1	1	11
60.6476320568492	NaN	0.855914457927298	0.35349559096889	1.05856944437149	0.289173700064139	2	2	1	1	11
71.4276939626572	NaN	0.424520120268385	1.03317343132519	1.04868817950314	0.743348130417999	2	2	1	1	11
11.5025588972808	NaN	0.0288040984855713	-0.475845093661287	-1.06118909643165	-0.6036706919639	1	1	1	1	12
24.2481065620275	NaN	0.724854535403754	-0.611942874653446	-0.507760539873937	-0.410465935314017	1	1	1	1	12
35.0226244629523	NaN	1.13525407389242	-0.144258555953487	0.0931101448656785	0.151771851924751	1	1	1	1	12
47.8177598466349	NaN	1.05043646129572	0.637118624551369	0.517040733840833	0.82537302106521	1	1	1	1	12
59.8724141891432	NaN	0.513712928655887	1.24752603924684	0.605723473371785	1.30163086375871	1	1	1	1	12
70.6540104777051	NaN	-0.200844238610413	1.30834799662988	0.326041703207029	1.36227973903147	1	1	1	1	12
11.7730839005821	NaN	-0.0351285444305611	-0.0308439194470111	-0.618328723181628	-0.907304748016454	2	1	2	2	13
23.7292071051596	NaN	-0.665525546549271	0.577764770486794	-0.188504931293717	-1.0563696411605	2	1	2	2	13
34.1156932150785	NaN	-0.721968701290826	1.01707174537639	0.724961524258555	-0.490757374192269	2	1	2	2	13
48.2799443903589	NaN	-0.167847018058824	1.12062121811312	1.34720460831493	0.369960907629588	2	1	2	2	13
60.0292587249202	NaN	0.63741693318301	0.849177733823065	1.15039428560921	0.887304435164777	2	1	2	2	13
70.9873060049691	NaN	1.1715009845557	0.305592695774688	0.301478815167919	0.677507811132256	2	1	2	2	13
12.7967274929644	NaN	-0.512170733361475	-0.0966044877161122	-1.38874697050636	-0.724158006021478	1	1	1	1	14
23.1926038252835	NaN	0.272258949327841	0.671739170893859	-1.22840592129743	-0.496442172800494	1	1	1	1	14
36.1506168301351	NaN	0.812871870288569	1.03841666724914	-0.500509186288445	0.348220233418013	1	1	1	1	14
46.7388707182124	NaN	0.777006382579239	0.770040961746796	0.285759237533716	1.11382135239437	1	1	1	1	14
60.4860760899058	NaN	0.18673201459466	0.0374308584616017	0.580382734499817	1.16950038969424	1	1	1	1	14
71.7467351748432	NaN	-0.59473082995722	-0.693113679045923	0.177263979843598	0.469377420597414	1	1	1	1	14
11.8600702674252	NaN	-0.798161645631058	-0.960405886111453	-1.15912671004629	-0.162765463244304	1	1	1	1	15
23.958752834941	NaN	-1.31767925735765	-0.598351039334596	-0.864472679410386	0.636250947050883	1	1	1	1	15
35.7372609791663	NaN	-0.980368392394293	0.283918324155037	0.0152087094351271	0.933147595781584	1	1	1	1	15
47.9687393945625	NaN	-0.0770365251624175	0.965108077882726	0.738459930739365	0.514948501840677	1	1	1	1	15
58.3457616101069	NaN	0.613522400352121	0.888315547097124	0.695673838273704	-0.318355200783117	1	1	1	1	15
73.1903199158674	NaN	0.495953422518094	0.116322013462259	-0.0770864311734663	-0.969001043617214	1	1	1	1	15
12.1379295481581	NaN	-1.22279342961323	-0.892173603029276	-0.670852972459031	0.174465383332436	1	1	2	2	16
24.0128531765808	NaN	-0.640799137130353	-0.435974992232978	-0.762926456603642	-0.469791796780879	1	1	2	2	16
34.8517998189506	NaN	0.0281825092937327	0.308962402123725	-0.608845985814128	-0.315829073750409	1	1	2	2	16
46.3353991292747	NaN	0.477504318986584	0.920069078491785	-0.246618078486718	0.507467416609974	1	1	2	2	16
58.9244913404232	NaN	0.501206574836883	1.05069168642536	0.234407709572295	1.31089511160806	1	1	2	2	16
71.9697424965027	NaN	0.0884246586477844	0.62673389146242	0.715578343560721	1.42188412565113	1	1	2	2	16
