age	diseaseAge	x1	x2	x3	x4	z1	z2	z3	z4	id
12.3527047820417	-35.306303619921	-0.817914455332177	-0.793604872395317	-1.44052881114183	-0.839976845122367	1	1	1	2	1
21.4709103122839	-26.1880980896789	-0.771362055401385	-0.199508315129674	-1.22759435905532	-0.960620789349518	1	1	1	2	1
34.9843854452283	-12.6746229567344	0.0203238992265709	0.312614585489538	-0.718034376446382	-0.478813544903882	1	1	1	2	1
47.6590084019627	0	0.871858067295838	0.561144139341737	-0.104103211660129	0.305728015406058	1	1	1	2	1
58.8883293935586	11.2293209915959	1.04615034439677	0.45794161937163	0.382566079249014	0.904965685938675	1	1	1	2	1
71.9866610890992	24.3276526871365	0.392332899802858	0.0396068528354677	0.55835568762921	0.946132882647016	1	1	1	2	1
12.9919640497627	-34.0785112640324	-0.432744992994358	-0.439809106954105	0.0110920989641318	-1.00990235016477	2	1	1	2	2
24.2779878312494	-22.7924874825458	0.462799802856682	0.0811626119934406	0.848795041736215	-1.20172118692545	2	1	1	2	2
36.3413886943666	-10.7290866194286	0.946941628563752	0.666466387519567	1.07445688423924	-0.907299533011893	2	1	1	2	2
47.0704753137951	0	0.629478958168779	1.11303185754206	0.504218093329548	-0.270239034782388	2	1	1	2	2
60.661117178402	13.5906418646069	-0.233724302659832	1.26592372951243	-0.397315366979903	0.398739492362564	2	1	1	2	2
72.1252391871917	25.0547638733966	-0.946956253601568	1.07209637294153	-0.89561292968085	0.773347487104849	2	1	1	2	2
10.7219006834849	-38.2631019775725	-0.530729154206441	-0.516490286814988	-1.10928378509234	-1.02178855527955	1	1	2	1	3
24.146570346748	-24.8384323143093	-0.00965026487394409	0.176012419601528	-1.23920371301114	-0.556646044861634	1	1	2	1	3
36.7519641619365	-12.2330384991208	0.479901201264517	1.05012898428326	-0.949810419818384	0.303714588485686	1	1	2	1	3
48.9850026610573	0	0.801834756615926	1.39772531940197	-0.363483430548025	0.914900588456174	1	1	2	1	3
57.7024066834009	8.71740402234351	0.866656042464716	0.93720875911982	0.271829495990942	0.819145971959133	1	1	2	1	3
71.4929843534757	22.5079816924183	0.656345379558057	0.041650227294601	0.687465277319999	0.088169014868614	1	1	2	1	3
11.1809181106451	-48.9243635729961	-0.748039469670299	-0.201520482334323	-0.537486449260143	-0.0999335431158327	1	1	1	1	4
23.9193693136755	-36.1859123699656	-0.929456726059098	0.657006376301893	0.0917294808809893	-0.7077465268477	1	1	1	1	4
36.3769513637863	-23.7283303198548	-0.7056687802082	1.34302852136187	0.798574806071658	-0.58816916842101	1	1	1	1	4
47.5008047395141	-12.6044769441271	-0.167411574012214	1.32226077345714	1.21182233254128	0.167301789269902	1	1	1	1	4
60.1052816836412	0	0.467075816245935	0.610877391676383	1.11443911953642	0.980604304301273	1	1	1	1	4
71.7655041128443	11.6602224292032	0.940537304871252	-0.237084701869849	0.557569732347098	1.22942548991734	1	1	1	1	4
10.9921941045928	-37.1072607476156	-1.03223449856593	-1.01931841211472	-0.938709068037327	-1.16435819616485	1	2	1	2	5
23.8491792866327	-24.2502755655757	-0.484722593215562	-0.976208753360917	-0.793384146475324	-1.11296548474292	1	2	1	2	5
36.5698560467234	-11.529598805485	0.170116961139235	-0.561498660908547	-0.0884379160611356	-0.48308178260184	1	2	1	2	5
48.0994548522084	0	0.649507039024691	0.0581538973921735	0.697503889480163	0.31464446824136	1	2	1	2	5
61.8624313552655	13.7629765030571	0.74643426242539	0.633731504268132	1.03082330453239	0.760141005317724	1	2	1	2	5
71.9233141166661	23.8238592644577	0.41904287991164	0.933928975573	0.685211934623461	0.562969358394523	1	2	1	2	5
12.9283805505812	-34.6591458546474	-0.853232734134156	-0.285924749350078	0.205180389294892	-1.29691436530316	2	2	1	1	6
23.2965139277043	-24.2910124775244	-0.0788006984782547	-0.797392081153592	-0.427475026599313	-1.33774204848934	2	2	1	1	6
36.1158968493466	-11.4716295558821	0.566151747646626	-1.11670501182385	-0.678144200342439	-1.0076536606721	2	2	1	1	6
47.5875264052287	0	0.679454095682134	-1.14579533027913	-0.419040142144767	-0.432961389043623	2	2	1	1	6
61.3714251237028	13.7838987184741	0.190454837592167	-0.875728742863621	0.217750193922077	0.166422038560178	2	2	1	1	6
71.5800940579674	23.9925676527388	-0.595922645849522	-0.389448796665097	0.907601649694234	0.561135534316642	2	2	1	1	6
10.6908351345742	-38.0902706497511	-0.134488808311371	-0.423089904853179	-1.08209346827135	-0.772549459637758	1	1	2	1	7
24.9752557824494	-23.805850001876	0.77805511235557	0.191651687089034	-0.854651215757401	-0.18399340009368	1	1	2	1	7
37.2516593072576	-11.5294464770678	1.37877486915322	0.704752751780994	-0.255520723005334	0.502684182824585	1	1	2	1	7
48.7811057843254	0	1.16278267755707	0.921984674142556	0.426972037747532	0.956329660310836	1	1	2	1	7
58.8388909211567	10.0577851368314	0.31161380065038	0.761116762532468	0.864383778820908	0.958170278167016	1	1	2	1	7
71.684582844485	22.9034770601597	-0.459348650466029	0.283043748676963	0.846214171757655	0.507318389413693	1	1	2	1	7
11.2015550277599	-26.4135557303888	-0.571033653124587	0.0793342171165432	-0.658146365629229	-0.176309355111774	2	2	2	2	8
24.7716115212842	-12.8434992368645	-1.08246263868417	0.927415852273384	-0.567284873635885	-0.834444918846968	2	2	2	2	8
37.6151107581487	0	-1.13454262499569	1.36910857423735	-0.216286048680149	-0.742977323345504	2	2	2	2	8
48.6364811323351	11.0213703741865	-0.700866600025473	1.0800767879845	0.293846697190081	0.0247840707640263	2	2	2	2	8
60.6446248618069	23.0295141036583	-0.00132878459007824	0.272556945947928	0.816317579297307	0.853494598423866	2	2	2	2	8
72.1116668014853	34.4965560433366	0.609372119975888	-0.460487981380072	1.20078039122571	1.07896014153288	2	2	2	2	8
12.4749334767412	NaN	-0.390924903337118	-0.63045323911163	-0.989812213978586	0.00683428271624048	2	2	1	2	9
23.0608660757923	NaN	0.456856271027083	-0.951037425069475	-0.2170811082934	0.827125960002715	2	2	1	2	9
36.7176767609742	NaN	1.12554394874331	-0.386810876702206	0.587084334224571	1.38912920417518	2	2	1	2	9
48.6953346321189	NaN	1.11333621895309	0.557571124334455	0.802286810150436	1.31436172963924	2	2	1	2	9
61.1565885198327	NaN	0.429394103072138	1.03743480984779	0.262501980839746	0.65317585187336	2	2	1	2	9
70.5176567402124	NaN	-0.41303313156179	0.623580695925085	-0.615837122855724	-0.149151387015642	2	2	1	2	9
10.8953558825871	NaN	-0.599182499452576	-0.813553996253871	-1.41041902395517	-0.403109808276979	1	1	1	1	10
25.3909451366652	NaN	-0.509820662140387	-0.87523500960268	-1.12717827873662	0.399064013733624	1	1	1	1	10
36.4994718358276	NaN	0.276812928071064	-0.639885105632294	-0.598007510160137	1.01484509727385	1	1	1	1	10
46.9606978713887	NaN	1.10885422748485	-0.178376599740316	-0.00944980216978558	1.04150022309785	1	1	1	1	10
59.0864072587334	NaN	1.29681093281281	0.37031370869301	0.431016699336621	0.461596402568195	1	1	1	1	10
70.7091589200921	NaN	0.684927912949893	0.840955445918358	0.568118905888812	-0.345597596992524	1	1	1	1	10
11.6230657118828	NaN	0.229353375653184	-1.15453681824677	-0.793384385368458	-1.18683629432047	1	1	1	1	11
23.8192415982076	NaN	-0.26094654598251	-1.27451748378985	-0.20538977241852	-1.28532005727714	1	1	1	1	11
37.2599757570148	NaN	-0.608847373868796	-1.14743248278718	0.287762726109381	-0.738924736505151	1	1	1	1	11
46.2005205025222	NaN	-0.722260399437133	-0.804681010288073	0.515498538316753	0.0831171518065493	1	1	1	1	11
59.7143113177766	NaN	-0.571165403641499	-0.330947492098333	0.399047022689691	0.625301958019803	1	1	1	1	11
71.3149285268647	NaN	-0.195556953665093	0.156721598778306	-0.0213128655108856	0.521242466455872	1	1	1	1	11
12.9879835789532	NaN	-0.362543886226242	-0.639983783531205	-1.00272611432252	-1.43160195529511	1	2	1	2	12
21.8200932866238	NaN	-0.547400345761171	-0.617710890475145	-1.35987192031683	-1.1631208692517	1	2	1	2	12
36.9773228449658	NaN	0.0958763704769955	0.148654001418968	-1.36713367176832	-0.715275475747437	1	2	1	2	12
47.8072114235925	NaN	1.01259021406032	1.00822946038406	-1.02183435535367	-0.204796943997222	1	2	1	2	12
59.3493555032284	NaN	1.41226092394576	1.23096937997565	-0.451267073397994	0.23525819190344	1	2	1	2	12
72.1247293400362	NaN	0.950253356579069	0.627698500067796	0.134231008767825	0.490189298035401	1	2	1	2	12
12.2007178838509	NaN	-0.454488765450252	-0.584075706845127	-0.660165542589403	-0.618558619156598	1	2	2	2	13
24.356030965514	NaN	-0.678958236425774	-0.476350242892722	-0.25132860383358	0.0844462314360187	1	2	2	2	13
37.4895971018266	NaN	-0.241174473440074	0.164786034392522	0.393937637693313	0.747140080967433	1	2	2	2	13
48.0342962934916	NaN	0.565933120072915	0.939993716449798	0.992167725255834	1.01005763172612	1	2	2	2	13
59.0890742783154	NaN	1.20231357405819	1.36642541461572	1.28055918432421	0.730584408379498	1	2	2	2	13
71.1068173386892	NaN	1.24215267952917	1.17847303873787	1.13242164834528	0.0603151865599695	1	2	2	2	13
12.3829354776789	NaN	0.0609850124218228	-0.118772752001455	-0.991048991355474	-0.652538460106928	2	2	2	2	14
22.5864060910249	NaN	-0.456671461072492	-0.757269319756814	-0.805395536525271	-1.10891823945975	2	2	2	2	14
35.530176969419	NaN	-0.599637426795828	-0.948613973180001	0.063767990868603	-1.40649542151353	2	2	2	2	14
50.9454059537984	NaN	-0.304866900310278	-0.585988941681622	0.847184214139322	-1.4703375017959	2	2	2	2	14
59.3137039635307	NaN	0.297650453140857	0.128171075196976	0.851486822146181	-1.28436849311837	2	2	2	2	14
71.9871474316535	NaN	0.942212936674285	0.795187674467748	0.0728677708975108	-0.895416997990971	2	2	2	2	14
12.5645528104903	NaN	-0.727659747035759	-0.547845100163462	-0.660333339529352	-1.23157639399959	2	1	1	2	15
24.2575961901121	NaN	-0.112020848759726	0.153256751647485	0.043607047323561	-0.78838681695795	2	1	1	2	15
35.5573427076526	NaN	0.535366290548312	0.911316477469065	0.529257380041669	-0.174838258866391	2	1	1	2	15
46.5544164275243	NaN	0.92199680251152	1.24233648585591	0.553962848331366	0.373246190348265	2	1	1	2	15
60.9849166941485	NaN	0.8731818492683	0.934970782129525	0.105379384213744	0.645205179355208	2	1	1	2	15
71.5038154442864	NaN	0.410977184796853	0.185462822087884	-0.592358634029008	0.536508743451266	2	1	1	2	15
11.039199167153	NaN	-0.250648350078232	-0.386033548140592	-0.121229682235498	-0.255435896481586	1	1	2	2	16
24.7479411990447	NaN	-0.822006412173872	-0.90984562366274	0.439065183203767	-0.820879665595664	1	1	2	2	16
35.3893551047477	NaN	-1.0238586939298	-0.808999161788658	0.990218020604033	-0.722475258647492	1	1	2	2	16
48.1078587774109	NaN	-0.762630721586508	-0.149240673596169	1.34619334845162	-0.0288789864286564	1	1	2	2	16
59.3735282007937	NaN	-0.159422290651107	0.639302517193689	1.38683567260902	0.775990160985308	1	1	2	2	16
73.988592140195	NaN	0.506131853105609	1.04254233386346	1.09842663070669	1.13057861048547	1	1	2	2	16
