age	diseaseAge	x1	x2	x3	x4	z1	z2	z3	z4	id
10.9641438582443	-37.6821929791305	-0.0830398871051591	-0.512323829916222	-1.03878193427886	-0.646049093466302	2	1	1	2	1
24.7094901657006	-23.9368466716742	-0.460635448663295	-0.973270712413566	-1.01552140925517	0.231027968502401	2	1	1	2	1
35.6477102926649	-12.9986265447099	-0.628806382231552	-0.888165268012403	-0.58197734109005	0.612966377436266	2	1	1	2	1
48.6463368373748	0	-0.545020835794549	-0.305263408162571	0.0708124219161668	0.193654447079387	2	1	1	2	1
58.2891808772041	9.64284403982934	-0.230468882966525	0.444921810882216	0.655201107787128	-0.69084242807949	2	1	1	2	1
71.5883559169023	22.9420190795275	0.235296625917655	0.937025457936575	0.91368235138597	-1.33162767306969	2	1	1	2	1
11.847942054048	-36.3691484899087	-0.769359437136823	0.121776710316851	-1.04089490085712	-0.282865666258711	2	1	1	1	2
25.3706066302183	-22.8464839137385	-0.708688286549648	0.927903232153671	-0.630601959196618	-0.883127174593221	2	1	1	1	2
36.0760642422275	-12.1410263017292	-0.153263848788009	1.15108272216293	-0.0294642321231997	-0.868471149079521	2	1	1	1	2
48.2170905439567	0	0.58983992012312	0.619566491534289	0.534883416891389	-0.248695680736825	2	1	1	1	2
60.781323826281	12.5642332823242	1.10978799287345	-0.257614971813787	0.848737548105548	0.561856580401837	2	1	1	1	2
73.6728724153831	25.4557818714264	1.11912000443034	-0.805423087174299	0.793249952379588	1.02130169567635	2	1	1	1	2
12.467477867485	-34.8023674122575	-0.272981199083717	-0.0711248997857442	-0.486399644988747	-0.94899370560282	1	1	2	2	3
25.333198528802	-21.9366467509405	0.587907690819353	0.762783736828926	0.104722573408627	-0.826530975090181	1	1	2	2	3
36.6823924299576	-10.587452849785	0.827688407179841	1.30594602134476	0.841072832796825	-0.315069032905915	1	1	2	2	3
47.2698452797425	0	0.244501647764588	1.18064434143019	1.31835715963312	0.35539292216202	1	1	2	2	3
60.9230381028167	13.6531928230742	-0.67069704223487	0.474014075788207	1.27452203448691	0.88335501345637	1	1	2	2	3
73.5112633562155	26.241418076473	-1.14744800379302	-0.322550758823525	0.733635184231582	1.03139809407145	1	1	2	2	3
12.9840738331031	-36.8193440682186	-0.791800946784055	-0.401286799984002	-0.668221965573093	-0.868260367760737	1	2	1	2	4
25.0053824966774	-24.7980354046444	-0.218349952831433	0.171128385460938	-1.17480231105256	-1.15220857819956	1	2	1	2	4
35.4648347591367	-14.338583142185	0.302659195085762	0.926352494602978	-0.936217596579023	-1.11189747227962	1	2	1	2	4
49.8034179013217	0	0.596664808381438	1.43191344000438	-0.132913809253255	-0.760728588123223	1	2	1	2	4
60.8795710153715	11.0761531140498	0.5651616755524	1.39830643131473	0.627555691248557	-0.215448987885707	1	2	1	2	4
72.4648438883111	22.6614259869894	0.218704774537851	0.844776210623982	0.770033900501906	0.342661624412735	1	2	1	2	4
12.4317690828997	-35.9694325942811	-1.08304325936511	-0.0897724803986748	-0.763804605091637	-1.09290207145113	2	2	2	1	5
22.176947446241	-26.2242542309398	-0.561484552618211	-0.616166101039794	-0.27013486040372	-1.05765088189751	2	2	2	1	5
37.9719590244523	-10.4292426527285	0.0787412048422521	-0.952402426008226	0.632625410802477	-0.694959812321797	2	2	2	1	5
48.4012016771808	0	0.574932805293146	-0.992122840414696	1.20651509489856	-0.13171618804175	2	2	2	1	5
57.6686447548004	9.26744307761955	0.72348998557484	-0.722762942541168	0.982408241304608	0.435029434746769	2	2	2	1	5
72.3995619167894	23.9983602396085	0.463455887546001	-0.229526928118825	0.143500930447355	0.807001327073368	2	2	2	1	5
11.2234179507206	-37.0447835866697	-0.693859592093864	0.173006346824064	-0.953980325349364	-1.1431346091548	1	2	2	1	6
25.8522775168674	-22.4159240205229	-0.0902276242744247	0.803271801126518	-1.18135601664335	-0.925397768318939	1	2	2	1	6
37.6802631621523	-10.587938375238	0.577948788178458	1.28007795388733	-0.972344392125557	-0.24528104308752	1	2	2	1	6
48.2682015373903	0	0.998822071512204	1.41300986794963	-0.41816536406406	0.492070841406425	1	2	2	1	6
61.7847938854274	13.5165923480371	0.975964591020141	1.14898051430643	0.239318145145265	0.847418243661687	1	2	2	1	6
71.9124949652325	23.6442934278422	0.520044262690772	0.593431344353527	0.713157559478685	0.609081138364289	1	2	2	1	6
11.253548618464	-35.4671947477471	-0.853646103124479	-0.274083926468714	-0.81625577702631	-0.670053129314393	1	1	2	1	7
24.0019480321512	-22.7187953340599	-0.942299114381858	-0.959433847845806	-0.939084188789731	-1.19895931960241	1	1	2	1	7
36.328106013803	-10.3926373524081	-0.632756843142378	-1.25162186752408	-0.652409565718721	-0.94154592663345	1	1	2	1	7
46.7207433662111	0	-0.0503960678981923	-0.988299021526507	-0.0747037718831103	-0.103206503117	1	1	2	1	7
60.3006183138664	13.5798749476553	0.568904222584664	-0.315775864564607	0.555289066897864	0.647136830825412	1	1	2	1	7
71.8719098516033	25.1511664853922	0.97430308490585	0.392272331173692	0.977216551233277	0.710775199432605	1	1	2	1	7
11.0767386752407	-36.6623477386346	-0.569865072903125	-0.869541953625777	-0.332194674820612	-0.408655486987073	1	2	2	1	8
24.1490212309071	-23.5900651829682	-1.27180561694857	-0.380900811237617	-0.799061694981088	0.373790650936719	1	2	2	1	8
36.1494899751974	-11.589596438678	-1.4047161539875	0.101713606964951	-0.702722665571685	0.655493616589716	1	2	2	1	8
47.7390864138754	0	-0.877720913396755	0.456767779804674	-0.0994065968676414	0.238988866603049	1	2	2	1	8
60.4734869252284	12.734400511353	-0.0511457178715884	0.594850818989822	0.658756479986406	-0.583767424275759	1	2	2	1	8
71.8305462689591	24.0914598550837	0.509849893360982	0.481190207715929	1.12925889494149	-1.2360500699783	1	2	2	1	8
13.632183334914	NaN	-0.829106377079053	-0.645346288466833	-1.33980212759239	-1.04207573925637	1	1	2	1	9
24.3030738141232	NaN	-0.576908961142681	-0.74930420550511	-0.817417900352927	-1.26540842662072	1	1	2	1	9
35.8535351127408	NaN	0.273018510456921	-0.524254372248678	-0.064852122151599	-1.15733194276795	1	1	2	1	9
47.1846989987703	NaN	1.02512957908113	-0.0446910038979168	0.49123639213918	-0.753860130420628	1	1	2	1	9
59.4844984467471	NaN	1.06392679610655	0.530644627682138	0.535579431628225	-0.189440094766453	1	1	2	1	9
71.0084146098977	NaN	0.357660079545281	1.01130947380664	0.0430372022613156	0.347849003318003	1	1	2	1	9
12.9992725939753	NaN	-0.431102890653785	-0.65397872166102	-0.722927355719604	-1.31887798121905	2	1	1	2	10
24.0995868787607	NaN	-0.662217242487218	-0.289131427537007	0.204646848803245	-0.983156223825491	2	1	1	2	10
36.5929248210795	NaN	-0.627874416492844	0.21382440104118	0.670654048793149	-0.153686587187014	2	1	1	2	10
49.8310815822226	NaN	-0.337370985567044	0.718029647278217	0.271666345845485	0.551997262519803	2	1	1	2	10
59.3667371183882	NaN	0.130654026154747	1.08628521582086	-0.646907926235138	0.608519210700678	2	1	1	2	10
72.0760838836157	NaN	0.649506658207126	1.21838522575073	-1.2898482469888	-0.0262008916188962	2	1	1	2	10
12.1581505066048	NaN	-0.756367778684121	-0.946099088276624	-0.739984055308292	-1.0346536960693	1	1	1	2	11
23.899884280717	NaN	-0.904404379135279	-0.471767216399105	0.171453432874561	-0.515764696553811	1	1	1	2	11
35.821769523131	NaN	-0.720737281675335	0.332545911710256	0.798714371459921	0.102630425880212	1	1	1	2	11
48.5470843779984	NaN	-0.266321333469948	0.940008027238662	0.611049828675296	0.583401732928838	1	1	1	2	11
60.4040456299692	NaN	0.308033358196758	0.95272602940592	-0.232750209545958	0.74219254672887	1	1	1	2	11
70.2489621165073	NaN	0.811711800581956	0.362369513420188	-1.01871498340246	0.518112904676101	1	1	1	2	11
11.7420012952603	NaN	-0.211536680408591	-0.659508100629982	-0.738910400538079	-0.408484957862997	1	2	2	1	12
23.6942300790147	NaN	0.493538771517354	-0.0747688966697901	-0.129859978344467	-0.680538841594636	1	2	2	1	12
35.7052507166692	NaN	1.14370321483519	0.514546655751658	0.67863108526337	-0.170424889293084	1	2	2	1	12
46.3971339894452	NaN	1.39058724052904	0.883952183224546	1.15127969024796	0.718332241218887	1	2	2	1	12
60.1958499514905	NaN	1.10190609662521	0.892731041093575	0.975156205234608	1.28268293649846	1	2	2	1	12
74.0524369199396	NaN	0.432340157495751	0.537539122865032	0.266867886989578	1.07619866782719	1	2	2	1	12
11.615380522356	NaN	-0.556529809002177	-1.22610266232956	-1.41054713735391	-0.124071238164343	2	1	2	2	13
22.5904980402664	NaN	0.206269905295277	-1.34910035593671	-1.18287497562577	0.669198764874679	2	1	2	2	13
37.0012263145778	NaN	0.595691791374074	-0.71900498153924	-0.36873418850788	0.846318698292117	2	1	2	2	13
47.7555240026785	NaN	0.371030324959169	0.163718958347158	0.397943554880847	0.269232134513367	2	1	2	2	13
59.1279952244273	NaN	-0.328849016710036	0.597952211964147	0.52018373952651	-0.612249841625454	2	1	2	2	13
72.3863698117461	NaN	-1.07134388156216	0.238797263669734	-0.0971960962679081	-1.11105463333018	2	1	2	2	13
10.591903775618	NaN	-0.799095004220802	0.118425148642337	-0.567387519065833	-1.10301151473694	1	1	1	2	14
25.6984234556479	NaN	-1.06505994106751	0.682501033728693	-0.678670407399001	-1.37725887787604	1	1	1	2	14
36.1763419361855	NaN	-0.925172918289562	1.12496833720683	-0.195202511887241	-1.16544582185884	1	1	1	2	14
47.618534424196	NaN	-0.436517728351242	1.30360778112336	0.585409144250315	-0.570643858090119	1	1	1	2	14
60.0965767497698	NaN	0.201499773257059	1.16100049513898	1.18264555772526	0.117707171784095	1	1	1	2	14
72.2889239930922	NaN	0.72852335100226	0.742983776346953	1.22886752679866	0.564645002640654	1	1	1	2	14
10.7907631357304	NaN	-1.11180250076871	0.215765276984514	-1.10118892358357	-0.451922896967616	2	1	1	1	15
25.6116971817039	NaN	-1.3510613717909	1.03946022856572	-0.969157486346161	-0.887041271579458	2	1	1	1	15
37.7377661151401	NaN	-0.891286260483939	1.47375662908143	-0.58098111870132	-1.10138269570346	2	1	1	1	15
48.4705579941543	NaN	-0.0572876813585913	1.21607227128121	-0.0512722420634846	-1.03391919814643	2	1	1	1	15
59.8938608220472	NaN	0.561751739285706	0.445940537584342	0.463568027846327	-0.703859200249831	2	1	1	1	15
72.3091451249155	NaN	0.528508388714987	-0.300073775296874	0.811528659717687	-0.205178433144409	2	1	1	1	15
12.9760269289723	NaN	-0.8098286146715	-0.225226207136603	-1.00611115253934	-1.19706016020342	1	1	2	2	16
24.6459674581886	NaN	-1.07655417342787	-0.911095489956696	-0.780385932409228	-0.837257848554678	1	1	2	2	16
34.2785299577645	NaN	-0.492663637953972	-0.849467492291181	-0.0812443487458942	0.0235283361001981	1	1	2	2	16
50.1486452865195	NaN	0.4357146942847	-0.0903280019933099	0.660362099300526	0.71085638488556	1	1	2	2	16
58.8262503357795	NaN	0.903843434766406	0.75059332963448	0.987306532092291	0.686191969250071	1	1	2	2	16
72.1488213942611	NaN	0.505938985333699	0.991234503561163	0.698060108057522	-0.0311398817508684	1	1	2	2	16
