age	diseaseAge	x1	x2	x3	x4	z1	z2	z3	z4	id
12.6476461075097	-35.2924922178807	-0.50346703881843	-0.0627542973140871	-0.516627074675953	-1.31978267203274	1	2	1	1	1
25.7640817365896	-22.1760565888008	-0.361943993758663	-0.580180163504942	-0.202881181204673	-1.38921670873938	1	2	1	1	1
35.5606653725529	-12.3794729528375	0.219488914767573	-0.939121608933303	0.274564598210921	-0.890188058253738	1	2	1	1	1
47.9401383253904	0	0.937669944240698	-1.03443620732166	0.787853449446787	-0.120226847811677	1	2	1	1	1
60.2131060872926	12.2729677619022	1.41813626473344	-0.83820406181257	1.19953002139534	0.461601783367733	1	2	1	1	1
72.3336323747226	24.3934940493321	1.41037056839036	-0.407906202126209	1.39935005762335	0.50840082547192	1	2	1	1	1
12.690550679854	-34.9807897336977	-0.114163563464293	-0.652743515158212	-0.568145797746351	-0.564972658842948	1	2	1	1	2
24.2425113995023	-23.4288290140495	0.810614154564248	-0.638846483291022	-1.14423399513628	-0.402368320459425	1	2	1	1	2
33.8842213508997	-13.7871190626521	1.32162342230755	0.0307176169229415	-0.835977437994478	0.418298620697511	1	2	1	1	2
47.6713404135518	0	0.981593111158937	0.866500802791723	0.0804336419127034	1.21762181439556	1	2	1	1	2
59.0970206879616	11.4256802744098	0.0814874898743395	1.2575497777443	0.78391764002954	1.33386477966861	1	2	1	1	2
72.0515782469299	24.3802378333781	-0.608472183872224	0.918009711954626	0.644170337411458	0.67079333817263	1	2	1	1	2
12.0406919827129	-36.2414831334342	0.0548189661435963	-0.782472577302917	-0.540223870957214	0.102647484408293	2	2	2	2	3
24.0770187647247	-24.2051563514223	-0.525944766545676	-0.300296612892485	-0.390757436593117	0.621557352286585	2	2	2	2	3
35.6242504369423	-12.6579246792047	-0.747090853301474	0.272814393386155	0.452985827025475	1.06901389973938	2	2	2	2	3
48.282175116147	0	-0.506495061972207	0.748599153085677	1.25738251591822	1.32452715029205	2	2	2	2	3
60.0627379895627	11.7805628734156	0.0847365923692118	0.970767085666988	1.32302054289984	1.31929313689281	2	2	2	2	3
71.6187170569572	23.3365419408102	0.753576087345854	0.866338226025209	0.592828527538448	1.05472126153818	2	2	2	2	3
13.8592845530779	-33.997900686523	-0.582805347700056	-0.250832777899994	-0.79154768305071	-0.273909188241063	1	1	2	2	4
22.595710272865	-25.2614749667359	0.0593155303810665	0.362082013174296	-0.766159531984395	-0.516800803498934	1	1	2	2	4
35.0836486383154	-12.7735366012855	0.785286030278283	0.94159915576989	-0.145887788864377	0.109545056342468	1	1	2	2	4
47.8571852396009	0	1.19137875517454	1.25735898262566	0.65953685794275	1.04566156999157	1	1	2	2	4
59.92908999128	12.0719047516791	1.05175703717228	1.18384608910122	1.11807792825857	1.45538749838084	1	1	2	2	4
73.8586040954135	26.0014188558125	0.444067437331713	0.75028205372631	0.92683858619015	0.972746026696288	1	1	2	2	4
11.6575575056698	-37.0602165255942	-0.675918813850618	-0.432491564749095	-1.45371467291446	-0.529120077521167	1	2	2	2	5
25.3068357568869	-23.410938274377	-0.975889422853324	0.279916669544943	-1.40721640025297	-0.401027863633059	1	2	2	2	5
36.5850102211619	-12.1327638101021	-1.03108342457746	0.965361068727126	-1.12538571965267	0.324601824854143	1	2	2	2	5
48.717774031264	0	-0.827027213753502	1.23235745752005	-0.678721123277837	1.12616022597211	1	2	2	2	5
59.0511268150967	10.3333527838327	-0.417230754435559	0.928413728331392	-0.178953457750703	1.42745828366923	1	2	2	2	5
72.9508545865864	24.2330805553225	0.0908444175619915	0.227124063700438	0.248902971257411	1.01191209936426	1	2	2	2	5
11.9894616868245	-35.6768267967672	-0.699856992870043	-1.09841598231692	0.133276877151223	-0.539687112641093	1	2	2	2	6
23.4553618087714	-24.2109266748202	-0.17738615731507	-1.04387234914151	-0.374625051442711	-0.689921537333084	1	2	2	2	6
36.1334307520672	-11.5328577315244	0.721755609048802	-0.711026095232326	-0.73790966482449	-0.0423394981858363	1	2	2	2	6
47.6662884835917	0	1.27041292447534	-0.199503554076216	-0.855241665840324	0.860458530811612	1	2	2	2	6
60.6587429677058	12.9924544841141	1.02487475854468	0.337588202600062	-0.693892244211387	1.2620299542231	1	2	2	2	6
71.6988892311245	24.0326007475329	0.18371313344484	0.739488818219782	-0.298868512774517	0.825903357599811	1	2	2	2	6
12.1768342363696	-34.8494983738035	-0.969416301136685	-1.42143574240598	-0.640750994709715	0.101779639115706	2	1	2	1	7
23.5595440271476	-23.4667885830254	-0.585118567774012	-1.05072715492247	-0.191140971643682	-0.47649696694311	2	1	2	1	7
35.1293972700818	-11.8969353400912	0.345134325918745	-0.387319654625998	0.391628984402121	-0.435284079461231	2	1	2	1	7
47.026332610173	0	0.992991780937462	0.249167876793134	0.907593191167842	0.198043452025502	2	1	2	1	7
60.2591664567327	13.2328338465597	0.781564314247338	0.552086158295615	1.17970900334	1.0028102771433	2	1	2	1	7
73.4466324885313	26.4202998783583	-0.100880915977612	0.375494116960047	1.11460540295482	1.44446586825143	2	1	2	1	7
12.1578518053165	-35.9160035929479	0.141937056871297	-0.557531821637361	-0.115670731299103	0.0177245275574915	2	1	2	1	8
24.0380487588278	-24.0358066394367	0.725456739273191	-0.804303387638013	0.623694621392522	0.753412781067753	2	1	2	1	8
36.7871275778646	-11.2867278203998	1.20593297103286	-0.729720578080457	0.987180876229031	1.30573383108365	2	1	2	1	8
48.0738553982645	0	1.4197449170179	-0.35805368529329	0.758609600015192	1.37545201232296	2	1	2	1	8
59.4691771648922	11.3953217666277	1.2940812978124	0.189751670810311	0.0739204045186293	0.924795513726146	2	1	2	1	8
73.5653250486654	25.4914696504009	0.871735460851797	0.735431943835727	-0.659677261378681	0.197920333272075	2	1	2	1	8
10.3507267356021	NaN	-0.130151380304551	-0.626141160054919	-1.25551718515936	-0.52391433405076	1	1	1	2	9
23.8437345955004	NaN	-0.685274993570224	-0.758948178426744	-1.12126704246537	0.237694491363224	1	1	1	2	9
35.6086289759014	NaN	-0.7254325727292	-0.201006810750763	-0.640610811670835	0.880346862210572	1	1	1	2	9
47.6822107197261	NaN	-0.227766708632949	0.646612807690912	-0.0072186168425486	1.01580928436728	1	1	1	2	9
58.6635468732327	NaN	0.52445471969942	1.17460845496015	0.523697735542859	0.562247391600386	1	1	1	2	9
68.8412825755725	NaN	1.10307261209859	1.00343615395285	0.738216882881607	-0.206336997349104	1	1	1	2	9
13.5832369052618	NaN	-1.091867095187	-0.661926727626121	-0.674816777969567	-0.14939046597224	1	2	2	2	10
22.7173066946831	NaN	-0.404752711074801	-0.801708140785614	0.0880814223705209	-0.520456513806015	1	2	2	2	10
36.2222292011549	NaN	0.450486009897403	-0.627022351493619	0.843231860567352	-0.642312453581108	1	2	2	2	10
48.6750432696047	NaN	0.811978577637617	-0.192831192778054	1.0635512326968	-0.480346514977003	1	2	2	2	10
60.6814657449151	NaN	0.399965368186296	0.364254669638104	0.595260031118293	-0.0805632495736955	1	2	2	2	10
71.91718419527	NaN	-0.46669599639529	0.868957897647232	-0.234781742185022	0.443483529940937	1	2	2	2	10
12.9511454911449	NaN	-0.924728653586419	-0.554165132800823	0.269895330070415	-1.05970157576167	2	2	1	1	11
25.9555268691762	NaN	-1.34068387545345	-0.154096506186114	0.881304249420825	-0.43293577857945	2	2	1	1	11
35.9808266127331	NaN	-1.03985431227254	0.358306688680902	1.32155288020246	0.35093304549705	2	2	1	1	11
48.3525379527571	NaN	-0.238478453205386	0.844715981923785	1.42231638531629	0.798378083502915	2	2	1	1	11
60.9525678264322	NaN	0.487408875971476	1.17382022259346	1.14506880602463	0.627686226303896	2	2	1	1	11
71.2925996008375	NaN	0.616034556608681	1.25677436347375	0.595813092382123	-0.0536742792517642	2	2	1	1	11
12.2819181776307	NaN	-1.35400223372775	-0.400433270689493	-1.07866652208185	-0.49709927608557	2	2	1	2	12
24.7353527410773	NaN	-1.31846492730548	0.115077370004228	-1.01762008475222	-0.895581142199097	2	2	1	2	12
35.8388882615561	NaN	-0.53618536568752	0.555386670232484	-0.508718513783822	-0.876024945716166	2	2	1	2	12
47.2390471380048	NaN	0.319425554063078	0.80340330621615	0.195312973571683	-0.447009652994533	2	2	1	2	12
59.7936120214353	NaN	0.511830991057245	0.793172286290235	0.744845842555886	0.203263120869842	2	2	1	2	12
69.3184979083693	NaN	-0.124597717760037	0.527414342599428	0.866976998299805	0.789529917043539	2	2	1	2	12
10.6315861653272	NaN	-1.38783696457848	-0.921713425259222	-1.2312801056618	-0.579578769632449	1	2	2	1	13
23.0813532208174	NaN	-0.772388554747088	-0.154446333094212	-0.770251260903342	-0.912867588908346	1	2	2	1	13
36.1625296589913	NaN	0.0974650429093553	0.415021604055413	0.0562358127655791	-0.728394213457545	1	2	2	1	13
49.0949726779637	NaN	0.554778869359242	0.450514958791627	0.674694545790481	-0.122260924866226	1	2	2	1	13
59.158028395767	NaN	0.248915585091709	-0.0689191494954238	0.655986009671265	0.589764259737864	1	2	2	1	13
72.0784896962798	NaN	-0.585609511980259	-0.836641888367612	0.0130917676316213	1.03674843678499	1	2	2	1	13
11.3158797592919	NaN	-1.05259845793487	-1.00101708597436	-0.325428576576265	0.128651521499878	1	1	2	2	14
24.485895839918	NaN	-1.30085870985288	-0.787385531733646	-0.615858497186469	0.763722864794461	1	1	2	2	14
35.6159913218611	NaN	-1.15238380896492	0.064695167499776	-0.683823180645838	1.13076052349121	1	1	2	2	14
48.0846485390841	NaN	-0.666284548884927	0.836754266512905	-0.512997397410427	1.06674016078452	1	1	2	2	14
61.2768903243626	NaN	-0.0360866559587263	0.877794885884017	-0.14441378356997	0.600097216267628	1	1	2	2	14
71.9740110056184	NaN	0.487315628686692	0.153211753588885	0.333393266307512	-0.0619030478926473	1	1	2	2	14
11.8575480625162	NaN	-0.784043391595412	-0.478649082956553	-0.957782347794378	-0.842614383716018	2	1	2	1	15
24.1880583940798	NaN	-1.09506844285132	0.282387235873513	-0.246846885748779	-1.02793818196852	2	1	2	1	15
37.187412899262	NaN	-0.563664472167897	0.741290173345031	0.499165259904188	-0.927681723120505	2	1	2	1	15
46.709483973796	NaN	0.35838281420812	0.626838644564074	0.808590593315436	-0.57057412486087	2	1	2	1	15
59.5181147518689	NaN	0.887173017616684	0.0066758596063381	0.485796060369906	-0.0589468113779878	2	1	2	1	15
72.3118737690652	NaN	0.573142588135411	-0.752669206416713	-0.265132656497833	0.460590198674019	2	1	2	1	15
11.9491086807966	NaN	-0.640440097041151	0.0386620831803809	-1.23619377967447	-0.604046187044695	1	2	2	1	16
22.6123102753827	NaN	-1.08717038316236	-0.722439672643329	-1.42429230336957	-1.04607291498063	1	2	2	1	16
35.6952597474768	NaN	-1.14686314057757	-0.764795009839726	-1.33256771147778	-1.17662935717621	1	2	2	1	16
47.7850038260018	NaN	-0.794175188527612	-0.0533482047350695	-0.98680146073116	-0.94874913671231	1	2	2	1	16
58.4804551297488	NaN	-0.178843863792052	0.823066270814852	-0.48417967591016	-0.444409888294118	1	2	2	1	16
72.4189810779369	NaN	0.437885522391782	1.13907717171563	0.0340234052841423	0.154957377567047	1	2	2	1	16
