age	diseaseAge	x1	x2	x3	x4	z1	z2	z3	z4	id
10.0155433667823	-38.8161217186029	-1.09902616210581	-0.543326130147937	-0.546436038916061	-0.133895855945429	2	1	1	1	1
25.9353045115159	-22.8963605738694	-0.511003552804524	-0.966734432624315	-0.331523821153489	0.357901583618683	2	1	1	1	1
35.6456852547921	-13.1859798305931	0.397615636584735	-1.14604181391602	0.35080781264128	0.883237075334189	2	1	1	1	1
48.8316650853852	0	0.872247226936056	-1.02780621836308	1.0907543646092	1.29382863597854	2	1	1	1	1
60.2522909004791	11.4206258150939	0.518722249362472	-0.64726742936433	1.44390814477504	1.47378207628237	2	1	1	1	1
71.9110284995863	23.0793634142011	-0.369366162600969	-0.11784395203618	1.19816700166299	1.37230346848567	2	1	1	1	1
11.0863768007735	-37.6224455611082	-1.30788355729556	-0.722402469103695	-0.0117900468572215	-1.12413883672163	2	1	1	2	2
25.5318623212235	-23.1769600406582	-1.49570812047184	-0.237173131115011	0.678516417273535	-1.1225714447552	2	1	1	2	2
37.1483087550003	-11.5605136068814	-1.23083178717744	0.270216194388732	1.22940226290033	-0.479888019729179	2	1	1	2	2
48.7088223618818	0	-0.633386224839021	0.664953613251916	1.37750071636355	0.349384906793129	2	1	1	2	2
59.977980646815	11.2691582849332	0.0256638838641016	0.842158521062511	1.05200906566356	0.778758665065398	2	1	1	2	2
72.8865884420211	24.1777660801393	0.447413810481777	0.754748080096449	0.408537927007914	0.504566227913417	2	1	1	2	2
11.1350233861835	-35.989593771427	-0.838746623164854	-1.29479906733147	-0.773765107580275	-0.466793181035166	1	1	2	1	3
24.3188466973562	-22.8057704602544	-0.465553384558975	-0.651330771783618	-0.185079801523607	-0.879372207382854	1	1	2	1	3
37.6063185409595	-9.51829861665105	0.150107982949956	0.208179856785185	0.296822444412936	-0.855605331436165	1	1	2	1	3
47.1246171576105	0	0.753019439211111	0.631875570867037	0.504903766894404	-0.40638275168475	1	1	2	1	3
61.6581586307645	14.5335414731539	1.0932483290799	0.298423378428806	0.367038626352777	0.262457664475634	1	1	2	1	3
70.7608487984752	23.6362316408646	1.02975518661364	-0.539284875899035	-0.0689859027614186	0.844447161697187	1	1	2	1	3
12.1359725195293	-37.345015921341	-0.333147410984509	-1.28790340055585	-0.732715318848412	-0.625725661079536	2	1	2	2	4
23.9075055898172	-25.5734828510531	-0.501017282546554	-1.45359120075821	-0.438657634508813	-0.744113925103298	2	1	2	2	4
37.1398375352888	-12.3411509055814	-0.390612703469458	-1.00208279748451	0.0424945458667363	-0.238755706064514	2	1	2	2	4
49.4809884408703	0	-0.0327054728297645	-0.217572847908729	0.573756553405265	0.563648784391926	2	1	2	2	4
60.883428659186	11.4024402183157	0.472949041602894	0.406141556812643	1.00387738446245	1.14436707693853	2	1	2	2	4
72.0894280293697	22.6084395884994	0.98541557020167	0.476473478897159	1.21040106352603	1.12798074176943	2	1	2	2	4
11.5763287562105	-36.0936975168617	-0.764976671350426	-1.28576690253275	-0.734103308852149	0.0509098789360594	1	1	1	1	5
23.8654584025082	-23.804567870564	-0.275135824182721	-0.8598381804778	-0.175474257568648	0.938448659752301	1	1	1	1	5
36.1334207606011	-11.5366055124711	0.164017004374509	-0.140510949881153	0.479686886016991	1.445426230045	1	1	1	1	5
47.6700262730722	0	0.446980486158987	0.48469316478381	0.946605538299811	1.17174656644589	1	1	1	1	5
61.8469999430658	14.1769736699936	0.505775955866971	0.678959284506527	1.02232924081514	0.333391896767443	1	1	1	1	5
70.6973447115769	23.0273184385047	0.326278489916626	0.337630837016484	0.673943670019915	-0.408025926385289	1	1	1	1	5
11.5956877994332	-36.1383064981974	-0.0692864448180587	-0.749633256671947	-0.577286149200713	-1.15744948322029	2	1	2	2	6
22.8419355504343	-24.8920587471963	-0.703528655676757	-0.340885924502621	-0.999179365636425	-0.966565068776934	2	1	2	2	6
35.0792375938464	-12.6547567037842	-1.03851840100965	0.398723842485263	-1.18470711937707	-0.441407769609602	2	1	2	2	6
47.7339942976306	0	-0.920148330959601	1.0436706885794	-1.07982793186545	0.20097304697442	2	1	2	2	6
60.0611292850806	12.3271349874499	-0.402872941677496	1.22289240185496	-0.715091552390979	0.6950791197285	2	1	2	2	6
71.5963303681365	23.8623360705059	0.27534245446757	0.833275980433211	-0.196740269953494	0.836694662936613	2	1	2	2	6
14.297618251912	-33.3428382294483	-1.26633623966198	-0.436813435054458	-0.599123344303963	0.0265684641732952	2	2	2	1	7
22.492866327792	-25.1475901535683	-1.22022957792775	0.319858691505571	-0.158860585207246	-0.498823771005858	2	2	2	1	7
34.6955021531572	-12.9449543282031	-0.644637975002559	1.17373164665977	0.394476994092354	-0.154915616210131	2	2	2	1	7
47.6404564813603	0	0.121319118938491	1.41650438175312	0.889985731962427	0.757515844626484	2	2	2	1	7
58.1779535568773	10.537497075517	0.626365230724261	0.846793093945282	1.17462296359781	1.44047129030999	2	2	2	1	7
71.2339592277369	23.5935027463766	0.572943969901083	-0.0628177413460574	1.16047572782754	1.29664779404141	2	2	2	1	7
12.0925283961711	-36.8414669771118	-0.194909088026391	-0.75813795799721	-1.45192223959896	-0.0446684179718688	1	2	2	1	8
25.717589190699	-23.2164061825839	-0.502793877165694	-0.63780151310134	-1.44244569755921	0.634091084126158	1	2	2	1	8
36.0155313041346	-12.9184640691483	-0.056302720321951	-0.0715816403715827	-1.124640910106	0.976653772625866	1	2	2	1	8
48.9339953732829	0	0.806416936284852	0.646827866292224	-0.60123457262919	0.80563110663488	1	2	2	1	8
60.4879013970979	11.553906023815	1.43198944520048	1.14479364704595	-0.0414116864812852	0.209583405762236	1	2	2	1	8
73.1810702632853	24.2470748900024	1.34664115363726	1.16402476858699	0.373871521848981	-0.502839160228632	1	2	2	1	8
13.957712958493	NaN	-0.0348005909193033	-0.788732796159627	-1.07288447127821	-1.26433086656716	2	1	2	1	9
23.3728379871329	NaN	-0.663082386142383	-1.29215822654093	-0.585699291138354	-0.975140939295458	2	1	2	1	9
35.7401781589092	NaN	-0.886148564970656	-1.44479654054582	-0.00831820432544195	-0.492071175697659	2	1	2	1	9
49.2551105133008	NaN	-0.58742078565896	-1.18316003642681	0.466708070421237	0.0446610684349601	2	1	2	1	9
59.6088887354232	NaN	0.0769805155692348	-0.616072638557376	0.680963102928318	0.479262196169973	2	1	2	1	9
71.1899597443264	NaN	0.759827433715655	0.020593841876623	0.562995019476708	0.685583511093316	2	1	2	1	9
12.1412215936593	NaN	-0.76524622988997	-1.1939771025467	-0.272538346481392	-0.584377444880667	1	2	1	1	10
24.1970868101312	NaN	-0.344201912800129	-0.803114212955439	-0.758574211716744	0.354728119564241	1	2	1	1	10
35.3692619096776	NaN	0.518100619421946	0.0155672220339412	-0.973438832386737	0.835865888318553	1	2	1	1	10
47.2270540624244	NaN	1.16300172479714	0.685811913339604	-0.84265677702584	0.433442515560773	1	2	1	1	10
61.3189985584647	NaN	1.09790128294337	0.735846553498044	-0.411559147471945	-0.496575951619974	1	2	1	1	10
71.9419860414219	NaN	0.372525500292611	0.130452649947521	0.170428888629014	-1.13153600974171	1	2	1	1	10
10.8154909729541	NaN	-1.24654134819323	-0.956739346618539	-0.0960822857605707	-1.08600517403031	1	1	1	1	11
26.013135015328	NaN	-1.27555350376785	-0.528209822747149	-0.647841044949792	-0.376626845799544	1	1	1	1	11
36.1087121121221	NaN	-0.77862992910278	0.0592140539339684	-0.607331650437323	0.288529717559747	1	1	1	1	11
45.6768091968783	NaN	-0.033405684671704	0.597367506917671	-0.00017001373016956	0.542692922286534	1	1	1	1	11
59.1202797013568	NaN	0.543756656450567	0.895545667515568	0.789708263479261	0.245715547699031	1	1	1	1	11
73.0018248443078	NaN	0.630392011804181	0.848083457026972	1.26282763252347	-0.438647177752003	1	1	1	1	11
12.2383221429084	NaN	-0.800065936350639	-0.331521092095686	-0.475793121101535	-0.316636097599085	1	2	2	2	12
24.9706519699304	NaN	-1.36479961606659	0.236311403490509	0.239325653781792	0.298346212464338	1	2	2	2	12
36.7786303727879	NaN	-1.13803761878413	0.87693780296672	0.903262091015878	0.731092890452723	1	2	2	2	12
48.0198728244853	NaN	-0.303366326910798	1.32091601008803	1.14615013744088	0.813124381436687	1	2	2	2	12
60.2229215203604	NaN	0.463464862340412	1.38151251073197	0.832681594782322	0.512503689029761	1	2	2	2	12
72.4381367136767	NaN	0.541629859770211	1.03324092442474	0.137483680588155	-0.0537297199494532	1	2	2	2	12
11.2956392273838	NaN	0.149967218054836	-0.613589426671523	-0.712502850922568	-0.382543670477881	2	2	2	1	13
24.1639432659865	NaN	-0.274931755682451	-1.08998921024974	-0.312704950483771	0.404363319851373	2	2	2	1	13
36.9285280869925	NaN	-0.503018630663701	-1.07377941575684	0.4285059756638	0.834909192596768	2	2	2	1	13
48.54357291229	NaN	-0.474547630008204	-0.573454188094478	1.08024082310764	0.633706968325021	2	2	2	1	13
59.8435580081475	NaN	-0.196976535111201	0.148809491802657	1.263625731759	-0.0705498122636881	2	2	2	1	13
70.8917006586942	NaN	0.256986828530493	0.714535983361842	0.872053315968213	-0.827402417989224	2	2	2	1	13
13.8217285698511	NaN	-0.626461699155861	-0.856222725853674	-0.161477750889319	-1.27247198584291	1	1	1	2	14
23.0558734094128	NaN	-0.152308484499098	-0.0383565851206616	-0.51218549861686	-1.36937026050603	1	1	1	2	14
35.6130296551807	NaN	0.686644367561445	0.475874822549047	-0.368955257074928	-0.820735691801091	1	1	1	2	14
48.2893250430316	NaN	1.29358363174091	0.341699752575049	0.196579798421435	0.00202400180413348	1	1	1	2	14
60.8115528578079	NaN	1.23674561724631	-0.350922737186263	0.901580852960973	0.541927328293056	1	1	1	2	14
72.1308033561388	NaN	0.55656367938002	-1.1376167634866	1.39345851205931	0.433477335554641	1	1	1	2	14
12.3682100281426	NaN	-1.24942289639087	-0.947886718995994	-0.476839228418204	-0.0038941841845071	1	2	2	1	15
23.3911044252075	NaN	-0.572520211460075	-0.960044632790036	-1.19464952476346	-0.637654125451042	1	2	2	1	15
35.8942665668314	NaN	0.183995884205288	-0.187013248062873	-1.20839654070344	-0.584847946467018	1	2	2	1	15
45.760144087387	NaN	0.552785612492099	0.688198280423719	-0.507186977764721	0.115432752262559	1	2	2	1	15
62.0047364240487	NaN	0.306028163274204	0.892299892111105	0.353332389882348	0.944780961505194	1	2	2	1	15
71.7031297673372	NaN	-0.40384140988377	0.244958327524551	0.691275809367619	1.28924298305704	1	2	2	1	15
12.1190958673544	NaN	-1.39417138991483	-0.33942870639775	-0.998285183902032	-0.893966408503504	2	1	1	2	16
22.5196736684366	NaN	-1.36464213280013	0.150488614226906	-1.11194469937717	-0.533402475030945	2	1	1	2	16
36.5242227900683	NaN	-0.896249161806679	0.537935315260722	-0.410031101607137	0.259590575680087	2	1	1	2	16
45.940438532806	NaN	-0.211686214419053	0.726997599467496	0.494842899328148	0.948365436321167	2	1	1	2	16
61.3907003705199	NaN	0.363576664468881	0.670872431632226	0.812925807297345	1.0668030482532	2	1	1	2	16
71.1461294957765	NaN	0.556035283997937	0.383453794987279	0.266602780672963	0.5347523616399	2	1	1	2	16
