age	diseaseAge	x1	x2	x3	x4	z1	z2	z3	z4	id
12.198051818536	-36.2950353422537	-0.859383819749099	-0.14353319356802	-0.912325851998976	-0.76209142918942	2	1	1	2	1
23.5472095334155	-24.9458776273742	0.0171688780256459	0.710969523013597	-1.04224531814634	-0.110549447109165	2	1	1	2	1
36.4798899434324	-12.0131972173573	0.721506192573485	1.10738655974351	-0.878521330632698	0.652075925729862	2	1	1	2	1
48.4930871607897	0	0.674228438318855	0.744743975752793	-0.469255614004739	1.06044058816432	2	1	1	2	1
59.2057028541167	10.712615693327	-0.085772911314839	-0.10162705618421	0.0653105215507777	0.865365725070326	2	1	1	2	1
71.5507305723733	23.0576434115836	-0.933308002092123	-0.789131487628789	0.568122795870192	0.18588348520541	2	1	1	2	1
10.5385939704996	-37.174032044952	-0.476688114749284	-0.594419841153674	-0.873019876999525	-0.563891482872804	2	1	1	2	2
24.6295788170787	-23.0830471983729	-0.806914701106772	-0.314396613056925	-1.18961868947229	-1.00886053834771	2	1	1	2	2
36.6124830881018	-11.1001429273499	-0.81476482151088	0.573126356915116	-0.952577233638587	-1.14060415860643	2	1	1	2	2
47.7126260154516	0	-0.497582299482517	1.30274838937979	-0.293349111293007	-0.911397070343785	2	1	1	2	2
58.3937031937905	10.6810771783389	0.0373105933162378	1.2452427282582	0.422484430259732	-0.40427153659718	2	1	1	2	2
72.9419607640299	25.2293347485783	0.608926834069766	0.450202312077001	0.797951068218424	0.197061803358601	2	1	1	2	2
11.0235923025178	-36.5261846838044	-0.37676035768455	-0.580874605951998	-0.321633130463772	-0.916902520205501	2	2	1	1	3
25.115296854414	-22.4344801319081	0.32061367462608	-0.7143008786359	0.575002345293667	-1.2797114345707	2	2	1	1	3
37.1038952325894	-10.4458817537327	0.992481314156058	-0.0937366202794009	1.00222597750634	-1.24723888286079	2	2	1	1	3
47.5497769863221	0	1.27360144335704	0.789404558808465	0.609770106158535	-0.832823777660334	2	2	1	1	3
60.4652518149013	12.9154748285792	1.01115135711029	1.23577913475554	-0.280602638240599	-0.20669748579811	2	2	1	1	3
71.9587869065106	24.4090099201885	0.347804339797379	0.891911155696257	-0.9389027274732	0.373942962179481	2	2	1	1	3
11.4197477592802	-36.1575511974127	-0.98297115784214	-0.525143944756353	-0.457065396111602	-0.978151880157511	1	2	2	1	4
23.7714734121621	-23.8058255445308	-1.25472242195457	0.277807526648046	-0.652427452207021	-0.611773304599602	1	2	2	1	4
36.4781216581642	-11.0991772985288	-0.833350705081745	1.01500511861541	-0.570107207879708	0.240720505411439	1	2	2	1	4
47.5772989566929	0	-0.0123496457038651	1.14705391608344	-0.233105340244391	0.925046652708849	1	2	2	1	4
60.3273220748283	12.7500231181354	0.636437468022098	0.577336064259283	0.264418187886869	0.915989717540876	1	2	2	1	4
71.2822083821796	23.7049094254867	0.661117727811643	-0.277295593545321	0.783452880116288	0.22050083282082	1	2	2	1	4
10.9294128716116	-48.6610041720565	-0.287865469284733	-0.372848521356331	-1.05762737936131	-0.744380785131578	2	1	2	1	5
24.798927307825	-34.7914897358431	-0.667081637665373	0.153831285822907	-0.952904392550571	-0.112010574990027	2	1	2	1	5
35.7447354513714	-23.8456815922967	-0.721705797131658	0.745957387059817	-0.286790492870442	0.529747084351913	2	1	2	1	5
46.4750746806239	-13.1153423630441	-0.432542561199142	1.19302594145172	0.502904026181993	0.886582900074074	2	1	2	1	5
59.5904170436681	0	0.0987936906149305	1.33610180385013	0.897144222796614	0.794852395091782	2	1	2	1	5
72.7522446613708	13.1618276177028	0.685586955603681	1.12432077740167	0.636811624485338	0.296623068964075	2	1	2	1	5
13.208279891894	-34.756268095628	0.159812518185502	-0.340801086110792	-0.705451599833428	-1.14973746703892	1	1	1	1	6
22.8213595229465	-25.1431884645754	0.773800050823189	-0.889139450251082	-0.674069860485984	-1.44356428487496	1	1	1	1	6
36.1389657382351	-11.8255822492868	1.16830959899868	-0.723281574929768	0.0377581096813159	-1.37880085398711	1	1	1	1	6
47.9645479875219	0	1.18458562674854	0.0345411917630865	0.880969379507798	-0.97914294774779	1	1	1	1	6
58.5333214159108	10.5687734283889	0.816078458606762	0.82584045603394	1.20515953837466	-0.390818198679198	1	1	1	1	6
72.2058885989708	24.2413406114488	0.21107995025918	1.06745683743658	0.760267045655664	0.170915959629953	1	1	1	1	6
13.6496313515153	-34.8264588869302	-0.55936620840656	0.0308977283151601	-0.64272805573244	-0.375795744060304	2	2	2	1	7
24.9403694391803	-23.5357207992652	-0.65583937413941	-0.478467083253522	-0.280022191994845	0.331113018349608	2	2	2	1	7
37.1635493880744	-11.3125408503711	-0.269357990587768	-0.835633382942151	0.543454243153632	0.949851400748505	2	2	2	1	7
48.4760902384455	0	0.408730337372729	-0.939272978854603	1.23231772125214	1.15872243498723	2	2	2	1	7
60.6161717006696	12.1400814622241	1.04270289974503	-0.75998328493556	1.2885115272422	0.849129046178872	2	2	2	1	7
72.3371392153935	23.861048976948	1.31867877876793	-0.348628843909979	0.671406852502276	0.182036284127738	2	2	2	1	7
10.8150384551109	-37.7471556378863	-1.2857049062796	-0.938250331510797	-0.328043850970829	-0.407890834287557	2	2	2	1	8
24.2098468987284	-24.3523471942688	-0.754719703083757	-0.946818583623585	0.209176670252535	0.390219229620969	2	2	2	1	8
35.5630313758137	-12.9991627171835	-0.0707435436494522	-0.174011379803758	0.721565496054902	0.816915044116741	2	2	2	1	8
48.5621940929972	0	0.446161486756398	0.699652257569975	1.05551291077577	0.591241213736016	2	2	2	1	8
59.4882116507241	10.9260175577269	0.554113124205928	0.904841088500513	1.11090438256424	-0.138208630868046	2	2	2	1	8
71.2112477583315	22.6490536653343	0.202596119426925	0.260869811482262	0.871134029709063	-0.891132451101786	2	2	2	1	8
13.1838054289708	NaN	-0.352292114100219	-0.393749955613814	-0.388054472411838	-0.719955636367258	1	1	1	2	9
25.8803905748498	NaN	-0.637951763862853	-0.934859480231009	0.405256867468667	-0.200637664212019	1	1	1	2	9
33.8461340774902	NaN	-0.670343204738367	-0.973766225982363	0.916963307279066	0.34537950758041	1	1	1	2	9
46.2710638510497	NaN	-0.440812091436968	-0.488940263294544	0.824086349993759	0.748906753766588	1	1	1	2	9
58.384407013788	NaN	-0.0106845476372676	0.251328972918004	0.185248005692263	0.884906941228499	1	1	1	2	9
72.5142566582438	NaN	0.505117947959068	0.837396722777001	-0.596330205956308	0.711238991006866	1	1	1	2	9
11.6594790288606	NaN	-0.0581887650927871	-0.766091128349228	-0.666212641782553	-0.926329226433455	1	1	1	1	10
23.96592216135	NaN	-0.750836599816565	-0.332011252567749	0.166923354255555	-0.410028162563919	1	1	1	1	10
38.1161407691964	NaN	-0.964732014555835	0.49295426616542	0.987725954309841	0.521284472502261	1	1	1	1	10
47.5081686041138	NaN	-0.568263472435512	1.13229399869715	1.07737961461152	1.05967377032039	1	1	1	1	10
59.6172523387745	NaN	0.194618803419306	1.13921755858529	0.357370397002568	0.738074760801907	1	1	1	1	10
70.5583336445754	NaN	0.854507327568108	0.508886547963133	-0.541755672907595	-0.164518095409208	1	1	1	1	10
12.7018798456186	NaN	-1.42844387147129	-0.155627405343977	-1.41388557073974	-1.11218231540132	2	1	2	2	11
22.5135192808779	NaN	-0.870544090463532	-0.767728296682436	-1.26974302181374	-1.14598837790411	2	1	2	2	11
36.1550386511842	NaN	0.0713535956562539	-1.12108456492923	-0.719135515367414	-0.664156946416063	2	1	2	2	11
49.7859374751962	NaN	0.559990709214326	-1.06734954840011	-0.0267879556993919	0.0704689194468605	2	1	2	2	11
57.4709217622252	NaN	0.1610148021036	-0.629082378017518	0.474427984848954	0.657144690295787	2	1	2	2	11
72.1147077806253	NaN	-0.770922059386054	0.00972283745507191	0.543534222359073	0.775833846021888	2	1	2	2	11
11.7420031097967	NaN	-1.12827323778383	-0.771174316641907	-1.03869786530142	-1.40796847173457	2	2	1	2	12
24.0242544365912	NaN	-0.794857202851988	-1.25220066031051	-0.334969250728853	-1.00479540133619	2	2	1	2	12
36.091970215712	NaN	0.0605073369501146	-1.29583660196692	0.401366528198551	-0.148962531787424	2	2	1	2	12
49.3462975162582	NaN	0.765304160659948	-0.881214823987271	0.718028704786971	0.509926101511589	2	2	1	2	12
62.0679750467361	NaN	0.765398423574468	-0.206613259800741	0.420513336529406	0.471753325804917	2	2	1	2	12
71.7723767594758	NaN	0.0607160130363201	0.405364187134536	-0.30843621042299	-0.234506522884858	2	2	1	2	12
10.9706309999429	NaN	-1.16312248455722	-0.956803389263996	-1.02814210244748	-0.987072746533127	1	2	1	2	13
24.0753087832945	NaN	-1.36793386071989	-0.21926855759823	-1.13937224061272	-1.37277824113343	1	2	1	2	13
36.1910363023748	NaN	-1.04098323175962	0.434965177490461	-0.8937572558402	-1.2918722154624	1	2	1	2	13
47.6528107745174	NaN	-0.356835540291827	0.627709157647488	-0.379554953134164	-0.783189114952205	1	2	1	2	13
59.9843072963464	NaN	0.319230202349791	0.247545118494252	0.218464318061926	-0.0908940181021722	1	2	1	2	13
71.1009201899803	NaN	0.626250085669681	-0.485767975839199	0.685411925139214	0.452715252538568	1	2	1	2	13
11.2709715963217	NaN	-0.746773559022447	-0.712329396809217	-0.509946659973379	-1.11440482790802	1	2	1	1	14
25.5590841794817	NaN	-0.721421224830038	-1.02923101199196	-1.14024359657582	-1.11880627099743	1	2	1	1	14
37.1332648628222	NaN	-0.351926859347051	-0.706364467080923	-1.409100331624	-0.654041214579102	1	2	1	1	14
47.2296388854873	NaN	0.226377687740562	0.0497087931568773	-1.18350949742379	0.0473113765104144	1	2	1	1	14
59.1002012310045	NaN	0.801681273015606	0.755273167194942	-0.575074186334076	0.634278774506028	1	2	1	1	14
71.2828785555282	NaN	1.16327189218416	0.958927298111659	0.115203734886238	0.813129193996249	1	2	1	1	14
10.9119697393176	NaN	-0.662590863434281	-0.969619542982596	-1.09270766039637	-0.546036920606426	2	1	1	1	15
24.4321067057079	NaN	-0.16185085417322	-0.931782012213569	-0.843944363235866	-1.08321050698228	2	1	1	1	15
35.7262137518893	NaN	0.609981046641807	-0.604715096052822	-0.0129735774159976	-0.784888261265587	2	1	1	1	15
48.9864817646579	NaN	1.19068278129486	-0.0890975225758503	0.742425816401949	0.0969713985557725	2	1	1	1	15
60.8905743961997	NaN	1.23249319813217	0.456351746115045	0.824295651460599	0.817563256088638	2	1	1	1	15
70.816214658672	NaN	0.710373558946505	0.863730865204361	0.167829499683578	0.768286420699638	2	1	1	1	15
12.1990799306977	NaN	-0.808372148361904	-0.880170833441666	-1.06363381462489	-0.740148269756783	1	1	1	1	16
22.5025793220863	NaN	-0.0070657735371733	-0.760849454461221	-0.586861053728312	-1.00924122077126	1	1	1	1	16
35.5493645346796	NaN	0.489694626282357	-0.153276114836162	-0.082580767333263	-0.511022274677539	1	1	1	1	16
47.4818954016212	NaN	0.361024249804436	0.595413619491755	0.317958329460737	0.368141934896415	1	1	1	1	16
59.8150764575384	NaN	-0.309961646192586	1.05745766995422	0.510508176161091	0.946463373347482	1	1	1	1	16
71.6563036273106	NaN	-1.08983645204914	0.968868279869409	0.444953944459335	0.775456271354501	1	1	1	1	16
