age	diseaseAge	x1	x2	x3	x4	z1	z2	z3	z4	id
14.5666538766603	-34.8418741791395	0.193903047198839	-1.16858746561003	-0.743712754926303	-1.31510335916989	1	1	1	1	1
23.0889297137486	-26.3195983420512	-0.364456916476132	-1.16306640721945	0.0760072837601035	-1.22457004945823	1	1	1	1	1
36.5796559168292	-12.8288721389705	-0.701222269780066	-0.827540451935906	0.61308389493225	-0.600752405344511	1	1	1	1	1
49.4085280557998	0	-0.696043482741471	-0.278204160157603	0.506583468368066	0.173366600966101	1	1	1	1	1
59.6198818097853	10.2113537539855	-0.3507712938042	0.294704163361886	-0.171922114658176	0.622528854101502	1	1	1	1	1
71.4893018790045	22.0807738232047	0.211204686897695	0.692783084243012	-0.966454201300249	0.470978295650479	1	1	1	1	1
12.4422708657133	-35.3732904491702	-0.410729692244393	-0.781773227004366	-0.607350791749794	-0.137832620720214	2	1	2	1	2
23.7508660020407	-24.0646953128428	-0.9902736601446	-1.11323295709775	-0.203383962208358	0.426399317175212	2	1	2	1	2
35.1436469167958	-12.6719143980877	-1.11281716840381	-0.848979967337655	0.285961931546913	0.943441872002234	2	1	2	1	2
47.8155613148835	0	-0.712971121724549	-0.146608559835428	0.742049197740823	1.24526224658845	2	1	2	1	2
59.0228586492654	11.2072973343819	-0.00409297675251202	0.575003386718676	1.05430341202484	1.23377234100501	2	1	2	1	2
71.1570545597059	23.3414932448224	0.635560586625046	0.885503386187645	1.14702123305601	0.912706240495776	2	1	2	1	2
14.254891985173	-32.678028137999	-0.633966450798308	-0.889683311885208	-0.64423707470216	-0.501834836801633	2	2	2	2	3
24.8377094716909	-22.0952106514811	-1.10849651379295	-1.02751469901288	-0.164219149826387	0.336262919673803	2	2	2	2	3
37.0505538296305	-9.88236629354151	-0.852836221157272	-0.842668540333568	0.529028331210102	0.512079199828118	2	2	2	2	3
46.932920123172	0	-0.055552685605899	-0.394846125362745	1.09904438601856	-0.122940509765908	2	2	2	2	3
60.2158965798983	13.2829764567263	0.69530245307026	0.171315644388025	1.26917721704546	-1.03224155164062	2	2	2	2	3
72.2207745750236	25.2878544518516	0.845921702485711	0.672958829267835	0.956854494740734	-1.44751752256645	2	2	2	2	3
11.8194395147966	-36.1965314320812	-0.506948837484654	-0.242448738511876	-1.25470326556583	-0.544973341123456	1	1	1	2	4
25.1344878911342	-22.8814830557436	-0.11999434352802	0.522767967487709	-1.15361301529004	-0.907542693212516	1	1	1	2	4
36.8010959449109	-11.2148750019669	0.782887178422474	1.20080494802877	-0.641065625672607	-0.864269204236843	1	1	1	2	4
48.0159709468778	0	1.44076513545258	1.36436967191075	0.0429617142900915	-0.433342137548891	1	1	1	2	4
59.6065414803094	11.5905705334316	1.29919306727072	0.910385187745433	0.578204066045853	0.204105760515698	1	1	1	2	4
71.5679894415862	23.5520184947083	0.477485097782086	0.124948249739314	0.714058348576099	0.780134280701215	1	1	1	2	4
13.0165185797292	-35.5262168761949	-0.0657075234070711	-1.1149922397212	-0.796631061445447	-0.55633107806346	1	2	1	1	5
25.4497085629513	-23.0930268929727	-0.757815931792203	-1.40582351873637	-1.32909214500494	-0.236252793152029	1	2	1	1	5
37.0795507094145	-11.4631847465096	-1.06391340617781	-1.47589183133782	-1.10303839409365	0.581894888272668	1	2	1	1	5
48.5427354559241	0	-0.813522157230501	-1.30846798460629	-0.293255044460876	1.29719141918252	1	2	1	1	5
59.5333560545999	10.9906205986758	-0.146094974211745	-0.943525337786033	0.47413171443258	1.38425930062384	1	2	1	1	5
71.8735394074866	23.3308039515626	0.56665154857975	-0.468195944104169	0.605776826274392	0.779148123480783	1	2	1	1	5
11.4038801964151	-35.9339999720219	-0.708660212838402	-0.73723834797365	-1.43778640011307	-0.899010175623326	2	1	1	1	6
23.3235159235864	-24.0143642448506	-0.690087313141215	-0.152880684211523	-1.06992385226358	-0.0639764021614244	2	1	1	1	6
36.0975078214385	-11.2403723469985	-0.415198041761158	0.546220873847703	-0.272735242099682	0.573513649243757	2	1	1	1	6
47.337880168437	0	0.0423058409584335	1.01281359726645	0.411754477922754	0.557911435095943	2	1	1	1	6
61.0501853127058	13.7123051442688	0.559760975508972	1.01513488354191	0.518146651549196	-0.0996337475849545	2	1	1	1	6
72.1391179102273	24.8012377417903	0.998430211023826	0.552031719947231	-0.0258969509897137	-0.929242016606256	2	1	1	1	6
12.2030243678373	-35.8977674297346	0.207908172973427	-0.911940745127361	-0.960104398016074	-0.966232371101941	1	1	2	1	7
23.3133197838076	-24.7874720137643	0.737978821715346	-1.16929793611048	-1.24380229403877	-1.15632894517314	1	1	2	1	7
35.8501474933849	-12.250644304187	1.192680814329	-0.595912742182322	-1.11858851085722	-0.745884398555804	1	1	2	1	7
48.100791797572	0	1.44425289877302	0.322712480097804	-0.636104624574391	0.0156576044802423	1	1	2	1	7
58.4350589734877	10.3342671759157	1.42200885636059	0.80875033836843	0.00465986302447613	0.665477349802443	1	1	2	1	7
72.8217655596341	24.7209737620621	1.1321987734235	0.450658072080019	0.539436217223087	0.808653234178528	1	1	2	1	7
11.3125399260451	-37.5074095448805	-1.19083220896409	-0.770629074916627	-0.757836695618952	-1.38114693525485	2	1	1	1	8
23.6688461039169	-25.1511033670087	-1.14594960468134	-0.387812406257299	-0.97715282664489	-0.948423816063493	2	1	1	1	8
35.0371618334	-13.7827876375256	-0.403201720819861	0.123284930900705	-0.719914138899963	-0.0234364823774534	2	1	1	1	8
48.8199494709256	0	0.442061994173644	0.622393716420166	-0.10876147982688	0.591140085690926	2	1	1	1	8
60.1313820493148	11.3114325783892	0.712320543676262	0.972534954288811	0.564932648705944	0.361995629085454	2	1	1	1	8
71.8027552093549	22.9828057384293	0.190948230219975	1.07761337105674	0.979978539330814	-0.512025483789707	2	1	1	1	8
12.9292660257719	NaN	-1.13790255681404	-1.10825281464398	-0.843429829328538	-0.658261003018274	2	2	2	1	9
24.5773001670697	NaN	-0.43425949046875	-0.929601786499536	-1.17811847501931	-0.273088173040339	2	2	2	1	9
36.3439473607392	NaN	0.443633545418196	-0.113604783166452	-1.03029728554628	0.293845555191392	2	2	2	1	9
48.5691541192031	NaN	0.771954536440692	0.677907882398555	-0.47203000533055	0.847520443034131	2	2	2	1	9
61.1202492533169	NaN	0.280003122328062	0.802964397774177	0.224524612586131	1.19747766515577	2	2	2	1	9
70.5314414958786	NaN	-0.626607200745664	0.160135232741244	0.719791882464655	1.22333530988705	2	2	2	1	9
12.001626076799	NaN	-0.51724902984569	-0.442339147020764	-0.644081572755909	-1.39785494199847	2	1	2	2	10
23.0520344880902	NaN	0.167036581252314	0.221418020957297	-0.125429669833806	-0.903779996351136	2	1	2	2	10
35.3806541526047	NaN	0.893533725782117	0.771544803818715	0.422069238858982	-0.0933811402797887	2	1	2	2	10
47.4701217728667	NaN	1.23649347132528	0.964100898117146	0.828260221414185	0.497662608893486	2	1	2	2	10
61.318769784204	NaN	0.994931207512828	0.713702000566571	0.966904854556307	0.478667413969857	2	1	2	2	10
74.1044871959105	NaN	0.310409604900459	0.131381394682842	0.794914343518487	-0.137810775255955	2	1	2	2	10
11.0983734214555	NaN	-1.2284358753686	-0.0459729402934105	-0.498987215702135	0.0353596238797463	2	1	2	1	11
23.3876422203116	NaN	-0.53257610751206	-0.550412204927785	0.259805044912166	-0.600933645277841	2	1	2	1	11
37.8181234916693	NaN	0.253486871024555	-0.437288688596703	0.966077814618509	-0.925356048387916	2	1	2	1	11
47.5177466189967	NaN	0.601526038830694	0.220910842752914	1.1651137864826	-0.785806452408623	2	1	2	1	11
58.2082363734352	NaN	0.277662307380015	1.00242832393082	0.728768276196822	-0.247710831195357	2	1	2	1	11
73.7159686858828	NaN	-0.500470903514758	1.40648658164112	-0.0620278013849045	0.436651833015171	2	1	2	1	11
12.1851174617646	NaN	-0.537622478291751	-0.888954354157571	-1.15340404924895	-1.27217106774668	1	2	2	2	12
24.2888191123552	NaN	0.116722019600571	-0.115459652178321	-0.724396771867282	-1.36592294243652	1	2	2	2	12
37.1568471853573	NaN	0.909657524586968	0.660840461029052	-0.228390363810169	-0.947148194468551	1	2	2	2	12
47.9383011400054	NaN	1.32133179773491	0.868713498284663	0.212510581709306	-0.236945364892492	1	2	2	2	12
60.2280972843156	NaN	1.08184925326085	0.355198214228701	0.48976708268323	0.389723086805797	1	2	2	2	12
71.7788641044004	NaN	0.348215771399944	-0.501840428960455	0.535125399407488	0.601997955135325	1	2	2	2	12
12.9629743483033	NaN	-0.683338788716822	-0.950759552256215	-1.28301615863394	-1.1915442914825	1	1	2	1	13
24.50554867041	NaN	-0.0232570151489983	-0.560407024618914	-1.04963728304524	-1.18396528224121	1	1	2	1	13
35.3464954528915	NaN	0.646468958326292	0.194364464067866	-0.18074215476391	-0.611869571719143	1	1	2	1	13
47.2385167232564	NaN	0.986718744427215	0.856462875285035	0.578509083807145	0.172131579285754	1	1	2	1	13
60.6948766237492	NaN	0.825204506329472	1.02491928397414	0.576986344998711	0.684818965947408	1	1	2	1	13
71.6804059811486	NaN	0.243710097645629	0.59771594780726	-0.184004477957219	0.610197655108567	1	1	2	1	13
12.1780560141994	NaN	-1.37015934557564	-1.19840898030529	-0.323532812466048	-0.665279384125197	1	2	1	1	14
25.4591184860392	NaN	-0.729084452324247	-1.04825076974602	0.302627596695005	-1.30534054078316	1	2	1	1	14
33.9333472150137	NaN	0.11997256498913	-0.364956866896213	0.961804216736128	-1.29694295081476	1	2	1	1	14
47.721727846786	NaN	0.549111852019585	0.409600992680224	1.34393178260046	-0.646065408515218	1	2	1	1	14
60.4798997521096	NaN	0.240973690484915	0.774532600131356	1.26926410579628	0.183889734794469	1	2	1	1	14
73.4294651173058	NaN	-0.576565695992178	0.49384439240325	0.772923568240002	0.602023055020084	1	2	1	1	14
12.4314891217473	NaN	-0.69666172311968	-0.679283770300098	-0.489052482320504	-0.368821367787307	2	1	1	2	15
22.1172643350625	NaN	-0.670832723523078	0.172725348555312	-1.10426340691564	0.380813301951684	2	1	1	2	15
35.4266339009505	NaN	-0.345929121610186	0.556036125210884	-1.44407081307457	1.00181229020355	2	1	1	2	15
47.6872415658123	NaN	0.175302539509052	0.179319166061777	-1.36188295652388	1.13550624892079	2	1	1	2	15
59.3677299908282	NaN	0.728029518602628	-0.671107663719685	-0.893155395416487	0.704677781749834	2	1	1	2	15
72.51403150302	NaN	1.13745908930153	-1.34889068008839	-0.240095584700027	-0.0418402333757913	2	1	1	2	15
13.8139044829922	NaN	0.0270399098343477	-1.27248294729484	-0.63540916775064	-0.941579432483243	1	1	2	2	16
24.477427145466	NaN	-0.684620305533929	-0.905502097604496	-0.676871637554124	-0.187264201281614	1	1	2	2	16
35.9058401125989	NaN	-0.741271025559127	-0.424616411532853	-0.107933912518235	0.62736230628913	1	1	2	2	16
50.1143021656132	NaN	-0.100301870237305	0.0526038990300371	0.699669848237361	0.878397078353465	1	1	2	2	16
60.4421093578271	NaN	0.7561760898764	0.409484758194222	1.21826518809718	0.373578570607517	1	1	2	2	16
71.4118314787992	NaN	1.18395477888795	0.558773499792415	1.10901079965099	-0.500464762674101	1	1	2	2	16
