age	diseaseAge	x1	x2	x3	x4	z1	z2	z3	z4	id
11.3676259605702	-37.0207090424419	-0.405578642659944	-0.946788721312533	-1.02567478155933	-0.824324952533907	1	1	1	1	1
23.7271839932114	-24.6611510098007	0.302194638235767	-0.290941548603559	-1.36788568821427	-0.280175103677711	1	1	1	1	1
35.624009790394	-12.7643252126181	1.11272846351494	0.554995047344364	-1.3607528116111	0.291667002832775	1	1	1	1	1
48.3883350030121	0	1.44496301109227	0.964377671227865	-1.00688057530776	0.69518566551841	1	1	1	1	1
58.6198992088937	10.2315642058816	1.06072420224947	0.633948468217887	-0.435478166565242	0.792062994133383	1	1	1	1	1
69.6341235734898	21.2457885704776	0.235467208555191	-0.191520933795969	0.14481854760456	0.549091434862241	1	1	1	1	1
12.7841180488968	-35.7247356372826	-0.884574792670646	-1.10674106930565	-0.586959269893122	-0.721350415446655	1	2	1	2	2
23.8123340249154	-24.696519661264	-0.895183924451095	-1.23828064570111	-0.646546819743288	-0.534292936218107	1	2	1	2	2
33.6558898726443	-14.8529638135351	-0.285092459659625	-1.12082451226907	-0.199511691206181	0.271493107613972	1	2	1	2	2
48.5088536861794	0	0.53258937546979	-0.783621847901445	0.517795818517655	1.05854841743414	1	2	1	2	2
58.6065265081762	10.0976728219968	1.00418602998811	-0.310643585104938	1.1261306964866	1.2042316238492	1	2	1	2	2
73.951299463268	25.4424457770886	0.810366039873235	0.180328212159284	1.30386244874837	0.593292388022621	1	2	1	2	2
11.9565841796441	-35.6071934310825	-0.845603855495167	-0.768235861313149	-0.547240067846894	-1.47171933068269	2	2	2	2	3
23.9945758868067	-23.5692017239199	-0.545837729404659	-0.225022504983946	-0.0335911701628481	-1.13027166599081	2	2	2	2	3
37.0876062448009	-10.4761713659257	0.104982850730147	0.414029191028355	0.700345626384794	-0.440618816946859	2	2	2	2	3
47.5637776107266	0	0.779308290780283	0.885727066130274	1.25844894397404	0.229069748793945	2	2	2	2	3
58.9521966784169	11.3884190676903	1.13775930413267	0.99580329555879	1.33949849201528	0.521282446837552	2	2	2	2	3
70.3084896873489	22.7447120766223	0.999932124338537	0.698923204773399	0.899750096905346	0.280022251100551	2	2	2	2	3
14.072388278133	-34.1796670640418	-0.508852663009785	-1.31229084533852	-0.705596581709941	-1.42508627081576	1	2	1	2	4
23.7115646287794	-24.5404907133955	-0.645306538408829	-0.990632024872944	-1.03233242229828	-0.874109494607651	1	2	1	2	4
33.8426034480221	-14.4094518941527	-0.468185688906719	-0.384922709087693	-1.04004506942663	0.0146899581970291	1	2	1	2	4
48.2520553421748	0	-0.0330704827366706	0.24502829518913	-0.726153513414906	0.538941835321363	1	2	1	2	4
58.6883719100532	10.4363165678784	0.523500307558252	0.629014117242409	-0.195700436896137	0.284358164343095	1	2	1	2	4
71.0212224091774	22.7691670670026	1.02687525297124	0.602330507580392	0.373799941918608	-0.547877315654306	1	2	1	2	4
10.9481194996576	-37.2882196807808	-0.407799290974906	-1.41259390536829	-0.488962736282059	-0.549482756999245	2	2	2	2	5
24.426447666902	-23.8098915135365	0.235908483232976	-1.06886997441389	-0.652719036686723	0.234593434038234	2	2	2	2	5
37.5622903556396	-10.6740488247988	0.771022376330562	-0.560190873387859	-0.456934451670638	0.848437679830617	2	2	2	2	5
48.2363391804384	0	0.974892302363932	-0.0339434411297811	0.0279708650889859	0.908136827974778	2	2	2	2	5
61.0739904660021	12.8376512855637	0.76269210163091	0.357395160763738	0.627585292154727	0.376353576187756	2	2	2	2	5
71.4649401327415	23.2286009523031	0.222713992932158	0.500436827036075	1.12623842780639	-0.414321868832001	2	2	2	2	5
13.9317703821782	-35.0108587991277	-0.913665644977034	-0.592514066686397	-0.327765843782167	-0.92338679291919	2	1	1	1	6
23.3713101850246	-25.5713189962813	-0.269274346204926	-0.794144217652891	0.42547173220437	-0.507349339115629	2	1	1	1	6
34.6125897468745	-14.3300394344315	0.447793992138127	-0.47549977406485	0.784931097527166	0.242050207204303	2	1	1	1	6
48.942629181306	0	0.84575474602776	0.19700819736863	0.528745521303322	0.884739800619351	2	1	1	1	6
59.8420853826229	10.8994562013169	0.707174100579077	0.872164506335606	-0.184961264609197	1.04331098747618	2	1	1	1	6
72.7965908096063	23.8539616283003	0.107768362273584	1.19737087650829	-0.915672732682572	0.624645554816643	2	1	1	1	6
15.486226153566	-44.5467199904505	-0.50142519846857	-0.584570692194162	-1.33512482511185	0.0807439153941069	2	2	1	1	7
24.155393140981	-35.8775530030355	0.157210226478279	0.0812429723171157	-1.44270330804129	0.714297616297903	2	2	1	1	7
37.8630478111967	-22.1698983328198	0.743567675011708	0.474773025427472	-0.886222223372449	1.22110693038649	2	2	1	1	7
47.2960768275691	-12.7368693164474	0.994935075376377	0.409271262702826	-0.0525736780228905	1.39774328674425	2	2	1	1	7
60.0329461440165	0	0.798689571519675	-0.084178701074638	0.478650225014377	1.17330648573651	2	2	1	1	7
71.780261434579	11.7473152905625	0.242757159810906	-0.771412044221881	0.338117372297683	0.6378833833477	2	2	1	1	7
12.5451464109866	-35.0662057291299	0.0482632692299266	-0.739300647622846	-0.484794316202957	-0.515888913852301	1	2	1	2	8
23.3105613782972	-24.3007907618194	0.673335169668402	0.0417433100651048	-0.475702379959517	-0.338525194651821	1	2	1	2	8
37.5260609958208	-10.0852911442957	1.05347734313805	0.877132397042673	-0.105039166828862	0.127332221087609	1	2	1	2	8
47.6113521401165	0	1.02749344806077	1.07595874575984	0.485583256599953	0.718308620674284	1	2	1	2	8
59.5069743089614	11.8956221688449	0.606401753701922	0.473783185599783	1.0705172970598	1.22715046208441	1	2	1	2	8
72.1752858862374	24.5639337461209	-0.031237071491671	-0.43136547429159	1.42628861085149	1.47540853137997	1	2	1	2	8
13.6045331290141	NaN	0.322060625418563	-1.33939429732669	-0.806893118457968	-0.052811347693578	1	1	1	2	9
24.4704915152316	NaN	1.18963154602215	-0.995510691948236	-0.999418013519074	-0.731231961736404	1	1	1	2	9
36.2235240584589	NaN	1.48977514545109	-0.180518762388982	-0.818227790624168	-1.04155297035393	1	1	1	2	9
49.1523347824681	NaN	0.97605136979285	0.520222346243132	-0.331039185059515	-0.817662428934891	1	1	1	2	9
59.0769504954812	NaN	0.0702653656847131	0.603412906167109	0.280069425487575	-0.179406858283245	1	1	1	2	9
73.8098613769311	NaN	-0.483865685796222	0.00930219682736444	0.786706688821583	0.531561481342368	1	1	1	2	9
13.1537825547996	NaN	-1.16218538902822	-0.303313176652217	-1.13661101495694	-0.57445263481642	1	1	2	2	10
24.02093375436	NaN	-0.941024717255227	-0.608726104386857	-0.635123171438134	-1.06600604944919	1	1	2	2	10
35.4807173461652	NaN	-0.109779499951325	-0.669394809708851	0.1680037858106	-1.20858944530023	1	1	2	2	10
49.0402333326311	NaN	0.660116353748097	-0.469343230670214	0.752212996506048	-0.943824558873128	1	1	2	2	10
59.6753722437978	NaN	0.74678355730329	-0.0612515159992018	0.738841897122818	-0.380114715900063	1	1	2	2	10
71.7975869434565	NaN	0.0802171373736129	0.447416387621287	0.136557134260986	0.251739003646189	1	1	2	2	10
11.9119866731851	NaN	-1.02978863114994	-0.160856684302349	-0.039373780295864	0.146394897047253	2	1	2	2	11
23.369148313302	NaN	-0.256100073882504	-0.725876062166979	-0.752250265856754	-0.465120977106372	2	1	2	2	11
36.021271180707	NaN	0.566166467082278	-0.950082287926918	-0.790514715559082	-0.787437962896603	2	1	2	2	11
47.8791241359552	NaN	0.780384779031352	-0.734976198100419	-0.124798947123172	-0.67990668197175	2	1	2	2	11
58.431722671141	NaN	0.215489456939405	-0.175059048555486	0.733956409545838	-0.189450531118864	2	1	2	2	11
70.3416739263014	NaN	-0.67741872171411	0.48368414997803	1.12665174516309	0.469910268056001	2	1	2	2	11
11.6890755579402	NaN	0.305128465906304	0.266137785737285	-1.13009724780752	-0.10677897251247	1	1	1	2	12
23.061993838636	NaN	-0.370738426819618	1.03524363691906	-0.961152070959926	0.688193070830186	1	1	1	2	12
34.9889966854622	NaN	-0.476235917316348	1.25555509564083	-0.569737471867019	1.03687309552735	1	1	1	2	12
47.7984550773933	NaN	0.0592496210640822	0.768926646444725	-0.0609434330712488	0.700329600731374	1	1	1	2	12
60.5165608516968	NaN	0.877296621092509	-0.0753266664991404	0.428625133963525	-0.0908224180989291	1	1	1	2	12
72.2124807953811	NaN	1.43035399725483	-0.67117701274041	0.767525119342457	-0.794449411954125	1	1	1	2	12
12.0134159035837	NaN	-1.03163579082982	-0.195388157208163	0.114891097833298	-0.989780785546705	1	1	1	1	13
24.0233393680285	NaN	-1.08222759788241	0.48028078567843	-0.371581764434949	-0.602127780661919	1	1	1	1	13
36.9279633519732	NaN	-0.887851069293655	1.0025746617134	-0.675595418953959	0.119473931793818	1	1	1	1	13
48.7100904748959	NaN	-0.496660794323249	1.13305047281077	-0.710502989843822	0.772750351726443	1	1	1	1	13
60.2849018778158	NaN	-0.00556974466771203	0.812142053248022	-0.466355476731682	0.993517034895815	1	1	1	1	13
69.7876909261036	NaN	0.463759819538085	0.186353831245658	-0.0127373175220982	0.658702354401534	1	1	1	1	13
11.8142807062563	NaN	-0.376305156145785	-0.802798582505209	-0.786938332638383	-0.738680311739903	2	1	1	1	14
23.527078583313	NaN	-0.891536556418408	-1.12672904881221	-0.307530920791404	-0.676731974355896	2	1	1	1	14
35.6073630641475	NaN	-0.957053417394311	-1.18634728777993	0.199266915374774	0.120560420793283	2	1	1	1	14
46.5403959559782	NaN	-0.540066079239655	-0.964670964979071	0.600105389436357	0.965654097716163	2	1	1	1	14
59.3582824040314	NaN	0.150733027281241	-0.524844874922924	0.789514980625649	1.12978498423608	2	1	1	1	14
73.5388937658263	NaN	0.769615071773544	0.0078459373856383	0.71765781133295	0.47141528815733	2	1	1	1	14
11.1134860059974	NaN	0.0801643866019189	-0.434670379080921	-0.458651838234668	-0.522085399641573	1	2	1	2	15
23.9244878232177	NaN	0.941746905427699	0.341330986589176	0.260730840539684	-0.765224255596065	1	2	1	2	15
36.4986424068622	NaN	1.12301423786419	1.07260300873851	1.04479672142597	-0.680742283312567	1	2	1	2	15
46.6090123189782	NaN	0.465119542514776	1.25524147569112	1.35356502553775	-0.296608863071492	1	2	1	2	15
59.994949898481	NaN	-0.455415791337904	0.763394050800843	0.974389145728611	0.260001255074151	1	2	1	2	15
71.8945076344099	NaN	-0.831915082291758	-0.0640175221799381	0.168404902221789	0.804811596019119	1	2	1	2	15
12.5708866876605	NaN	-0.636372408942213	0.038217242051241	0.151451185888906	-0.615898600408943	1	1	1	1	16
22.7434103841721	NaN	-1.08537190283819	-0.685892836478313	0.978481297564777	-1.05536972687805	1	1	1	1	16
36.0398278952894	NaN	-1.35032874034125	-0.64321604529914	1.21243119861622	-1.06674006719851	1	1	1	1	16
47.7864490266716	NaN	-1.36115891701148	0.130233911332356	0.667525460989799	-0.644804829420226	1	1	1	1	16
61.4028125407294	NaN	-1.11499773172628	0.981765084803869	-0.223536024434579	0.0172944386090381	1	1	1	1	16
72.141585870808	NaN	-0.676957531708072	1.19279505597894	-0.753177284627303	0.616480709880597	1	1	1	1	16
