age	diseaseAge	x1	x2	x3	x4	z1	z2	z3	z4	id
13.1446647335307	-35.485234131303	-0.27748624605424	-0.484555770692163	-0.924549119636111	-0.0283415337045791	2	2	1	1	1
22.8371289328377	-25.7927699319961	-0.783067127389463	-1.00042177328647	-0.737483136834955	0.493857037847952	2	2	1	1	1
38.2413065963386	-10.3885922684952	-0.421775075549228	-1.35259981467694	-0.102271067900332	0.929504950989479	2	2	1	1	1
48.6298988648338	0	0.491991653572326	-1.43742204752978	0.627295219476669	1.15941418098869	2	2	1	1	1
60.3868747570987	11.7569758922649	1.16306841556463	-1.22992002619407	1.04487171510041	1.12068433015171	2	2	1	1	1
72.5934981485478	23.963599283714	1.00748066001391	-0.791174469343686	0.917882283353056	0.823911419439859	2	2	1	1	1
12.2074260109352	-35.7523866838938	-0.489928233051687	-0.506506948402795	-0.337892261835958	-0.399568109994797	2	2	1	2	2
24.4346809486063	-23.5251317462227	0.1994592643531	-0.200642984117323	-0.724528728559367	0.114701183318624	2	2	1	2	2
36.4918717490839	-11.4679409457451	0.786785411760488	0.659821939643256	-0.550167184331822	0.564239654466314	2	2	1	2	2
47.959812694829	0	0.987065957722613	1.38037971060188	0.0862246840948894	0.830136912860084	2	2	1	2	2
61.0021643680329	13.0423516732039	0.703120142073186	1.37944564880677	0.823430581207536	0.842058718204083	2	2	1	2	2
72.4815259083328	24.5217132135038	0.0727250518392533	0.657773664703477	1.2430121258812	0.596851555013081	2	2	1	2	2
11.7691296186926	-37.046065385386	0.00414728999005468	-0.297310502695578	0.247317692739074	-0.318415281756635	1	1	2	2	3
23.9475606837228	-24.8676343203557	0.627983044422191	0.131672472290409	0.866157421223375	0.511103808979051	1	1	2	2	3
36.1279946421214	-12.6872003619571	1.05373811532875	0.656147304431135	1.23721746084202	0.903574682115144	1	1	2	2	3
48.8151950040786	0	1.10960257153383	1.13078497554376	1.20468365601723	0.576241041284	1	1	2	2	3
58.594632331503	9.77943732742445	0.773032774613276	1.42406606370705	0.782217481403398	-0.235069045004807	1	1	2	2	3
70.4115146455598	21.5963196414812	0.179848677390366	1.45472403336504	0.147219366120511	-0.945845869389659	1	1	2	2	3
12.6982023352168	-36.9411733013599	-0.735801103095477	-0.429813109652474	-0.628400246175721	-0.0228272533611661	2	1	2	2	4
23.7468409335611	-25.8925347030156	-1.10472815028897	-0.870677196802587	-0.943765657293846	0.705037020092986	2	1	2	2	4
34.9174750019271	-14.7219006346496	-1.21575105431487	-0.764022949068304	-0.430073161575398	1.2525418673499	2	1	2	2	4
49.6393756365767	0	-1.03658232234425	-0.17000479350021	0.483592148308354	1.32943849292354	2	1	2	2	4
60.9601587880348	11.3207831514581	-0.619327501420994	0.576343058279219	1.03404963913891	0.894961681562369	2	1	2	2	4
72.9430988100593	23.3037231734826	-0.0853319315594196	1.05407040167917	0.761504578789061	0.179440665593742	2	1	2	2	4
12.0736715690712	-36.0122509647042	-0.518407374636005	-0.954946801726272	-0.228799636725845	-0.0691141408111611	1	2	2	2	5
25.3224986785992	-22.7634238551762	0.119634658166165	-1.29332886869949	-0.790267748776542	-0.801599586686651	1	2	2	2	5
36.6259467002136	-11.4599758335618	0.477113173969478	-0.866115064714101	-0.561849398055156	-0.96800306800081	1	2	2	2	5
48.0859225337754	0	0.39204272122385	-0.000900269949046129	0.272019132767646	-0.451564539516508	1	2	2	2	5
60.1425077402307	12.0565852064553	-0.0970284374692452	0.638853955187364	1.03803111691052	0.385347462532432	1	2	2	2	5
70.08035700196	21.9944344681846	-0.768485830249879	0.562573086247628	1.11767056215873	0.955498329548807	1	2	2	2	5
11.1789614333203	-40.1916160138013	-0.709834262523691	-0.898784558841409	-0.444657528295112	-0.0274377604218209	1	2	2	1	6
25.6281376124108	-25.7424398347109	-0.285785461506624	-0.181790720173181	-1.04555618358467	0.52729740192179	1	2	2	1	6
36.54133973012	-14.8292377170016	0.268352202944955	0.404674283341188	-1.11684733942357	0.991835904252827	1	2	2	1	6
51.3705774471217	0	0.778838457932684	0.555022628070563	-0.615741248324038	1.22318682785304	1	2	2	1	6
59.9942382800132	8.62366083289152	1.08561917441589	0.190912685482857	0.156992620480024	1.15013738638522	1	2	2	1	6
71.5146326227041	20.1440551755825	1.09250856893136	-0.497929705282226	0.737550773661896	0.795173136363889	1	2	2	1	6
13.0055790191702	-34.4559340198767	-0.779114106952053	-1.26358123660884	-1.26262409816017	-0.649013578140277	1	2	1	1	7
23.9464910175855	-23.5150220214615	-0.72961147590784	-1.29280936911537	-0.60874917585867	0.0321894336716502	1	2	1	1	7
36.5215936735102	-10.9399193655367	-0.220980567772069	-0.532098513482024	0.286337456417477	0.552297440562744	1	2	1	1	7
47.4615130390469	0	0.489480702232684	0.348869022561413	0.682916994923958	0.669949118527512	1	2	1	1	7
60.1273575950184	12.6658445559715	1.04237576442369	0.5745444635457	0.253247597435404	0.330547029363102	1	2	1	1	7
74.9457518012784	27.4842387622314	1.15801507464799	-0.0537427484647011	-0.647582724167659	-0.308405891913941	1	2	1	1	7
11.3925266412518	-36.2158254281985	-0.585299686351306	-0.451711387275768	-0.67241868694066	-0.840905063239656	2	1	1	1	8
24.6180840642716	-22.9902680051786	-1.16566073246276	-1.07587670834227	-1.10005294041754	-0.368394340128196	2	1	1	1	8
35.3578468098488	-12.2505052596014	-0.995669145206626	-1.2910035406834	-1.34348098908645	0.219470908410062	2	1	1	1	8
47.6083520694502	0	-0.20739681772068	-0.984649660443664	-1.34090387016149	0.719188906648282	2	1	1	1	8
60.5053783571805	12.8970262877303	0.586722303823796	-0.316939730855629	-1.09297583559683	0.957771881866438	2	1	1	1	8
71.9736344898587	24.3652824204084	0.769711712223177	0.363128456609466	-0.66263825745464	0.852629377772357	2	1	1	1	8
11.6668257373389	NaN	-0.401960866304578	0.255196885255824	-1.34315228823012	-0.450398991497513	1	2	2	1	9
24.4268994795874	NaN	0.160712393959136	-0.275871147459148	-1.03202813813322	0.0340941809575985	1	2	2	1	9
37.9754946482222	NaN	0.818488721986743	-0.54886251855894	-0.204074296787869	0.603054504260443	1	2	2	1	9
47.9661235116967	NaN	1.28268688621471	-0.465010748550161	0.516442179815778	1.07218777296102	1	2	2	1	9
60.8055668869544	NaN	1.34958216742018	-0.054652855374779	0.586260692861135	1.28953516064513	1	2	2	1	9
71.4840557350382	NaN	0.989815935106237	0.533746378809523	-0.0472610613841106	1.18469480890665	1	2	2	1	9
11.3078201202642	NaN	-0.495352394577727	-0.478899127714324	-0.769766367054279	-0.978396900532407	2	2	1	1	10
25.8824457886481	NaN	0.154023536131948	-0.943010014568407	-0.994611027752519	-0.376754959155287	2	2	1	1	10
37.7403215476641	NaN	0.647006930067211	-1.1825933756062	-0.746823428001362	0.485581147245646	2	2	1	1	10
47.3771251593534	NaN	0.775233296766824	-1.12547883318932	-0.143534471331271	0.961792468348725	2	2	1	1	10
60.7812930920918	NaN	0.484506446481301	-0.788871163463393	0.530077000961078	0.694683585151076	2	2	1	1	10
71.4062379029707	NaN	-0.102294934066091	-0.274167652679277	0.955590210526299	-0.115393126783928	2	2	1	1	10
12.862769802918	NaN	-0.733738733070086	-0.0232284198817924	-0.0263580454924899	-0.801351857315758	1	1	2	2	11
23.5399643422972	NaN	-1.26534037900968	-0.515527648505544	-0.750234754827331	0.0234114924939858	1	1	2	2	11
35.0550990992616	NaN	-1.42891582074501	-0.601984441911818	-1.02062207656136	0.818721044523615	1	1	2	2	11
47.4051303116384	NaN	-1.15213907105078	-0.243188398614144	-0.669099807928624	0.925537724101978	1	1	2	2	11
59.821507350399	NaN	-0.557388840632435	0.397307155373281	0.085374108145912	0.255347108776687	1	1	2	2	11
71.9378022116902	NaN	0.0923620360115495	1.02753919507072	0.772849197978824	-0.636492448405826	1	1	2	2	11
12.6867267504158	NaN	-0.816086787790813	-0.556163309660266	-0.0390695276672912	-1.17098006543428	2	2	1	1	12
22.61611588639	NaN	-1.2269530521294	-0.240873085447629	-0.661990098352315	-0.911948804597675	2	2	1	1	12
36.4737172877419	NaN	-1.22572358775251	0.26681206259416	-0.667730974072408	-0.437679160928648	2	2	1	1	12
46.7331145716607	NaN	-0.81293482355236	0.81217542568477	-0.0523909156433489	0.10962584279581	2	2	1	1	12
59.2567349364788	NaN	-0.168691058328501	1.22901788424742	0.765872836714097	0.565864567456454	2	2	1	1	12
71.326211898276	NaN	0.425917034783978	1.39030697826734	1.23100528906372	0.794240305482566	2	2	1	1	12
11.7547930363419	NaN	-0.721621086068014	-0.972283082909629	-0.425117060244032	-0.280008404608422	2	2	1	1	13
24.5236952380053	NaN	-1.20179209554323	-0.714811527898069	0.153732010827019	0.52164338787926	2	2	1	1	13
36.6430887317075	NaN	-1.07229911608568	-0.0729299059354482	0.739199315723407	0.966130984364878	2	2	1	1	13
48.1850474976455	NaN	-0.414486053382782	0.621056048788743	1.11233208907866	0.760781257717691	2	2	1	1	13
58.9823764884884	NaN	0.35842713302322	1.00786589528496	1.13358632580192	0.0408068598282437	2	2	1	1	13
70.9683915022637	NaN	0.76091777153313	0.887245995446796	0.795013377236986	-0.719724630926854	2	2	1	1	13
12.5624153888466	NaN	-1.11950706400557	-0.119010969960389	-0.641828538553102	0.389994142385132	2	1	1	2	14
23.2502537030074	NaN	-0.48382206914798	-0.894065745042763	0.235121586261095	0.941072070599747	2	1	1	2	14
35.4435211264626	NaN	0.337117522079727	-0.988702260269954	0.703567394954547	1.32830045436033	2	1	1	2	14
49.3183340525699	NaN	0.776160756330392	-0.326341999847498	0.399787443659653	1.4267486829187	2	1	1	2	14
59.611077504022	NaN	0.529992028501453	0.557042578419939	-0.440350467223832	1.20465462871223	2	1	1	2	14
73.147549503638	NaN	-0.231321545428866	0.946629297098652	-1.16452718290032	0.733671990176185	2	1	1	2	14
13.4174894520011	NaN	-1.07040404383864	-0.533531106326316	-0.220819507361034	-0.841847670922754	1	1	2	1	15
23.3478066920592	NaN	-0.380788912518827	-0.898344656205392	-0.773852189559172	-1.18204576822652	1	1	2	1	15
35.905003621594	NaN	0.34820922094672	-0.403345431688995	-0.442335137207922	-1.08836775992186	1	1	2	1	15
48.7875920253752	NaN	0.684030861604011	0.524520846894672	0.477859244421169	-0.602266313524312	1	1	2	1	15
61.2883010345069	NaN	0.427412345242027	1.08495285166942	1.16547568933503	0.0611579085907083	1	1	2	1	15
72.0370479849344	NaN	-0.269378756059598	0.794567914294112	1.00683013507592	0.608338634052699	1	1	2	1	15
11.7797371588135	NaN	-0.392779896506636	-0.094691750332883	-1.12816676320174	-0.782666534308858	2	1	1	1	16
23.6821160690209	NaN	0.170216676704744	-0.664368221648396	-1.22154396804158	-0.610318388846719	2	1	1	1	16
35.104651971133	NaN	0.824037365759789	-0.965728058203286	-0.892478939156438	-0.0587782249007144	2	1	1	1	16
48.6854064512167	NaN	1.2847699572969	-0.880222807942408	-0.282566534840039	0.618041269544747	2	1	1	1	16
59.9323268284616	NaN	1.35234796210756	-0.441488389894967	0.34575131738544	1.10855252870775	2	1	1	1	16
71.2153613099174	NaN	0.997426605329903	0.177886550028465	0.722112927763133	1.18693875728979	2	1	1	1	16
