age	diseaseAge	x1	x2	x3	x4	z1	z2	z3	z4	id
13.7948267120372	-34.8373972363794	-0.721583417755264	-1.1395442596207	-0.362640503451099	0.183759417392233	2	2	2	2	1
23.2904277795299	-25.3417961688867	-0.339009601745213	-0.359852064223508	-0.892389199270196	0.882428122345488	2	2	2	2	1
38.1504642560867	-10.4817596923299	0.374463006664961	0.412384700504371	-0.995869909695681	1.25003670273419	2	2	2	2	1
48.6322239484166	0	1.02795703954205	0.606835145058077	-0.622672529588573	1.09048915872258	2	2	2	2	1
59.6834818926561	11.0512579442395	1.26345450920152	0.079889045122522	0.0454017233030285	0.488894045533218	2	2	2	2	1
70.0690516368638	21.4368276884472	0.951937664982221	-0.77928067770064	0.682903852828652	-0.233835574651211	2	2	2	2	1
11.7789727009211	-36.0849222042646	-0.125467356279363	-0.637677699213783	0.112957831551229	-0.386677462707998	2	2	2	2	2
24.2356822058443	-23.6282126993415	0.646053943291411	0.182139273776675	-0.701150254650956	0.293573982738544	2	2	2	2	2
37.7816569950046	-10.0822379101812	1.05723618645645	0.757036531567261	-0.790584988202615	0.952004211808367	2	2	2	2	2
47.8638949051858	0	0.852039080992193	0.699620784258679	-0.0778458285315375	1.24940756874759	2	2	2	2	2
61.3409893709872	13.4770944658014	0.158237421943496	0.048581510606455	0.819436154554416	1.0325697929405	2	2	2	2	2
70.6863536421334	22.8224587369477	-0.592143374998918	-0.75737986464605	1.12371250786173	0.41319991092854	2	2	2	2	2
13.6025266120492	-32.8955972513068	-1.11426928517786	-0.953799555607094	-0.749483315016577	-0.899614390930889	2	2	2	1	3
24.2190923821794	-22.2790314811766	-0.432145763962346	-0.486624009043607	-0.543669276487434	-0.787581550414366	2	2	2	1	3
35.342211616638	-11.155912246718	0.302104960922179	0.237352151544368	0.142578590499673	-0.288046644055365	2	2	2	1	3
46.498123863356	0	0.652716864416365	0.832269628337544	0.889262525301387	0.377377888042038	2	2	2	1	3
58.9439978120379	12.4458739486819	0.411607406937862	0.981053837458179	1.23939665501155	0.91348473926924	2	2	2	1	3
70.8212340385238	24.3231101751677	-0.278128816807758	0.604406904772875	0.978691715535669	1.08243678164066	2	2	2	1	3
11.8439999300293	-34.9839628109242	-0.538573623537653	-0.401428052681141	-0.520289395465503	-0.238366539436905	2	2	1	1	4
25.4534129370358	-21.3745498039178	0.0412429653776268	-0.580372819129848	0.0473546241519139	-0.626819403089933	2	2	1	1	4
35.2711038019436	-11.5568589390099	0.745525001540139	-0.40669978601096	0.748128904584017	-0.447170856287143	2	2	1	1	4
46.8279627409535	0	1.22053582118459	0.0583501822391494	1.23527593505291	0.197370834827832	2	2	1	1	4
59.5918820959995	12.763919355046	1.2276938135844	0.650790417395204	1.26774535685525	0.936515837238497	2	2	1	1	4
71.7904875937949	24.9625248528414	0.763403765145078	1.16171369030201	0.829470633026179	1.34562462290414	2	2	1	1	4
13.8516782646817	-35.3291769503242	-0.672704020128191	-0.446380672609232	-1.35705004680575	-1.01711326139718	2	2	2	1	5
23.030361354048	-26.1504938609579	-1.00168547650417	0.222123189366631	-1.25637088068159	-0.377680601138678	2	2	2	1	5
38.0232973634786	-11.1575578515273	-1.06732035727958	0.664373349627784	-0.773023069397522	0.482418571309176	2	2	2	1	5
49.1808552150059	0	-0.850893620828395	0.677008955157503	-0.116519728899765	0.911404284903212	2	2	2	1	5
60.4397006851832	11.2588454701773	-0.414116895690449	0.254219747984622	0.428569608715551	0.584192752865103	2	2	2	1	5
71.6929561506876	22.5121009356816	0.118467890188884	-0.409582191257196	0.625969195577639	-0.251256336308043	2	2	2	1	5
12.6541533759001	-25.6102362340589	-1.00809379654735	-1.05763307021855	-0.762768996993764	-0.965806915577598	1	1	1	1	6
25.0061059465147	-13.2582836634442	-0.531343651857308	-0.890016247886294	-0.412810217272022	-1.06257175372349	1	1	1	1	6
38.2643896099589	0	0.385515317737172	-0.121876988289872	0.14699008807669	-0.904959215698784	1	1	1	1	6
47.6998966717883	9.43550706182937	0.967905053526036	0.670550215630334	0.719592603808389	-0.53314034914349	1	1	1	1	6
61.5840217455814	23.3196321356225	0.723812796819123	0.89281080067047	1.10345187428694	-0.0418814308338223	1	1	1	1	6
70.4126349686099	32.148245358651	-0.140548160463851	0.378171698677601	1.16345656234	0.443609318752809	1	1	1	1	6
12.0957606401722	-36.480884936087	-0.562044898041422	-0.520281638059666	-0.549171322807435	-1.22486040404959	2	2	1	2	7
24.7991317056772	-23.777513870582	-0.223798035295264	0.255083171044606	-0.841481897866573	-1.10637679282053	2	2	1	2	7
34.1954311705988	-14.3812144056604	0.327113191947634	0.943188107745623	-0.820319210156206	-0.358679481504159	2	2	1	2	7
48.5766455762592	0	0.899622970248921	1.0958990729338	-0.492532179605459	0.453447429684667	2	2	1	2	7
59.7860238760548	11.2093782997956	1.29517472445948	0.61376177241841	0.0357968682902973	0.716551999895013	2	2	1	2	7
73.3231282001552	24.746482623896	1.37658406998539	-0.18922784159963	0.59368382249602	0.231894343748594	2	2	1	2	7
11.4486442654716	-36.5302886972673	-1.2541178533056	-0.617191247374544	-1.05000325500243	-0.650270329410607	2	1	2	1	8
23.7885327623775	-24.1904002003613	-0.960856053210315	-0.0396658736353936	-0.204229587951012	-0.321738749178847	2	1	2	1	8
35.6457406228439	-12.333192339895	-0.129586212062264	0.421293832946633	0.494569796443766	0.151530497715599	2	1	2	1	8
47.9789329627389	0	0.601180910904846	0.611347552840782	0.511204952126246	0.649291756219923	2	1	2	1	8
59.4133476247584	11.4344146620195	0.670132192789381	0.466860761298733	-0.167064498572971	1.04507657527478	2	1	2	1	8
71.9685964830379	23.989663520299	0.0243051259110083	0.0362110871156952	-1.02077188347685	1.2383261183627	2	1	2	1	8
13.0205281037841	NaN	-0.139435259829476	-0.888015589281817	-0.575896451047077	-1.16752416778812	2	2	1	2	9
25.0692754003373	NaN	0.3666576176396	-0.311218205350858	-0.426863664137297	-0.655725487072787	2	2	1	2	9
36.5219116686426	NaN	0.836216936811734	0.318201366574707	0.162640825896625	0.121753496172186	2	2	1	2	9
47.7063816341667	NaN	1.14732924846922	0.740763271966891	0.882588921139246	0.693585357341783	2	2	1	2	9
59.6395743802654	NaN	1.21921929491911	0.782265266995251	1.35435053082896	0.713111158714938	2	2	1	2	9
72.0547160331346	NaN	1.03322199345666	0.425598046336412	1.32982007308425	0.168493865628477	2	2	1	2	9
12.0437393732326	NaN	-1.36558874337046	-0.973180482075798	-0.586295484708547	-0.499960255419222	1	1	1	1	10
24.8195823623901	NaN	-0.87631148538365	-1.14981264473659	-0.345355232149787	0.284217554947065	1	1	1	1	10
37.819730062632	NaN	-0.185667213446318	-0.849049015802007	0.111388628767094	1.03353810898899	1	1	1	1	10
47.5411477631743	NaN	0.374840030960738	-0.2151326066043	0.650940126678919	1.2097868118575	1	1	1	1	10
60.641309119661	NaN	0.53617099803822	0.447917070525477	1.11619112789082	0.686369479400898	1	1	1	1	10
72.7354947113196	NaN	0.220888040396152	0.822108500353666	1.37166852782806	-0.160758836827099	1	1	1	1	10
11.4475112559742	NaN	-0.924329380634696	-1.25899160438553	0.129017790045941	-0.812095898463562	1	2	2	2	11
23.2420621037665	NaN	-1.36958144965996	-0.76846877003079	1.04936697477371	-0.344107545845075	1	2	2	2	11
35.7376868766704	NaN	-1.40323320139184	-0.0175699341262104	1.37509757178198	0.312462828565611	1	2	2	2	11
49.8969909008205	NaN	-1.01030554142464	0.5669124767097	0.814649943000899	0.87110778310019	1	2	2	2	11
60.1731367184299	NaN	-0.365698741225785	0.652773038112432	-0.130322369331459	1.08805156581696	1	2	2	2	11
70.9254350204033	NaN	0.243659309338355	0.19121071910455	-0.613979926426762	0.868626475286639	1	2	2	2	11
13.2093973141716	NaN	-0.652233037852552	-1.00762843627861	-1.1001172740924	-0.788193629183283	1	1	2	2	12
24.2268941982749	NaN	-0.490145418308379	-1.00805616502042	-0.801845940295934	-1.13137265816914	1	1	2	2	12
37.5370035494645	NaN	0.00201644924782207	-0.756545945621367	-0.141610285947978	-1.19956993144802	1	1	2	2	12
49.1037181293906	NaN	0.629979797102301	-0.318618251865054	0.539155816705996	-0.972408651368765	1	1	2	2	12
60.5630396851634	NaN	1.14586646635533	0.19164316233015	0.888401391636595	-0.517762784379028	1	1	2	2	12
71.6844847494571	NaN	1.34603871570837	0.64131101595179	0.725517790662111	0.0285231351407715	1	1	2	2	12
11.5888603414163	NaN	-0.355371108362635	-0.146440437961462	-0.982165499621946	-0.830849104191445	1	2	1	1	13
22.9134615036783	NaN	-0.771870766940923	0.345538192922624	-0.66610773473606	-1.04047150609732	1	2	1	1	13
36.8169292966107	NaN	-0.952957588853066	0.766722758849205	-0.0321398299170553	-0.551718977839738	1	2	1	1	13
48.2984820574257	NaN	-0.846408854299366	1.01493991786511	0.621445731586311	0.288239034016384	1	2	1	1	13
57.052671759178	NaN	-0.482951618130395	1.02997574306401	0.987126031540458	0.882765701517564	1	2	1	1	13
71.9551942806612	NaN	0.0325985112997885	0.808182758650544	0.892842383820548	0.809558361882103	1	2	1	1	13
12.8474445337995	NaN	0.14377102002986	-0.505748881902378	-0.397428568688531	-0.917868501264684	2	1	1	1	14
23.3627955681463	NaN	-0.565268927419127	-0.248432758042964	0.398339564161434	-1.070271408216	2	1	1	1	14
35.9354622640867	NaN	-0.849618851594784	0.424352181247821	0.909226053307573	-0.545353815350567	2	1	1	1	14
46.1369211595083	NaN	-0.540500481330029	1.1359743444421	0.810725125857697	0.290143614671563	2	1	1	1	14
60.0124301226261	NaN	0.178606394271899	1.48806068208827	0.165402773028646	0.852489482290252	2	1	1	1	14
72.0833021781853	NaN	0.880869886296982	1.2835098175671	-0.616844025481814	0.74879336253648	2	1	1	1	14
11.007882514477	NaN	-0.359017378446199	-0.337755965767633	-0.57666064288386	-0.720335606279605	2	2	2	2	15
24.3152972997793	NaN	0.403362672441757	-0.798126902583267	0.207601040777777	-1.08714957866347	2	2	2	2	15
35.0045093941246	NaN	1.22265381003812	-0.844075171517437	0.714088727195433	-1.1629824839622	2	2	2	2	15
47.9133903940933	NaN	1.45865838123112	-0.454826502463809	0.630047226613002	-0.923658131250256	2	2	2	2	15
59.6673509814934	NaN	0.926961389119065	0.193630820861493	0.00737200691037093	-0.445475209355439	2	2	2	2	15
70.8859203255646	NaN	0.043033172506516	0.808114315207768	-0.769436159797079	0.119117399913985	2	2	2	2	15
12.2795603255665	NaN	-0.232979247793468	-1.30873717121056	-0.712357655796504	0.150704060173315	1	1	1	1	16
25.5329406311388	NaN	-0.982247717538173	-0.924609636482196	-1.14203874605646	-0.521984302384135	1	1	1	1	16
34.3013958342428	NaN	-0.943291890239323	-0.0945572466605716	-0.750372115427816	-0.506556231081605	1	1	1	1	16
46.4786327302923	NaN	-0.150120906994694	0.580018645848969	0.140858691995265	0.185294452834623	1	1	1	1	16
60.0290721155248	NaN	0.704812632565669	0.610364729773551	0.799440652708051	1.02917438429714	1	1	1	1	16
72.3590041840237	NaN	0.875136301203204	-0.0255057708255975	0.684299238470785	1.38545850075984	1	1	1	1	16
