age	diseaseAge	x1	x2	x3	x4	z1	z2	z3	z4	id
12.8823179129087	-33.4927350328573	-0.96147567227006	-1.1640069285032	-0.744819382750197	-1.35570267596015	1	1	1	2	1
25.1178509692111	-21.257201976555	-0.440619041832332	-1.23872460889167	-0.336384565558807	-1.24072772996793	1	1	1	2	1
36.5183031549651	-9.85674979080088	0.104213899275602	-0.957812426126391	0.249838617389438	-0.796326266651986	1	1	1	2	1
46.375052945766	0	0.504343074737644	-0.422825872538665	0.803010379188985	-0.189329267992752	1	1	1	2	1
60.1613031778528	13.7862502320868	0.635888640365254	0.172826484448754	1.1241781369798	0.35239294220415	1	1	1	2	1
71.2962305436043	24.9211775978383	0.458124137871996	0.613804150248965	1.09783137602413	0.625474588287554	1	1	1	2	1
11.1648087692855	-36.0764188214302	-0.404611610557846	-0.524183242661686	-0.323636462436524	-0.788876642560885	2	2	1	1	2
25.1960057388347	-22.045221851881	-0.890401583887939	-0.110684002025273	-0.664680298636213	-0.653061280312241	2	2	1	1	2
37.0011216972052	-10.2401058935105	-1.22687224510001	0.530550328715853	-0.779062077918187	0.00414641467391086	2	2	1	1	2
47.2412275907157	0	-1.32481708274067	1.1225911832293	-0.637494574102962	0.773472834041736	2	2	1	1	2
57.8640952699346	10.6228676792189	-1.15826855108299	1.40975508171585	-0.276225863850374	1.17582285754195	2	2	1	1	2
71.2359563571864	23.9947287664707	-0.771382694649098	1.26802513534426	0.212241920986436	0.960634528587215	2	2	1	1	2
12.2089122703839	-46.2020993515897	-0.860713429615537	-0.823707791220644	-0.564344886105963	-0.996792024217681	2	2	2	1	3
24.4034548918072	-34.0075567301664	-1.4251742613454	-1.44033458883389	0.30154392820931	-1.0716038060807	2	2	2	1	3
36.7377964609733	-21.6732151610003	-1.33807267055871	-1.24605890641936	0.72938581820984	-0.877152900710442	2	2	2	1	3
47.0740333593154	-11.3369782626582	-0.659235116442091	-0.40399746897207	0.39070277325808	-0.466172223910434	2	2	2	1	3
58.4110116219736	0	0.145073125492321	0.378842535506344	-0.45447939935	0.0498848505985463	2	2	2	1	3
71.7929386298387	13.3819270078651	0.522406183992964	0.44517710657604	-1.15726734631448	0.531069402506342	2	2	2	1	3
12.0668655255307	-34.6528546667668	-0.30982112282056	-0.862572321765024	-0.179340282339557	-0.00989680138172788	2	1	1	2	4
21.9808735067802	-24.7388466855173	0.433313509288396	-0.613403539430023	-0.557934345164031	0.77595641330505	2	1	1	2	4
35.9710467182841	-10.7486734740134	1.07666377981388	-0.0941901249433476	-0.701230059226367	1.36036536722307	2	1	1	2	4
46.7197201922975	0	1.24764046904203	0.506515145315116	-0.56986730435818	1.38040049366292	2	1	1	2	4
59.2768595315613	12.5571393392639	0.847224311500655	0.970565660851408	-0.199928484357064	0.823619581209052	2	1	1	2	4
71.5275862014967	24.8078660091992	0.107311912404979	1.12944109718317	0.306972500420822	0.0357946341304253	2	1	1	2	4
12.309232491179	-35.1178604309721	-0.236377974672451	-0.715609827803068	0.253608993426174	-0.642660677059153	2	2	1	1	5
24.5936343935349	-22.8334585286162	-0.523392048837591	-0.748652917943319	0.987391995201487	-0.105256558101195	2	2	1	1	5
36.9231618028468	-10.5039311193042	-0.124706800901728	-0.005934262651171	1.32660782950867	0.334266178368939	2	2	1	1	5
47.4270929221511	0	0.685548057602462	0.873736681896075	1.06821079163633	0.548326410932406	2	2	1	1	5
58.9055329807281	11.478440058577	1.35025401832869	1.1337583227572	0.366870573691518	0.47478845864365	2	2	1	1	5
74.1403515857904	26.7132586636394	1.41236970788446	0.550487047631276	-0.357608957899866	0.134998326251354	2	2	1	1	5
10.4872015377554	-37.7871188604598	-0.643714706440578	-0.376486403680382	-1.14066548982718	-1.06637110520006	1	1	1	1	6
24.6429863251077	-23.6313340731076	-0.263828507833548	0.291695630874275	-0.857630147486491	-0.637480748506965	1	1	1	1	6
36.4732754508058	-11.8010449474094	0.282767697790457	0.99821173862665	0.0345400592974879	-0.116373884461123	1	1	1	1	6
48.2743203982153	0	0.821116368543867	1.3541118973865	0.761152021882018	0.354538181360794	1	1	1	1	6
60.7011748917806	12.4268544935654	1.17889987919558	1.16346656906087	0.691270885245758	0.646561688172696	1	1	1	1	6
72.0567680733285	23.7824476751132	1.24159690137292	0.53122948912596	-0.114423858554081	0.679890646582542	1	1	1	1	6
11.1381205637291	-35.8668455969685	-0.321403830704863	-0.368743103259715	-0.151005283373794	-1.00389383809993	2	1	1	2	7
24.1948747198638	-22.8100914408338	0.368400422596128	0.388165642232851	-0.843586427565056	-1.07160890369132	2	1	1	2	7
37.5089696017904	-9.49599655890712	1.09472607396344	0.705879726114825	-0.959305060371918	-0.56614967815194	2	1	1	2	7
47.0049661606976	0	1.4287251096709	0.379878467426188	-0.419042172569274	0.208165067024	2	1	1	2	7
58.3708185702115	11.3658524095139	1.17319284228943	-0.379982786515212	0.407814321665016	0.785148347613702	2	1	1	2	7
71.521770682905	24.5168045222075	0.479004440695688	-1.08456191398662	0.955927060418363	0.817419337924677	2	1	1	2	7
13.1613007781895	-35.0325938767682	-0.671623511765389	-0.18938119455382	-0.177827208086875	-0.643305410602215	2	2	1	2	8
22.7836013979652	-25.4102932569925	0.141119297841543	-0.925622511625881	0.371430002425511	-0.386331896011876	2	2	1	2	8
34.299601915204	-13.8942927397537	0.532682277342354	-0.956369406566588	0.824799728698191	0.380351751188391	2	2	1	2	8
48.1938946549577	0	0.231221894927341	-0.256917128603655	1.04523891945495	1.12608938912096	2	2	1	2	8
59.4036443105433	11.2097496555856	-0.553972260380356	0.610733045792401	0.966113969557375	1.33472254845714	2	2	1	2	8
72.2777558226442	24.0838611676865	-1.27777727474629	0.949434905359552	0.611342498417745	0.861846861364941	2	2	1	2	8
11.4034974033847	NaN	-0.747666976349652	-0.83944292179296	-0.855290232575212	-0.562761871287669	1	1	1	2	9
23.6412248988602	NaN	-0.587217028110966	-0.487458194207895	-1.4342756633323	-1.15629113363294	1	1	1	2	9
36.8980924829521	NaN	-0.198313698984007	0.249634536902653	-1.2030239714494	-0.921322208631398	1	1	1	2	9
46.8350944559267	NaN	0.313069337918593	0.931810671975908	-0.353365612685547	-0.0573792106985494	1	1	1	2	9
59.6261721968104	NaN	0.80758347144013	1.15182934701009	0.409881433579148	0.701919737824988	1	1	1	2	9
72.4544184689001	NaN	1.15047675884709	0.778345311547527	0.453580053624321	0.711815121272254	1	1	1	2	9
13.290807802442	NaN	-0.562897111458193	-0.893462019075154	-1.30603174083112	-0.535914724141576	1	2	1	2	10
22.9452683640737	NaN	-1.10582520641991	-0.578434135297713	-1.1188106022623	0.247446702893205	1	2	1	2	10
37.5620877573613	NaN	-1.31724156327435	0.0326119358516876	-0.362847224933507	0.734464446398489	1	2	1	2	10
48.7256089929767	NaN	-1.10826888805393	0.670791981067007	0.417329607965595	0.623582119972414	1	2	1	2	10
59.9943550877315	NaN	-0.566757175731107	1.05528177529013	0.659749893347765	-0.016543078328504	1	2	1	2	10
72.4388429598876	NaN	0.0796475374125417	1.01689074398808	0.189795617988498	-0.789552198099199	1	2	1	2	10
12.358749796976	NaN	-0.587946255886965	-0.614735089689409	-0.731000771431347	-1.08925632814911	2	1	2	2	11
23.5423469476248	NaN	-0.283688637331955	-0.676455697948673	-1.09772138375336	-0.898486377600125	2	1	2	2	11
35.6928880914816	NaN	0.292978086951862	-0.207792781825384	-1.19995652728146	-0.238816605167843	2	1	2	2	11
48.5428301157021	NaN	0.910943303135903	0.531163222968917	-1.00746181764068	0.502748528694352	2	1	2	2	11
61.8096782201782	NaN	1.32254520861767	1.13031929937108	-0.577183269553664	0.89115950904019	2	1	2	2	11
70.2862177436206	NaN	1.3628261857246	1.25716617555799	-0.0364108671447306	0.698549624122858	2	1	2	2	11
11.2147111465113	NaN	0.18178431474367	-0.550066078138247	-0.868901421505238	-0.127247209605601	2	2	2	1	12
24.0933483902442	NaN	1.03318132874426	0.203855870554858	-0.966876555223205	0.477231662902246	2	2	2	1	12
34.5678010006678	NaN	1.43455141549877	0.508134040926615	-0.688716176727128	1.04017249714447	2	2	2	1	12
46.0311405330603	NaN	1.08389443923636	0.16602062862587	-0.140301313244297	1.34702306020751	2	2	2	1	12
59.1978593710698	NaN	0.245052818550147	-0.60127210315079	0.469615338647065	1.28083416405713	2	2	2	1	12
72.6195882645586	NaN	-0.450809611242952	-1.29760879218788	0.908870585991724	0.866832217223918	2	2	2	1	12
11.1133600416113	NaN	-1.37623696808249	0.222763209805284	-0.854093557135932	0.0222720540366527	2	2	1	1	13
24.359703372196	NaN	-0.966342767721744	0.730549065645522	-1.13776575257002	-0.502671195663715	2	2	1	1	13
33.2351147930181	NaN	-0.144115959468652	1.12655089318213	-1.02284579965427	-0.664775277056691	2	2	1	1	13
48.5223667207141	NaN	0.512894248898758	1.30552730615951	-0.555597001761581	-0.393519368827942	2	2	1	1	13
60.6657508544434	NaN	0.543190224931765	1.21991355992494	0.0758803822837333	0.193090928729943	2	2	1	1	13
72.5007013226796	NaN	-0.0745085549199418	0.89246235082911	0.617372623272886	0.839860067054917	2	2	1	1	13
13.0063416285174	NaN	-1.4165262208061	-0.737847791849876	-0.365985595193398	-0.315829647270983	2	2	1	2	14
25.2437018730189	NaN	-1.02107844940327	-0.121542605615205	0.454617517026709	0.453095276768248	2	2	1	2	14
35.822138498394	NaN	-0.362827446644699	0.378810436453327	0.905040368596908	1.10242999369874	2	2	1	2	14
48.5066249472658	NaN	0.253416876516811	0.573159450630381	0.675805801948818	1.23096342092417	2	2	1	2	14
60.1649541106861	NaN	0.542296235048881	0.387683768030221	-0.0755833789293541	0.759277295193978	2	2	1	2	14
70.8055398738364	NaN	0.370042064708913	-0.107166349432735	-0.832861653504687	-0.0211828528347767	2	2	1	2	14
11.9000135631591	NaN	-0.766469353351696	-0.282014348991161	-0.809842366217743	-1.23477161071608	2	1	1	1	15
24.1497811348263	NaN	-1.00781852784105	-0.845296769455838	-0.681383724457007	-0.921441354936798	2	1	1	1	15
37.764810979844	NaN	-0.962090860387279	-0.926480906572837	-0.341436284542441	-0.0321214900191553	2	1	1	1	15
48.5054382223855	NaN	-0.6426518065088	-0.481243779185952	0.127497539938355	0.677621615268256	2	1	1	1	15
60.5184124252802	NaN	-0.142868220523684	0.247334652653358	0.611611413681748	0.604790049853008	2	1	1	1	15
73.0249940224637	NaN	0.391181261607095	0.861482493449142	0.993414929802748	-0.188738470964313	2	1	1	1	15
12.8940694072499	NaN	-1.06738737231324	-0.477124931167103	-0.410217395457366	0.171278012324401	1	2	2	1	16
23.0521574863766	NaN	-1.01865320277647	0.174291580150356	-0.00751344284258804	-0.458242283798517	1	2	2	1	16
35.7470518695363	NaN	-0.485408916028526	0.764352639313002	0.527028465357942	-0.715971836230923	1	2	2	1	16
47.7312422880257	NaN	0.24660304732759	1.03244824960438	1.03524164542799	-0.472807734146155	1	2	2	1	16
59.6844191796849	NaN	0.785129286443269	0.860169654790216	1.36674987413906	0.149443294855434	1	2	2	1	16
71.8130742171091	NaN	0.841596991974176	0.323606478701211	1.42346251284246	0.839080794420245	1	2	2	1	16
