age	diseaseAge	x1	x2	x3	x4	z1	z2	z3	z4	id
10.8506583949307	-36.1530571046546	-0.519797541177608	-0.267257600536037	0.0663296330677878	-0.426161668494214	2	1	2	2	1
22.9426514259886	-24.0610640735968	0.0704651588499536	-0.599670291556116	0.780154059996691	-1.09117621185116	2	1	2	2	1
34.9686148591992	-12.0351006403861	0.972293963187807	-0.700368858834427	1.34216203753673	-1.03858852060046	2	1	2	2	1
47.0037154995853	0	1.44766376907109	-0.54335981383758	1.46478980566641	-0.30932055093026	2	1	2	2	1
58.0838290967767	11.0801135971913	1.10754857938063	-0.169172162300925	1.08529216592652	0.529136118911947	2	1	2	2	1
72.1636661584962	25.1599506589108	0.230286751258933	0.325604415381442	0.397847444184521	0.824322970727314	2	1	2	2	1
13.1763180271004	-33.3827981701128	-0.602786472244255	-1.22239502352894	-0.37718219016889	-0.883719737093304	1	1	1	2	2
25.1993298021969	-21.3597863950163	-0.730189111586429	-1.09590942853634	-0.708500187852563	-0.683978107391533	1	1	1	2	2
34.4398973994777	-12.1192187977355	-0.572752763944177	-0.41760376053499	-0.339846840538957	-0.247860973786211	1	1	1	2	2
46.5591161972132	0	-0.175340556194899	0.366783185997642	0.470653196306874	0.295020013589652	1	1	1	2	2
59.0844633391023	12.5253471418891	0.348800764224171	0.741802833163736	1.15550190784317	0.783323565486684	1	1	1	2	2
73.2656421628884	26.7065259656752	0.850311669403493	0.461016424339411	1.23518014959675	1.07192851089293	1	1	1	2	2
10.8369078991776	-38.6321939899647	-0.445332391353252	-0.0921646496793608	-0.588383403215424	-0.624717271258201	2	1	1	2	3
25.2928957492304	-24.1762061399119	0.137210663206496	-0.819747874456592	-0.954168339961529	-0.172384328323207	2	1	1	2	3
33.8453266508911	-15.6237752382512	0.599442226859709	-1.09023151423739	-0.680286641777703	0.326556235581643	2	1	1	2	3
49.4691018891424	0	0.783843900492786	-0.733729056866283	0.0577240386349621	0.747368547348457	2	1	1	2	3
58.361587520479	8.89248563133665	0.627575630096901	0.0258459215649743	0.786854137778639	0.984848911547105	2	1	1	2	3
71.0121849057347	21.5430830165924	0.183890221669263	0.711416345670859	1.03978587952544	0.97962688865576	2	1	1	2	3
11.9337828136083	-37.3447468260083	-0.23888805745064	-0.727175077622237	-0.309727998229155	-0.949735152686788	2	2	1	1	4
25.4470105102345	-23.8315191293821	-0.543300675100341	-1.30718798755926	0.526193458479195	-0.809597253698222	2	2	1	1	4
36.6217181633815	-12.6568114762351	-0.489980214618703	-1.44107176420031	1.08473038408307	-0.178845068739051	2	2	1	1	4
49.2785296396166	0	-0.098469378376407	-1.05847615532337	0.975383960527351	0.573349990843886	2	2	1	1	4
58.2161545300988	8.93762489048222	0.487737578729517	-0.360438943539597	0.274603294754955	1.00673750915654	2	2	1	1	4
72.0250697140539	22.7465400744373	1.05378752176997	0.286250890877545	-0.52766366323217	0.867661160290278	2	2	1	1	4
11.6491813826001	-35.2003474841575	-0.128706933968533	0.106072370222409	-0.0547865953491606	-0.367573384842553	1	2	1	1	5
25.3870073995368	-21.4625214672207	0.673786956042546	-0.526313096487555	-0.771508826573374	-1.02409243653576	1	2	1	1	5
36.82641190916	-10.0231169575976	0.964009029926179	-0.377229824522963	-0.665946307678085	-1.02552643752633	1	2	1	1	5
46.8495288667576	0	0.531223836957139	0.431216079972636	0.168540433506722	-0.370836466593726	1	2	1	1	5
59.7958324191475	12.9463035523899	-0.310315535609387	1.23686996929939	0.99392313240905	0.465660297863279	1	2	1	1	5
71.0173167017274	24.1677878349698	-0.949552262881659	1.37986398552312	1.08022522880968	0.877929239961144	1	2	1	1	5
11.673973125752	-36.8793235448027	-0.474447009498741	-1.01776072365315	-0.423969157275969	-0.648615630535868	2	1	1	1	6
23.917254462424	-24.6360422081308	-0.496939611896384	-1.30588213660314	-0.476951278970239	-0.0786643743241228	2	1	1	1	6
36.2898989065709	-12.2633977639839	-0.266350341999604	-1.23066692316237	0.247681720193919	0.732300632328558	2	1	1	1	6
48.5532966705548	0	0.157612999227812	-0.819917130743985	1.1321262301901	1.24992817952166	2	1	1	1	6
60.2533368330711	11.7000401625164	0.66517115447142	-0.225459559823001	1.42232742357608	1.13314941243228	2	1	1	1	6
71.3642247568427	22.810928086288	1.12489918221335	0.332974477066775	0.870867165772518	0.458910777544555	2	1	1	1	6
13.0266716299113	-35.1539120030192	-0.770271774955635	-1.06260414573091	-0.781765323407589	-0.427582207813815	1	2	2	1	7
23.7021734268957	-24.4784102060348	-0.0982026680880602	-0.452216581499596	-0.274702301803055	-0.598134159667962	1	2	2	1	7
36.156349937497	-12.0242336954335	0.649485589848401	0.343252543812021	0.653332821201105	-0.0102135721542725	1	2	2	1	7
48.1805836329305	0	1.02205899110454	0.813172122043489	1.20246334638424	0.874040661805006	1	2	2	1	7
61.8020530261534	13.6214693932229	0.794916573251967	0.655889270206263	0.899391764808418	1.35955461314078	1	2	2	1	7
72.8696793794172	24.6890957464867	0.104988147935842	-0.0276322981214385	0.00533652638930365	1.0646868072493	1	2	2	1	7
11.5812433214716	-34.7740163212725	-0.960601559851128	-0.570714271967672	-0.881855251658138	-0.672675237532557	1	2	1	2	8
25.1125821918717	-21.2426774508725	-0.0391163235565724	0.324219572565311	-0.345322230131869	-0.13637779084968	1	2	1	2	8
36.5759886670189	-9.77927097572525	0.623543594143427	1.05006017121327	0.531453580245878	0.660659847301824	1	2	1	2	8
46.3552596427441	0	0.443871487285556	0.973313389841339	1.07444846815971	1.21201978883398	1	2	1	2	8
60.0641552996021	13.708895656858	-0.419921959545535	0.160961753129754	0.866233684726493	1.1673816425861	1	2	1	2	8
70.4573370343389	24.1020773915947	-1.20722145133921	-0.677996099729584	0.0668748925925691	0.55510737626079	1	2	1	2	8
10.9929570089396	NaN	-0.885770019487829	-0.181890211728631	-1.08591221166501	-0.631823541217155	2	2	2	2	9
24.8101416611377	NaN	-0.352875715654543	-0.609938686231669	-0.578340978779283	-0.13562710719048	2	2	2	2	9
36.4799631665725	NaN	0.425532960972945	-0.704804062357338	0.279176361983107	0.734351506906714	2	2	2	2	9
47.8769314052878	NaN	0.977662561241607	-0.431101213944966	0.854442779628722	1.31701602614983	2	2	2	2	9
59.6308188796757	NaN	0.96886736971719	0.109077713091457	0.723348225324669	1.16959999977722	2	2	2	2	9
71.2949158359327	NaN	0.404478151420511	0.714244038021883	-0.0174590069869772	0.404124785923352	2	2	2	2	9
11.1431505569374	NaN	-0.489489741653513	-0.555783092845209	-0.980452512871841	-1.4529553974281	1	1	1	1	10
23.2952058436151	NaN	0.147440071422852	-0.245501900457765	-1.12867708147452	-1.09770989497563	1	1	1	1	10
36.4365560523187	NaN	0.989529485899634	0.343094876683985	-0.820444035834278	-0.267172678182177	1	1	1	1	10
50.4540136387332	NaN	1.42530799017903	0.966998758509297	-0.197567772834225	0.426270532761657	1	1	1	1	10
59.3728201268118	NaN	1.13834160424169	1.3686243488343	0.45337366918881	0.471318484211102	1	1	1	1	10
73.276353985446	NaN	0.337006635643396	1.38215622349658	0.83288979331235	-0.16524433980793	1	1	1	1	10
12.2606841189894	NaN	-0.093717548667721	-0.649628421042634	-0.131032576155963	-0.657185826709263	1	1	2	2	11
24.7066696146439	NaN	-0.543723401321704	-0.544548860495389	-0.577350824790803	-0.256432284658008	1	1	2	2	11
34.9446171987913	NaN	-0.686237320156851	-0.104646137804151	-0.866474712629919	0.249639999342917	1	1	2	2	11
48.7137199411545	NaN	-0.470030150328491	0.503651994394145	-0.927590205527658	0.728289158104105	1	1	2	2	11
60.1027580184913	NaN	0.027178607694952	1.0502089948759	-0.745728514037962	1.0539663618017	1	1	2	2	11
71.8565405500489	NaN	0.626658450513497	1.32824675433168	-0.365432343114024	1.14124705452432	1	1	2	2	11
11.1897295794331	NaN	0.266984503452696	-1.34155423562195	0.408083589519921	-0.932214404909072	1	2	2	1	12
24.0383242305184	NaN	-0.242395317804783	-1.45332589199676	1.19499292783476	-1.08093339721295	1	2	2	1	12
36.8678675149944	NaN	-0.521448177624938	-1.05971954337917	1.44485437524841	-0.683100294683193	1	2	2	1	12
47.772085534674	NaN	-0.47805961009107	-0.364193838462339	0.976340107560308	0.0402349321534581	1	2	2	1	12
61.2335210177949	NaN	-0.126552044035654	0.273727753300709	0.129457251304687	0.687161960710817	1	2	2	1	12
72.5339053529686	NaN	0.417042985391515	0.524297844734583	-0.48119987627931	0.898225532775771	1	2	2	1	12
11.5017961878589	NaN	-0.509858814064692	-0.329905658015639	-1.10882824004239	-1.00281627210863	2	2	1	1	13
21.8564665302088	NaN	0.280921357410196	-0.913373610409343	-0.906129084380238	-0.624310943793227	2	2	1	1	13
35.6984334622185	NaN	0.935515839602126	-0.855488772528083	-0.460952997203122	-0.0109466557043165	2	2	1	1	13
49.7999673842314	NaN	1.02679879579891	-0.195865268005992	0.0905405523712173	0.586495445864508	2	2	1	1	13
60.4962396133126	NaN	0.495207687507169	0.614076323665611	0.579674335051206	0.923744186368172	2	2	1	1	13
71.4107144475798	NaN	-0.312391901931238	1.0200435914978	0.856844187235933	0.862911483027847	2	2	1	1	13
12.6058994754643	NaN	-0.642389851888309	-0.537251912691665	-0.285554925298229	-0.328000423693562	2	2	1	1	14
23.7642571815007	NaN	-1.01138077426471	0.369351023277943	0.414321773970008	0.328625131084895	2	2	1	1	14
35.1677397288173	NaN	-1.07340541500817	0.922565892907427	0.942850679776787	1.012459172279	2	2	1	1	14
49.4099400187282	NaN	-0.807788308507045	0.667368905786136	1.04114385077705	1.36970489197568	2	2	1	1	14
61.0756608321706	NaN	-0.303070997050086	-0.18633831259441	0.661054598286503	1.2155332415236	2	2	1	1	14
69.9136903948403	NaN	0.272502652222895	-0.936374538022688	-0.0112389462368445	0.629708366190218	2	2	1	1	14
11.2272766328556	NaN	-0.0463214833936878	-0.676630825109608	-0.364032431782025	-1.45300607545895	2	1	1	2	15
23.6008903944265	NaN	-0.507525809664574	-0.202134867433131	0.297245811061159	-1.09576551663072	2	1	1	2	15
35.8683689248047	NaN	-0.207052134907268	0.495295078441437	1.03213079372798	-0.38342188855099	2	1	1	2	15
48.5797951483735	NaN	0.625032179442234	1.07218962628656	1.41499148776426	0.28634630783524	2	1	1	2	15
59.0966410204163	NaN	1.35161493761739	1.24444050481499	1.22408245708013	0.539629063621844	2	1	1	2	15
71.5701543521826	NaN	1.41636461349277	0.927217826988933	0.56997448348202	0.235026775210258	2	1	1	2	15
11.9796513160339	NaN	-1.41535583268131	-1.03518049554651	-1.16166375428861	-0.798833372852224	1	1	2	2	16
24.3077498495761	NaN	-1.11290579974998	-0.432741453011791	-0.804376321828799	-1.00690778414906	1	1	2	2	16
36.2784090499759	NaN	-0.243107994993455	0.311946782886808	-0.0655733056085705	-0.690280216796461	1	1	2	2	16
47.2929707094936	NaN	0.477774698255383	0.778850862304997	0.613762051920399	-0.0156237113581094	1	1	2	2	16
59.2470115863522	NaN	0.456108318646499	0.704618586188173	0.828142087472915	0.661921931681556	1	1	2	2	16
71.3737156621941	NaN	-0.290265259024404	0.131119867475531	0.449605759852208	0.985696067166721	1	1	2	2	16
