age	diseaseAge	x1	x2	x3	x4	z1	z2	z3	z4	id
12.8925016414258	-34.4296331572529	-0.718535027614779	-0.309437738732735	-0.753462698966301	-0.232636406698759	2	1	2	1	1
23.6077652743914	-23.7143695242874	-1.19573492007509	-1.01662658592595	-0.182957768157738	0.467406043834251	2	1	2	1	1
36.4598682755389	-10.8622665231398	-1.28667540289358	-1.02187234801684	0.73079151518554	0.930567222358883	2	1	2	1	1
47.3221347986787	0	-0.951873514881741	-0.321055460932765	1.22273148523864	0.925761446158847	2	1	2	1	1
59.5334266658065	12.2112918671278	-0.336687731610768	0.535463609201615	0.880976207516475	0.455386468166945	2	1	2	1	1
71.3076353503916	23.9855005517128	0.291791255823334	0.875049480203714	-0.00833332416292501	-0.245872837404861	2	1	2	1	1
13.2573978928667	-35.8101146393928	-0.310903800388027	-0.987528220036081	-0.57220271766124	-1.11866657184631	1	2	1	2	2
22.011522704274	-27.0559898279855	-0.684016554227265	-0.494883420666036	-0.428557666492127	-0.224784737938035	1	2	1	2	2
35.6479287699611	-13.4195837622984	-0.400969186558135	0.107977739318536	-0.0789927878242594	0.461059478798852	1	2	1	2	2
49.0675125322595	0	0.352170144863616	0.601949645141321	0.392316366748359	0.361700537548796	1	2	1	2	2
60.6987874312942	11.6312748990348	1.08030675293653	0.807501709510382	0.871878109477689	-0.439247009488152	1	2	1	2	2
73.6392640702484	24.5717515379889	1.30478210649552	0.649927491836186	1.24421352162493	-1.2677535315747	1	2	1	2	2
11.1402138121574	-36.1858685946643	-0.252572614506366	-0.465328966602369	-1.16032340999041	0.301835032141392	1	2	1	2	3
22.8295696576124	-24.4965127492092	0.365848683473191	-0.495221194269541	-0.701378630845682	0.890731249858093	1	2	1	2	3
36.4391907397734	-10.8868916670482	1.0334355636567	0.148462185218926	-0.0881583942280948	1.30675982031443	1	2	1	2	3
47.3260824068216	0	1.43364948037018	0.993443693999201	0.446207778875903	1.39998938997374	1	2	1	2	3
59.2631011403749	11.9370187335532	1.37672767027089	1.41975123317158	0.698568520445199	1.13682121932317	1	2	1	2	3
72.9725776885816	25.64649528176	0.889659799454435	1.11459833688903	0.572983195639781	0.612097737069319	1	2	1	2	3
13.6958182663981	-31.9038436613098	-0.696979636688835	-1.2576426044267	-0.691408405300313	-0.242319067318918	1	1	1	2	4
23.9609732625659	-21.638688665142	-0.945644329379925	-0.697531020339614	-0.487898265742407	-0.892583607677012	1	1	1	2	4
37.9752559510766	-7.62440597663137	-0.8613913141208	-0.0431207738846703	0.269530107179506	-1.05612010243892	1	1	1	2	4
45.5996619277079	0	-0.47258247596342	0.421478872171215	1.04169991449802	-0.635861660158208	1	1	1	2	4
60.6546666437458	15.0550047160379	0.0898984233527647	0.494564072819871	1.27894063969527	0.118747821913311	1	1	1	2	4
71.895912416776	26.2962504890681	0.63670482381131	0.144405217181967	0.812372030367835	0.759810785574133	1	1	1	2	4
11.1341491837147	-35.7553080654247	-1.20719761780764	0.38322445928501	-0.198270569295056	-0.497937125534127	2	2	2	1	5
23.0912441389921	-23.7982131101473	-1.33319342118709	-0.282483554176286	0.634299942846743	-0.57873646225338	2	2	2	1	5
35.5685657927171	-11.3208914564224	-1.19950221761873	-0.524677890219603	1.25933611241457	0.0342001071284753	2	2	2	1	5
46.8894572491394	0	-0.840842933975972	-0.20774410341969	1.23556064597768	0.888216545597129	2	2	2	1	5
61.4639274605178	14.5744702113784	-0.350357565460419	0.490853706791716	0.579759089701474	1.35261839651059	2	2	2	1	5
73.0805367904984	26.1910795413589	0.144577327709735	1.17994225306669	-0.245070813449308	1.08444308932326	2	2	2	1	5
12.9829740455892	-34.4118759450398	-1.41232682008805	-0.124674406259575	-0.632902364383478	-0.735918178480467	2	2	2	1	6
23.8909535150544	-23.5038964755746	-0.90631094872642	0.70037468502554	-1.00888136667876	-0.785346075278083	2	2	2	1	6
36.1478878849452	-11.2469621056839	-0.146562005316441	1.24355344453067	-0.782261977273925	-0.411257384339818	2	2	2	1	6
47.394849990629	0	0.426648300222239	1.13511574627187	-0.0903514521763564	0.222282646652701	2	2	2	1	6
58.5906266184264	11.1957766277974	0.481146710457532	0.448875998747613	0.647625993716556	0.837420384005513	2	2	2	1	6
72.3024863350373	24.9076363444083	-0.0146484022920731	-0.348036913299875	0.984534489299492	1.16437294552569	2	2	2	1	6
13.9250169047862	-34.0555619955028	-0.517679528746841	-0.0675295773611931	-0.130481916343351	0.220741978853571	1	1	1	2	7
25.3746863259537	-22.6058925743353	-0.176547037496531	-0.548511027295603	0.754995137625631	0.950104955388404	1	1	1	2	7
35.0867766364301	-12.8938022638589	0.358215865044311	-0.684339971807033	1.26522421530862	1.39067644286772	1	1	1	2	7
47.9805789002891	0	0.913172630390939	-0.420406444805191	0.999535388003039	1.3007583481537	1	1	1	2	7
62.7784017235797	14.7978228232906	1.30833735173744	0.137175197808051	0.166567340075952	0.729679855382414	1	1	1	2	7
70.7350573529253	22.7544784526363	1.41554854849562	0.764229507234187	-0.579571287918397	-0.00926462884586915	1	1	1	2	7
12.0730338702464	-34.5243795732497	-0.962985778357906	-0.761374815587539	-0.413900797723564	-0.664242243705804	2	2	2	2	8
23.3489324827527	-23.2484809607433	-1.01555568941467	-0.0851010913474328	0.196212143164217	-0.961295523275201	2	2	2	2	8
34.9074803142972	-11.6899331291989	-0.391120357824867	0.644727368806356	0.756863968879463	-0.54043502033027	2	2	2	2	8
46.5974134434961	0	0.455209946771418	1.00215664031988	1.05188287029622	0.295212641534873	2	2	2	2	8
60.4835653954432	13.8861519519471	0.906600151719435	0.77857824974505	0.967517733585068	0.943768567810035	2	2	2	2	8
73.0797050002148	26.4822915567187	0.634061316941504	0.104480521544772	0.536297417823094	0.938107507329825	2	2	2	2	8
11.9232265132356	NaN	-0.516268998113939	-0.904098167872022	-0.853271442319266	-0.223184545108357	1	2	1	2	9
22.197894711502	NaN	-0.733989375448451	-0.499290581069186	-1.05072392784218	0.685663940151035	1	2	1	2	9
34.3645040194469	NaN	-0.598531989174005	0.269426305703567	-0.774778307863971	1.39341577628086	1	2	1	2	9
47.504856350482	NaN	-0.157863253509042	0.924794304617232	-0.156308044668613	1.27401239224755	1	2	1	2	9
60.7072285181888	NaN	0.431972929553553	1.05992793038505	0.511363326945815	0.43307486618668	1	2	1	2	9
71.6653366552655	NaN	0.962111414627891	0.590929417186539	0.911577531780128	-0.385525689149736	1	2	1	2	9
11.8572285394931	NaN	-0.246584575721191	-0.909507609742188	-1.26607669968453	-0.115872343733145	2	2	2	2	10
25.6536416645802	NaN	0.329604893563414	-0.862167445760983	-0.609848909765408	-0.593312723472975	2	2	2	2	10
36.5001631166015	NaN	0.905888526493671	-0.099465432874081	0.302250175671056	-0.755043676439096	2	2	2	2	10
50.0412229099378	NaN	1.27167262863021	0.748481904359074	0.68640682182775	-0.540078490346909	2	2	2	2	10
59.299075856502	NaN	1.29328721346926	0.981131470314026	0.212495431191195	-0.0294778385862236	2	2	2	2	10
70.6218208562566	NaN	0.962833574514727	0.406276697467875	-0.712227522694424	0.584217182224423	2	2	2	2	10
13.5411318718211	NaN	-0.479656045730753	-0.340409153609769	-0.800884245445258	-0.937917109425485	1	1	2	2	11
24.986318680346	NaN	-0.642909392739676	0.314167830804567	-0.621701994521004	-0.788842202389196	1	1	2	2	11
34.2176851933303	NaN	-0.453013567918983	0.875214129573096	-0.0433087130010714	-0.369438362777256	1	1	2	2	11
46.71103861246	NaN	0.0229513917975063	1.09890165145727	0.651328262388056	0.18702914815402	1	1	2	2	11
60.8313472724297	NaN	0.616852526629692	0.888016848101791	1.12237169425477	0.703743188497869	1	1	2	2	11
70.8717894219994	NaN	1.11889633481313	0.334209266409014	1.13937301126096	1.01651825235873	1	1	2	2	11
11.2544656817781	NaN	-0.819776697956093	0.164313757592184	-1.20771793207353	0.161184717071613	2	1	2	2	12
25.1043443791431	NaN	-1.40070658487019	0.663346944681493	-1.38631071411952	-0.465950345847516	2	1	2	2	12
37.064050051198	NaN	-1.26971081610336	1.03567037933481	-0.957346792913509	-0.63228480690038	2	1	2	2	12
49.1464620346088	NaN	-0.524209411945951	1.1829766021807	-0.185450515299156	-0.244446301859543	2	1	2	2	12
58.7245481647155	NaN	0.281376957352952	1.06637120268855	0.453201596184104	0.479850824785741	2	1	2	2	12
71.367042666733	NaN	0.547943136096125	0.716642413631649	0.564630259114468	1.13402014055521	2	1	2	2	12
13.7417453413447	NaN	-1.26238311535055	-1.27036933095402	-0.777897370619216	-0.549868407714445	2	1	2	1	13
24.2029029129509	NaN	-0.992951784247027	-1.25312844013292	-0.709159113428846	-0.123867624351911	2	1	2	1	13
35.9199354972272	NaN	-0.314064643919189	-0.84950925560205	0.00255890169483769	0.428994590998007	2	1	2	1	13
49.3277196605421	NaN	0.393724845512228	-0.225741325287773	0.82826494358598	0.936532656223192	2	1	2	1	13
59.858807337558	NaN	0.733661872768664	0.361278094581555	1.15424450839266	1.2406769207335	2	1	2	1	13
71.5810011796449	NaN	0.51519309803708	0.669786529552956	0.738209933518894	1.24670349894448	2	1	2	1	13
13.7494027599728	NaN	-1.38817174031583	0.131128946435699	-1.39713555278162	0.234182835905039	2	2	1	2	14
23.4253168350034	NaN	-0.874562116370147	0.943580383884786	-1.17360296716822	-0.431528933445622	2	2	1	2	14
34.5118153435278	NaN	-0.0111208617767688	1.44913904407728	-0.696870638242558	-0.65151305718497	2	2	1	2	14
46.8687328467539	NaN	0.557359887661585	1.31279692687084	-0.123612974942352	-0.299342164987482	2	2	1	2	14
58.2057586965599	NaN	0.406355690191544	0.624901015943101	0.357773305922833	0.422587138115121	2	2	1	2	14
73.2950326857819	NaN	-0.351368030385437	-0.158715070232741	0.58908430994701	1.09937389563224	2	2	1	2	14
13.1718863921271	NaN	0.0330403654492765	-0.202112283840905	-0.391570812820423	-0.848657394607572	1	2	2	1	15
24.7176781157528	NaN	-0.517497511719669	-0.642892272591398	-0.936293228736142	-1.19306027941694	1	2	2	1	15
36.5356544128199	NaN	-0.79621873280246	-0.474050955438028	-1.2716948926862	-0.993011008323396	1	2	2	1	15
49.4537515878989	NaN	-0.69636707476778	0.199618434611947	-1.28360908173539	-0.358032217902725	1	2	2	1	15
61.4040093195962	NaN	-0.256187870474696	0.959995531337763	-0.96798034814338	0.364238977666067	1	2	2	1	15
72.6724644325905	NaN	0.355720776478138	1.33514387028867	-0.432244945368192	0.778374765879495	1	2	2	1	15
11.4135625812548	NaN	-0.256148967723983	-0.0394502235253566	-0.161096309566552	-0.411060636961065	2	2	1	1	16
24.170203796535	NaN	0.478313168823786	0.489834845352968	0.375266050522366	-0.966943722826685	2	2	1	1	16
35.5111174996729	NaN	0.987690314281989	0.927305418999902	0.878140239819947	-0.989153502008943	2	2	1	1	16
45.1922037612134	NaN	0.996445608769849	1.14990251024533	1.19901530541956	-0.464700827430779	2	2	1	1	16
58.1181736671688	NaN	0.499843059767821	1.09501031303099	1.24312905277959	0.299693875227282	2	2	1	1	16
72.8909158432377	NaN	-0.233490622278097	0.778069816076249	0.997453621659549	0.856982702594744	2	2	1	1	16
