y
0.0136202186583856
-0.898646363179292
-1.43181862665942
-0.258781832517223
-0.0848245941195971
0.905931884472566
-0.529103213591322
-2.04324115171204
-1.71459587178
-1.11197788258728
0.856770080676306
2.23409287993204
-0.676055114812618
0.14529798010208
-0.695172337934943
-1.41496218637962
1.66613834592568
0.108004585846519
-1.79526103922722
-0.67449176630341
-1.29143198452141
1.33397959506115
0.0430429800132401
-1.11866258197052
-1.71606894240217
-0.0704621622194179
-0.681775451603024
-0.141890303581204
0.782812151214563
1.10142768813734
0.123454958631594
-1.26172770499494
-1.76882140169352
-0.252219762276465
1.02571582675159
0.96868275829197
-2.01720111224966
-1.38122065110215
0.382964849703162
-0.664317556467164
0.16082036026391
0.881612026781231
-0.89586763234757
-1.81437553545469
-1.23555424086328
1.20624183941516
1.23578031176418
1.9176367251289
-1.14611590396152
-1.13595060368726
-1.76663982050219
-1.3784832986034
0.0161142823197929
0.990103862176611
-0.0343060059511506
-1.92556389045025
-0.414196225618809
0.570698812130522
0.979644758973312
0.706437961761433
0.689298653771162
0.512028102735974
1.03581686647123
0.607610195869609
1.5186799029673
0.936866961926308
0.429706202677596
-0.209898452077036
-0.856305942175166
-0.432535691080588
0.754603427899592
0.12372178534877
-1.96247966200731
-1.65403956399388
-0.691800988724003
-0.152953944644299
1.09717894894026
2.09033781767216
-0.197327956887193
-1.31613502353974
-1.40975311375645
0.253428766567133
1.98910176190685
-0.0431818076022461
0.242802375700778
0.198747024507226
-0.162467100357758
-0.395442957591689
0.957070697524498
1.27709757839424
-0.83125732551001
-0.771669860271567
0.784856614500315
-0.0693000253412148
1.5902634453166
1.71157099736801
