y
2.26886718358382
-0.369706512591465
0.0183929415099635
-0.77317225772601
-0.459176349879138
-0.0856004383796664
2.1519056114255
0.544905900698207
0.542767254813186
-0.789390039599385
-2.02615128682294
-2.00085468741005
1.9412858484395
-0.374848093661485
1.11402928477621
-0.431492745353005
1.13642734567154
-0.388578680770812
0.957734061366726
0.807518891094207
1.79875905329542
0.345726536314222
-1.16358749845894
-2.4847147617052
-1.28586903980327
-1.27488391076915
0.938328192363905
-1.06161215037448
-1.15087430552614
-0.565248327190256
0.00634888639466274
-0.707856909328465
2.07631447186754
-0.764744468101446
-0.438480376628961
0.8243133918946
1.8495928528423
1.68382963356206
0.998183207199752
-1.14142718858948
-2.30955437426477
-1.63990145950085
0.370846231347653
-0.471984431643755
-1.19444148188832
0.83825123749403
0.96166890307113
-0.550303788738994
1.14442106871662
-0.24930769976765
0.420759029357579
-0.864775272276084
-0.262867361406672
0.759118290325532
1.71884298801636
-0.534491858074119
-1.89592170230485
0.119045513363729
0.135370490219722
0.2057985761131
-1.9269242729592
-2.62693888426553
0.300727934226524
-1.47656520935054
0.423542677050188
-0.496582367004602
0.407442309732492
-0.706519134874518
-0.817870396642786
0.831995196871962
1.3940450057375
0.803209801576396
-0.241452021221817
0.971786170310344
-0.840538756062853
0.432247797338093
0.483043667846683
-0.273911365092552
2.06535360541716
1.15958373883994
-1.26346419360869
-2.54144945521535
-0.252140562755053
-1.23260830151595
1.06928738266471
-1.34485027762469
-0.149869911836595
-0.623594946128382
-2.44060597260352
0.220785838689315
0.461875260685498
-0.691405345388039
-1.47664116281672
-0.331775077045949
-0.513111081350368
-1.10272722738172
