y
0.509911810427489
-0.788834876906741
-0.644649338449588
0.46586804491702
0.0672652663523644
2.43916767987105
0.162175451725989
1.65103656770283
1.79247561093267
2.28075346704865
-0.0550483760970945
-0.869927821503443
0.218471559546085
0.783395964857207
1.17716340474847
2.60734147719952
1.14540111633847
1.02777568663614
0.0531662041757206
1.55720045645566
0.838009557481606
1.42518577845238
1.28399084758102
1.75031169722282
0.62255448564086
1.77364171238928
2.66965758679208
2.27535232869017
-0.548956295665478
-0.750447672646174
1.87780500052951
-0.65935700144387
-0.783858049846107
1.26385346437641
1.13315457348903
2.05882867516326
0.409889649597206
-1.26198656701492
-1.1065631769768
-1.03138993888007
0.640748693961126
1.99026859652399
-0.0777298902299727
-0.638531506252602
0.926355536171085
2.01093149098371
0.836229631149746
1.22711875255062
2.44316226765622
1.04575308063104
0.844813060600167
-0.639416734975305
-2.33853665757417
-0.49721332102795
-0.638359007216009
-0.352252932117477
0.114094368287064
-0.396448129453275
0.484446716675916
1.63079881623815
0.644836500063867
-0.460729691121806
-1.6179710590957
-1.83753829130558
0.0716281915822565
-0.281406223597121
0.0820529627475276
-0.164856550350512
-0.584345024768851
-0.802787046223105
1.03086753597805
0.925681860928902
0.353090109651444
-0.66784729297059
0.491871148912801
0.710163342183883
-0.657824490175466
-0.697911866402085
0.038925291114519
1.58141692471614
-0.0291103507761821
-1.4021404623045
-1.77750902967524
-0.234108517885053
0.830269994245948
-0.0538879302207741
0.540681186987999
-2.94508128686586
-1.42393191972236
-1.25406542503513
0.589398298771111
-0.749513739275341
-1.8440906037259
-1.83162969055148
-0.592256352535672
-0.340960682933872
