y
-0.217020924790694
-1.83174311356074
-2.41752160344073
0.554877826707679
1.14330741707149
0.690177089352965
0.307284133030224
-0.106069216686504
-1.0187608260159
-0.951688928570301
-0.461673108302891
0.189430273270903
-0.632608412963088
-1.2281592081419
-0.823994216782028
0.599882283332103
1.4016782890414
0.747764982898887
0.934610293870406
-0.164666382471271
-0.770635081898605
0.253672358683417
-0.710291055449762
1.4428766553108
-0.320555018866447
-1.11311672171803
-0.785062994424164
0.694129792013709
0.0989298604346549
1.2381303578406
-0.737888041135359
-2.03329131204701
0.330266377565162
0.787069128358875
0.910497817382555
0.396412995377237
2.07703360265168
-0.430138906514086
-0.173640246661236
0.2370275014979
2.16071912113018
1.52237148046778
0.0873032582130374
-1.45124997941348
-0.798879425825375
-0.467269342225306
-1.14773463698503
-1.04522272149314
0.252531664715506
-2.63901026161264
-1.3451020091198
1.26047475650483
1.06509436828476
0.0562391417891049
0.317589574161061
-1.4416544806396
-1.27981769563225
-1.15363233779855
1.52135749510408
2.68684952780989
1.18650725995291
-2.30266277274577
0.361020015819115
0.617560403181861
1.4856246365566
0.203318752620656
0.657090136994595
0.643495499972888
-0.377295896451557
0.822042965593298
1.52476277190842
-0.442059679629037
0.63719173711242
0.250586886129869
0.314137338129168
-0.0261458265945216
-0.321681639153628
-1.23335256615643
-0.797455274161842
-1.57256790268819
-0.923140123286356
0.292354999635412
0.847303423006761
1.36791613925988
0.422314977773989
-1.24872290185769
-0.280605671377129
0.531061203785312
-0.473174419145097
0.546180042322022
1.64919645618257
-1.19237867596981
-1.43766859427567
-1.33814147711927
1.99722314999572
1.34267341199154
