y
-0.24828246144872
0.481410793767581
2.09783589883766
1.19338291384744
-1.06864317381282
-0.583784585841572
-0.468045258354605
-0.980257646313635
-0.0460802678630629
-0.777902671005736
-0.812480505705509
1.49909141161448
-1.99696938328289
-2.43564749775238
-1.03892882218848
0.00050343199197922
-1.28691975229384
-0.836584506921651
-2.0271392067737
-1.79710311016773
-2.7095106777473
-1.20007177881857
-0.113951512614245
-0.861716999673657
-1.52649504688671
-1.5260293432509
2.25114774983092
2.83107189813501
-0.0625428758717193
-2.0964118533574
1.07031507531775
0.715585494398762
1.3586499760866
0.788757753751206
-0.666959996074382
-0.653535506840533
1.48364061698192
0.331552807798991
1.14639810978398
0.10793640966789
0.161924190968782
0.682436465723822
-0.702231299488694
-1.33280226612912
0.636451465272733
2.17493309004592
-0.0870878381767629
-0.551465138589563
0.81997981445282
-0.776384402149668
0.254422535084365
1.12831535743902
0.684733295430244
-0.994869053741377
-0.171746913980873
-0.376421105057876
0.569173038051392
0.160610971883748
0.477208573381834
0.596108955541179
-1.51218791655804
-2.83269793604909
-0.8036762647017
0.362349782987154
0.766380526447946
-0.22564743024791
0.218269239107968
0.16909983079868
0.108343660929231
0.642999685022095
-0.159826719973329
-1.6297194917604
1.01851722006148
0.468151111110895
0.834597421769215
-0.874643056071041
-0.416522418505337
-0.197893071421993
2.06695653368765
2.1357874893244
3.5645951063035
1.07437677014915
1.29513948226255
-1.4418895018746
-1.4181000368655
-1.36148530029392
1.51558074709765
2.29920773462935
1.20372370267454
-1.54302241661616
1.28209347634394
0.394337726528144
0.485223822323662
1.53993855112417
-0.0769329981971743
-1.84000069845955
