y
-1.93046123541178
-1.48548285649772
1.23843387271128
1.21318406155311
1.16109768756364
2.34157237890786
-0.994240679415769
-0.110117563966525
0.808254958099689
-0.58904611723457
-0.0522435483359637
1.27147242384882
-2.67173455300094
-1.25097939933642
0.110836973652824
1.02155862404037
1.61216983807347
-0.867671455723012
1.10004847668795
-0.468804690682826
0.951170873706972
0.853417647787803
1.53894792450789
1.30933749072097
-1.81266521596337
0.508905476984897
0.231970972339746
0.552629884999224
-0.632796998581225
0.564041673921366
-0.0383774744995318
-0.203680304149204
0.286979371270043
0.7795133889423
2.20027978477948
0.634174927318221
-1.29697450516281
-1.26401882898349
-1.29796736935278
-1.1142124839747
0.0940218413049652
2.14103057923414
-2.57199119933868
-1.72595866307849
0.592340562100654
0.363264203571027
-0.069705035020261
-1.18950106213098
-0.689694105674075
-1.66262391173548
-0.956846084383873
0.113476884438797
1.33355611970106
1.2112980393988
-2.479309337527
-1.89949086929162
-1.2314062271279
1.77776779749195
1.77775871317055
2.16650606567171
-1.41113529582119
0.440573739944562
-0.527733452440418
0.720932796226506
-0.0334507714252072
-1.04434903618123
-2.00688956230881
-1.11132309928622
1.46874292383016
1.36091400450753
0.0828433897722932
1.02911711711527
-1.5649790861367
-0.100218898433652
-0.171409929901914
0.872772295199959
0.617788845428212
1.48907623469422
-1.90370161890161
0.0289927562418055
0.974607474307591
-0.490599932658628
-0.498740852847475
1.41404821454141
-1.86103441634493
-0.286752418753643
1.11366338215765
0.596130364082772
0.505138680348855
0.29790346609139
0.108297335456083
-1.45542468511282
-0.00355446773105539
-0.531402964521272
1.02518904298094
-0.447049317041002
