y
-1.63899507879262
-2.50748417369216
-1.66736380228133
-0.681503631779584
-1.87588165569151
-0.999203671322337
0.0721845124266894
0.755518528492511
0.963737332759487
0.586466499258768
0.27443561887895
1.65811294954828
1.60815520589776
0.937231365645782
0.39732489491458
0.675514332234057
0.14301071188251
0.774724738294682
0.187426406503338
-0.632604096228097
0.887761329760936
0.658940432332437
-0.248039138281756
-1.02578875117965
-1.70016906161305
0.174971832677567
0.968133291603269
0.181417896790068
-1.73493143425669
0.628176426241168
0.493704852818851
0.920235609390633
0.686279381989556
-0.119109397658684
0.655319926040536
-0.375830417834534
-1.71401032502352
0.69594624336764
-0.508359287727659
-0.990646595373612
0.517806038860586
0.592091555614472
-1.98363955758582
1.67987805678746
0.864931209050191
-1.33090332513588
-0.29578674158494
2.49438683478526
-0.993720539756727
0.405628767691919
-0.549086740964263
-2.13618501893631
-1.55874229361524
-0.401395188163797
-1.32611576010201
-1.69415653210347
0.358184265711258
1.90518233614816
-0.579478997632705
2.28186229007481
-1.83222884226793
0.232294599143239
2.27982476230586
0.793801927644343
-0.389437790071758
0.78548922943812
-0.0184065840536939
-0.801621726021394
0.553583991465261
0.923423585479883
1.81284847909906
0.564509888602236
-2.03101577801836
-1.56178347052734
0.981057059474439
1.28802532884598
-1.10685394493438
-1.43639021091755
-0.39028525778509
-1.1107414592701
-0.450411543058241
-0.907129587066012
1.50182405392812
-0.733677245202362
-0.27910828079943
-0.787520193620605
-0.34535138826016
2.32593854701602
0.77055732339346
0.606385281190545
-0.846077618126201
-1.02344138978393
-0.171832006851307
1.69642839924451
2.23986942676458
1.05190197344398
