y
0.0854171220074751
1.47437499370019
1.21236539977406
0.946436728017057
0.550790436263631
0.57452991238958
-0.973059682519884
-3.94104978191607
-1.24109695843685
-1.28770788916916
-1.26509736989578
0.88943696371843
0.631126872937225
0.288908419618878
-1.99675819190761
-0.0629915412914379
1.83740565583525
2.24358460351135
2.00894949881941
2.89098970179641
-0.958600697858459
-1.50368240898982
0.997040277973907
2.95247050669476
0.804882566321863
-0.50994195251688
1.15309970131313
-0.141720356513158
-0.315679375757719
-0.294977440573675
0.793375391115518
-0.636158595441187
-0.81392761052751
0.351009507747721
0.326308811981358
2.2526946338477
0.110246646895643
-0.550874345146349
0.293012152159365
0.310899285644516
0.583466294115724
0.181908641551633
-0.720886463275635
0.330897844168218
1.53806057759858
-0.840860768510433
-0.472972119916887
0.527678173763089
1.33192158599279
-1.4855515869418
0.291187556832388
-0.222407424437131
-1.10188831384665
0.218113882053542
-1.29153283627489
-0.554383776284051
-1.50772938934974
-0.257287701691369
0.739656650130919
2.50868350494054
0.203473725872312
-1.17704550303535
0.262098962132559
-2.14198882445806
-0.317032003288207
-0.637137184135031
-0.874641312213926
1.03258374058986
0.939365536725762
-0.452880940750617
-1.50947060183884
-0.0937465996975999
0.782498781695337
-1.04238128322412
-1.19933746476431
-0.65698700457322
-0.0510878281210123
0.469958255326302
-2.34930136085008
-1.23483231115108
-1.32982138808374
0.357225292524081
0.808671438095323
0.289649734057105
0.813450020979443
0.0714181880568617
-0.251725447668291
-0.468422170216593
-0.141731373408844
2.09017877237405
0.195525499961003
-0.795070416449726
-0.506689043520325
-0.930343155656038
-0.0542097912888845
0.617679137762165
