y
-0.987768336696064
-0.819803202697002
-0.895082110333585
0.115757451228442
1.21705880241711
0.596966806928541
-1.45508297624772
0.25666408459576
0.995701086036565
0.853407642710942
0.188736286286857
3.03686699643328
-2.1855669614918
-0.905344879870549
0.130256135474382
0.683478449451632
0.0669398378300651
2.71976094579808
0.697889837769355
-0.22832610921233
-0.618537342051243
0.451519013323815
0.928146032821332
-0.355274504246004
-2.52205016637912
-0.210098874623225
0.25699705751263
0.26556370649354
-0.00354939705388752
0.25874130717798
-0.812833968003727
-1.8569624526597
0.84455644210736
0.728209588516995
0.49039932269062
0.924478111765304
0.342325195708511
-1.33478974978251
-0.00494433146993156
0.586716662190885
0.854795395716394
1.98368373284693
-0.656736984121393
-1.17708777685641
-0.00949033289155568
-0.0344076528404277
1.66607432843094
1.22614582632431
-0.934089377479373
-0.910707192951665
-1.29016072691489
-0.639437761814755
-0.999815442030554
1.06324077120192
-1.15072480136817
-0.634412895062625
-1.33633443725429
-0.848536641049191
0.407750915950525
1.77301584915568
-1.72463008575972
0.160832231319026
-0.66816451027647
-0.115538442707821
1.00241250658985
0.846607245914629
-0.592476573083991
-0.969974303377612
0.315708373260174
-0.286614106917644
0.287413941599825
1.90155500829251
-1.72755708940258
0.137691523978468
-0.00803543760069625
-0.393008529652368
1.60389125740392
1.49625123025509
-0.448998213900021
-0.976703286269791
-2.50464694634505
0.672168260954669
0.231406005486224
1.86206304173295
-0.920450152687903
-1.63584221230629
-1.38993484974768
1.23651065904817
2.2291619969361
2.52034203509776
-0.542499250179944
-1.85537685075965
-1.69546395215163
-0.18302451381011
0.391635545146832
0.949402206477741
