y
0.451513763691545
-2.39596731798007
-1.05751123760903
0.520034336526419
0.174315857238129
1.05059933999758
-0.844422698320566
-1.35770551661992
2.1665628887722
2.40704731034119
-1.29160652535175
-2.95438732187434
-1.19240156726621
0.127077077559819
0.737082688544552
-0.257788998824788
-1.03115579225552
-0.689580457217533
0.618636188840665
-0.393159200840582
0.853053504531988
0.866967403276411
-1.30371735066918
-2.08201550832005
-0.334182929843806
1.52862155960911
-0.0591758021066468
0.0745202767303904
-0.0279339914812263
1.13752930664213
-0.268801217952424
-0.860159146321335
0.415464904235369
0.571089251208676
-0.556392261965709
-0.858140881370047
0.803537618714416
-0.955592974808212
1.77910884775115
1.84287578873234
0.978439781380927
-0.314413021384996
-0.376370800968792
-1.78427711570284
1.02497823403021
0.806537378677226
0.154875298590234
-0.0543322070680403
-1.31473578538775
-1.11228649577651
-0.769695533926919
0.23317881324691
-0.808912175891471
-0.55925244877177
-1.04312152655584
-1.53576811378747
-0.0681519828177797
-1.41444467719264
1.60450928109553
1.28698810707274
2.70271046141794
1.0748224710969
0.252236741368444
0.932095232141397
0.42429771328871
0.938214238999136
0.395111264484618
-0.899965514947848
1.63014970997711
1.80191895561367
-0.263426854208851
-1.10430869098207
-0.677951022044446
-0.0708971197068394
0.911279288421974
1.73678350084829
-0.0205805738180617
-0.104847533896154
-0.24543294116227
0.681031478460056
-0.0499981723632146
0.855975796153407
0.00110693500643388
0.755984797405576
0.310729050997953
0.641023232220865
-1.27725599615753
-1.3719422810915
0.64355701103045
1.18950887841628
0.0331799002160091
-1.57840334501405
-2.06640446081099
-1.02239861664252
-0.826123148640289
1.38063539111533
