y
0.638513667736913
2.00527055039192
0.135543562301978
0.444999569256904
-0.796357425051622
-1.53910513214208
-0.646832028708086
-2.03661544249475
-0.530823914511375
-1.01203869775017
-1.50833037031906
-2.68831953990267
0.208029903593034
-0.647245990619602
1.66569521221005
-0.0318302498167206
-1.83089573714552
-0.666349229997641
-0.885631630777742
-0.251217832590598
0.369794563803027
-0.287749768696558
-2.72284802470253
-0.623713847476283
1.02740372333374
-0.224851352660619
0.415801645458854
0.926191718477237
-0.531336274130016
-0.504502120017748
1.95273944821973
1.98146361426353
2.58631333260773
0.572097639835909
-1.36083741066775
0.0398655099981431
-0.618470467472252
-0.485787799429433
0.848381757845787
-0.950241003165795
-0.885304211800078
-0.0806232199241214
-0.354687289951253
-0.335969903372973
0.977519400447691
0.151073543230381
0.263525618733599
-0.198277431389647
-0.434232255025155
-0.619040250725834
-0.219184089894794
-1.12244678452061
0.0692721442560588
-1.28839415059334
0.921096368871329
0.792034457360483
-0.452735518785605
-0.631193248985926
-1.21866969447808
-1.45992613614358
1.76167461211632
1.05370205418017
0.565699048167668
0.22853666801812
0.0746473035043766
0.185781716854096
-0.316404607632241
1.08073361783274
0.990680193501117
1.74612990219625
-1.29800891242085
-0.982445452738549
1.53453691814153
2.12069923497556
0.488570381482014
1.11218613529417
0.160815499016716
0.000983904382519052
-0.808838783095714
0.725894025212503
0.781713809679475
1.01826026372065
-0.162897015793747
-0.606326320622195
0.759284983762673
0.201642222207331
-0.595148790089024
1.37947932664206
-0.744451403587143
-0.305264674419267
0.212316545349303
1.67858969458064
1.1251035569093
-0.996213057522084
-0.672363259022774
0.190689182819826
