y
-0.029084074564258
0.0397109363036868
0.355473745461363
-0.585742145134147
-1.00594089354479
0.696587852404846
1.13780316506228
0.875274464008847
0.814139419007922
-0.869285000586744
-1.72807513639662
-1.20042404259454
0.0696629730726572
1.38743731459083
1.83507248491653
-2.48937800167954
-1.77116090485975
-1.9759037156973
1.1622375637715
1.19667808714971
1.59105797094632
-1.13424261427019
-0.0433093537055921
-1.03995200431426
2.63214592597516
0.59891349789213
1.85638297541229
0.897647282202178
-0.632878566706205
-0.708294083951906
-0.220029922779261
-0.729768627875408
1.12800791115954
0.31479566762866
-0.987496320954844
-0.495011636098774
2.00400936114637
0.985497192112187
0.550141457144378
-1.93785436129523
-0.888717442182107
0.409104910693028
1.78424963821534
0.447105642911699
0.865194333237784
0.0359858480516239
-0.902066984039218
0.854429585243429
-0.481903687997322
0.322127053401395
-0.329185122270368
-1.86894167354916
1.0020910585953
0.663893454814596
1.16281661418624
-0.622893264664491
-0.789099303082843
-0.15447403027443
-1.52156105663995
1.05055083707561
1.03788852119547
-0.0627820458459728
-1.67030131032567
0.382194263919466
-0.975968470650958
-0.255858082234287
1.54145374284976
0.680154627318253
-0.591027850342702
-2.60201332964918
-0.115591533304806
-0.208447285694166
0.0972542490535556
-1.2132252518316
-1.27168566132441
0.134468238735867
0.734805010921715
1.0220575346586
1.37384583109471
1.61821654474587
-0.180162486872716
-1.30571587701905
-0.526142154634278
1.09367216496618
1.7341017384315
2.52398063939124
0.781473508483936
-2.55128173863867
-0.159201619648803
-0.80567552923147
0.544771617290372
-1.30627101241977
-0.18761704095149
0.815650434705315
-1.42015387327727
-0.464570344944191
