y
1.01371830739265
1.23324122941546
-0.00312263234953192
-1.12274795570333
-0.430740821535339
1.29452536523558
-0.578115094063041
-2.10080996563063
-2.15562826678886
1.38736969165747
0.252598594551668
-0.772118113484974
1.10811455178324
1.07327203069463
0.70365030120586
2.05536516937042
1.89726536329328
0.316158815226291
0.254641700943788
0.351163049319087
1.50976477119368
0.524574437992086
0.911722416845761
0.338687114306236
0.11730863194108
0.599637564588161
-0.0238311585849289
0.638111960593186
0.788424047800637
1.00979599351588
0.772721906246965
1.72010309691372
0.420894366717136
-1.60842292113947
-0.805729763069649
-0.171286895480566
0.174236245632013
-2.32132978019424
-0.644912227046938
-0.914595962319448
0.13951696322993
0.249056512513322
-0.359993504709855
0.0126311580819489
-0.519342572098133
-1.10838917947037
1.4313380559747
0.657177661430951
-0.0221698302071833
-1.10877973494342
0.692665930450128
-0.96913105745644
-1.67047431134287
0.125516491387107
1.50180244436044
-1.52072818527547
-1.58670046968946
-1.65677209608223
2.28958192817646
1.57809247985199
-1.16163081215207
-0.786483619329637
-0.148967122329556
-1.71264946616431
0.83853175235704
1.50130245162468
-0.0205165959590269
-0.469855968748848
-0.561352450500554
0.517792813083365
-0.884939127360834
0.167849274375203
-1.03149935747324
-2.5874083352908
-0.178190384242728
0.840139932511982
0.0593361664999509
-0.127804861463892
2.4440088288335
-1.09220789958441
-2.02158659788073
-1.30188234321595
0.491782264143807
0.846744475780266
-0.491239204477319
-1.53173958836722
-0.403104175945418
-0.335882541324914
-0.155741555935551
0.750848584678512
1.0921251890501
-1.09955559781756
-0.85233319926576
-1.13450312566644
1.62464597703193
1.94739236935987
