y
0.590539069488055
0.711941892448234
1.06583094525388
0.76870528827169
-0.42568401892355
-1.83374940128321
0.703658359290624
0.65379161394014
0.761980925146018
-0.788727404575911
-1.01842213496447
-1.19560176253403
0.367535280011199
0.189631375188861
0.278848976281404
1.01208943818188
-0.490606245925088
-1.14015058083601
-0.868185615400587
-0.800712676221929
1.95978100882241
1.24201359948819
1.24868089870007
-0.0617799900950318
1.74676099415001
2.87174605591176
1.68283830037445
-0.148027557968817
-3.46336722504022
-1.58683320225705
0.770507420503835
1.57123635952602
-0.1102712246107
-3.22599718527603
-1.63901092650973
-1.30948272962968
1.12580501319731
0.134365024803964
0.248865519393282
0.854270095416144
0.186629032817175
-0.948126915990817
-0.813079102418835
-0.197751712422953
-0.272812569000461
0.0601327988507048
-1.09959689506647
-2.09103939658012
0.658667734834101
0.148335307170182
0.285489784674608
1.05174622849733
0.35428279696782
0.166080503099787
1.70376323138797
0.825870707670501
-0.255949966890021
0.373133369493733
-1.02708623679107
-0.155810247600327
1.24897476197909
1.30044238962226
-1.27931497266939
-0.780800171043859
1.31666543546712
-0.599516903595577
0.0657902128373098
1.35065832967649
-0.882875979572214
-1.51240236868595
-2.62952099999457
-1.60142356661525
0.268933985010191
-0.0689939861938964
0.659390361073859
0.481793366223022
0.611710192663353
0.937048104140232
1.05524844277149
0.903975997415042
0.706325928560171
-0.00968859854540383
0.0278754722511547
0.131309352049055
1.26297692993229
0.483381445944319
-0.222220737354392
0.738281561650838
-0.315314916885487
-0.416290606915724
0.0536373322554091
0.601206192686553
-0.478197001148395
-1.45666137994077
-1.62500585109954
-1.73508977838904
