y
0.593717724441875
0.4778514007868
-0.161849025901296
-1.70730655656984
-1.33950632256987
-1.73186250075072
1.32644851379112
-0.820604177458283
-0.397610882652685
-0.572067942166596
1.02320260038229
1.31032012463498
2.29229103354959
0.652532448040905
0.106391753740176
0.208136239812956
-0.979559074871142
-0.743012457323069
1.1523893362826
0.840251303879285
-0.16932218316993
-1.18132905122743
-0.560011233767671
-0.395825580645893
2.8385539503304
-0.889794023749639
-0.754952561287126
0.564443022623462
0.809046855957397
-1.11694925724652
1.63525094603345
-0.0761195586829292
-2.47599127700292
-0.781747908734234
0.0932102641113089
-0.234360702796827
0.144198515126382
-0.923036770951535
-0.330531248905745
-1.26162295210751
0.386999012799614
0.662339255772003
0.809494673322845
-0.590732946932034
-0.742797998895909
-0.253629065179881
0.00894494684235517
-0.625376126987572
1.47762841436201
2.29293082086279
-0.306804914944176
0.372829440299746
0.074002806501575
-0.448012154978348
2.71424222212301
1.57186040537522
0.57442343123194
0.0786479144592597
-1.16152945616321
-1.48267166474826
2.47383677615536
-0.122148755735587
0.100438829321249
-0.953623806260753
-0.534552583997804
-0.515465439397769
0.55279315842237
-1.02904509294033
-2.01064854291518
0.621243157336686
2.09237293559195
-0.26966371208202
2.29536757820792
0.208656427838271
-2.18656474077511
-0.36620249302869
0.747731331584864
-1.37699151512836
1.93112482739781
1.67069064752691
-1.0789398371501
-0.218549004761797
0.0100231126102176
0.611342656339166
1.64345729552053
0.162621021885883
-0.344536069548911
-1.94217535604673
-0.27505141550358
-0.429267754095475
0.553510943230573
0.262647071531873
-0.685034420111225
-1.42461986820018
-1.43903562394953
-0.611793536981083
