y
0.643647734863727
1.36433038205999
0.321716143890106
-1.24091181856748
-1.95287071436355
-0.916062572842434
0.529758597459441
0.194521460837972
1.71575761009946
-0.467300070767163
-0.645719230600084
0.209945535382302
0.485256373971891
2.47675058765295
1.24826605207056
-0.592502991402809
-1.78629693585421
-0.343998418884013
1.38922264081788
2.20495857506027
0.866294257638392
0.969367423229676
-0.327540789445608
-1.13816077179051
1.27689741769831
-0.305052022593416
0.049523409671847
-1.01708647568491
-1.05618341839869
-1.27899916341687
0.987720694803458
1.66552874567349
0.750341518718946
-0.476963378208002
0.371776334806305
-1.23344015342998
1.05702352451336
1.94780122946045
-0.936254625202191
-0.627707025014347
-1.5644568293758
-1.25758308179528
1.67764515780951
1.71489063289562
-0.0803657142126891
-0.0783014224102072
-1.08075847854463
-0.477502254811536
1.91372218355334
1.68567421468378
0.344934273837118
-1.75550838054755
-1.56137951081049
0.436810642037755
2.6308372228667
1.6590599150708
1.06210868366002
0.104553852122496
-1.28299274022897
-0.99077854130445
1.18926424219702
1.40460641624104
1.69902221957211
0.5826346393887
-1.57164088253135
-2.02049569449691
-0.124188227280909
1.16651939651198
0.463016375292432
0.192278696699897
-1.31891898763248
-1.75385344403484
-0.104841483286603
0.0225670761736891
-0.826975856049344
0.186358237990364
-1.30962622678892
-0.898850848273187
1.48163311586594
0.0497937440411668
-0.880030042749903
-1.52460859011681
-1.00489505073706
0.284360029396445
0.453421485563405
-0.304669098900981
-1.21485283361356
-2.47808150610699
-1.35162693754535
-0.853111359109821
0.100199798583315
1.43275027506784
-0.0688918359357025
-0.311290904582446
0.0455360078710034
-0.31647744509324
