y
-1.51621805571955
0.0403603080664355
-0.593239313203183
0.115612006156928
-0.272139985843816
-0.487841609942015
-1.89188614546492
-0.0347022245156157
0.0290456102130857
0.767574877873631
1.57986409403163
-0.597838873668766
-0.289587080755853
-0.610611062245017
-0.0025727049429298
1.83271169104976
2.04035384278877
-3.25122893867688
-2.17394162125698
-0.324118484314217
-1.22009597045151
0.750073109961701
-1.2153230923885
-0.528825566434696
-1.61524224333079
-0.481803995824457
-0.409384820585191
1.54742242651183
2.78938983785491
-0.0225179745653139
-2.01674573171717
-1.66007175410638
0.345831952122796
0.227639834262741
-0.163516682889343
1.13807092245802
-0.295297516597371
0.567616045702066
1.92100685915627
1.2874736355761
1.15736801145822
-0.169787752720161
-0.310412177290804
0.427598890425079
0.237056035324216
1.19652834886306
2.20124224320098
-0.431169160848995
0.312786896181649
-0.208937302375584
-1.08046089561024
0.1810089711007
2.56265779566336
1.90799307189192
0.353325884199613
-0.313893260294524
-0.836192803421265
-0.498833705445859
0.702300731761037
-0.214072644087152
0.195688093246613
-0.169284788640913
-1.13745616763915
-0.783132483752679
2.03921123839052
0.0823537146988786
-1.53264881346141
1.36642337634257
0.58298070845941
0.780402005976526
-0.713630408209259
-1.05108151416771
-1.05472300168134
-1.41147591684637
-0.906645317035644
0.176277340494764
1.02799915648381
0.833483443920019
-0.588832496269788
-1.01344132166295
0.242306151354266
1.27435692783743
2.18337462220606
1.55130137826165
-1.48771463907441
-0.325388481826862
0.367080213777692
0.566888714110614
0.230810491918477
-0.557435892719144
-2.36214923049119
-1.2988588959646
-0.194113037279324
-0.716242065618395
1.11850595939556
0.203408153144821
