y
1.19846603999942
1.24460575324112
1.05368232361954
0.383925888221395
0.692090204420528
-1.07669187444865
0.0652580593250944
2.25710160922623
0.334007912334355
-0.03061586638425
0.978541421441658
0.315861641486029
0.810173229623117
2.62953047720232
2.04498149419686
-0.84480068513152
-0.516994557051408
-1.02114253224642
1.6166132442054
1.27132701229962
-0.839923249458271
-1.9271825394668
0.775228078299406
-0.321205868304685
-0.540200208196587
-0.626933180611725
-0.170520405119682
-0.355394714502545
0.235464816633011
-0.230830937009337
1.21649712361776
0.863600447922455
-0.697479834928317
0.349730389256261
-1.94141504303681
-0.168611482986492
0.964970742080027
1.12367398245335
-0.0915676456401124
-0.0500919811026344
-1.45769982822399
-0.366871201750611
1.02616516392828
1.60347050066149
-0.577342211333292
0.0950310749407537
-0.494436171688496
-0.636901110554448
-0.96819631861148
1.6292790745993
1.58689059943982
-1.41581482366174
1.1901288267627
0.174174495083607
-0.800333682979583
1.66346964566428
1.50406897795109
-0.422341601862577
-1.35591980747533
-1.12521127587732
1.63700225107664
3.07072312742844
0.574806343907687
-1.2612293908959
-1.58181979368986
-1.49299562558375
-0.726025362981627
0.806397960738959
-1.49404730748722
-1.97211063767617
-1.14792599222625
0.774705748114155
-0.263198907381581
-1.22311087565682
-2.05062629106301
-2.17457790993685
-0.561155685353774
-0.144071626185089
-0.141191287583595
-0.462461486037156
-0.371672436881357
-1.07444145528206
0.115657176139121
0.285657367028633
0.765257720400132
-0.131667112805041
-0.685445649432608
0.620685130999591
0.521407366503652
-0.463659462707071
0.987082298830925
0.990740929050154
0.924209096198185
-0.575945156283871
-2.17662580319426
-1.72366687058253
