y
0.912767934261405
-0.540525571637697
-1.83499866061696
-1.7771371937087
-2.27312606507221
0.539067117567553
2.69106739732751
1.17221401164316
-0.217881116509167
-0.736192433548364
-0.899330712919588
0.51403475926554
1.01660197357051
1.02898099830702
-1.79177233829017
-0.549290959613518
-0.213628210747583
0.888694647356694
1.19780415716952
1.16453680986916
-0.582734684333141
-1.74556607170442
-0.13692628095279
1.99457940333248
0.658607763130015
2.54354047219516
0.908415314614068
0.227144017125746
-2.46928946569027
1.43233461886071
1.29127715378603
1.84672031256586
-2.17845114547991
-2.36941237886764
-0.565388023564402
1.50960499193499
0.118259748345935
0.360439725979746
0.0760540917196123
-0.775498449294984
-1.31158932259033
-0.126377707404777
0.914601620315779
1.62445508560006
0.726391582491609
-1.33405432116778
-0.767299528383012
-0.0811590326058796
0.389717768070155
0.492274113038099
0.321528478842302
-0.993108985094201
-0.419152304822632
1.24608707886708
-0.395064162835058
1.95599825037819
-0.109174853768208
-2.41926669389499
-0.708635119497656
0.753146967089806
0.5760445807971
0.276338875095573
-0.0969653074444641
-0.65901707921595
0.156168372933655
0.409248766745388
0.854560759797884
0.479412588183467
-0.232056102810887
-1.66932316952189
-2.34760653973442
0.863698702623681
1.47921531955973
1.49908904085296
-0.735403853446757
-1.2373924643308
-0.417571181380226
0.456101594128796
1.81003508167937
1.23641216124266
-0.350534484928332
-0.636455195623912
-1.42246193889704
0.375036273423415
1.27871222951971
-1.30602623220588
0.205643832713719
1.38156008202483
-0.365264511155046
0.0268695666649358
0.588789470915527
-0.88822167324985
-1.10542210390733
-0.997731568007919
-0.642925966886133
-1.03747449616104
