y
0.617657182292602
2.58869661393475
-0.206345773038092
-1.49347000116645
0.0934424158280629
0.262586164037262
2.34853485910717
2.18415299087132
1.50654444267278
-2.43789414103749
-1.66257199425033
-0.179043103754426
0.687141822838771
-0.699812474220198
-0.986085994013032
-0.0555877532213931
1.24833233731717
1.76717412518614
1.57844769092914
2.4063531082244
0.810599020559567
-0.744072034676372
-0.580250974554021
0.372459156847395
-0.303791930484077
-0.843132155943282
-0.299693728808983
-0.815339895342182
-0.0353998665552495
-0.0279261139633432
0.0554065824212355
-0.185443018932557
2.0366613365076
-3.41706540645403
-2.23169946095277
1.26614239460096
1.06792557914531
-0.650203795371265
-0.122885826737122
-0.611243471644478
-0.679259469529095
1.12649541539897
0.747600652947522
1.2823793424653
0.649634122802932
-1.24170221540104
-1.03915603427281
0.787937219254373
1.31174488354197
-0.142491316171393
0.90074499341073
1.19481168061857
-0.57529740969138
-0.250105366116322
0.974457036463264
-0.919644293315801
-0.844984403399913
-0.283890918423023
-1.13015277406225
-0.0801498409429389
0.0351830657122335
-0.478599305030525
-0.230429212348381
0.477740262593135
0.842071937089571
1.68334994817531
2.1383510108977
0.562498203655608
0.29336234227754
-1.46717148082761
-2.06761176988239
-0.462019374916221
0.725133852096044
-0.821527692518878
-1.61059035290778
-0.718193931412197
0.663728214990024
0.144226376643491
-1.96799530308927
-0.126896109918198
0.692106507324417
-1.3847654524659
-0.214487806307693
-0.514821153296039
0.563539321452376
1.09967326359438
0.886825518454738
-0.661222142416528
-0.84122966436136
0.171155071846818
0.1871818273977
-1.86680867055452
-1.23092045377017
-2.17277029412159
-0.73903680795423
2.3127000401202
