y
-1.01807560993612
1.23214036256797
-0.287883890544104
-0.35718890990279
-0.437596253964647
-1.09337925045759
-1.21021995892088
-0.524954963739397
-0.89897145099623
-2.30330448575503
-1.41512505462336
-0.587576949239616
-0.6505224986569
0.282065383188402
-0.0523502736864068
1.12703239633992
-0.317534618276029
-1.02794423550667
-0.339268039692325
1.98261355672486
-0.486908293219409
-1.562601395962
-1.38466808714362
-1.84845361181094
1.61177601814734
1.63974139919626
-0.00587124489732149
-0.774654871080242
-2.36924622744538
-2.31592331050192
1.76581594204123
1.46148518279286
-0.432784297580307
-1.68975738070426
-1.13891316939996
-1.61960306103178
1.89158727726588
0.820863688146486
-1.63207985394598
-0.516765083816239
0.0655266414885773
-0.103330753037255
-0.452036989888043
1.05590834523745
-1.21559944326221
-1.17733123215529
-2.28335003002834
-1.59290079330647
1.1750993466023
0.0126666747117901
1.62431295957193
0.4717838440211
1.50645463520128
0.522036683527614
0.290862539281033
0.216818837455129
0.836410838031024
-0.470626601784346
-0.596443909129887
-1.86672511286443
1.20673960682993
0.428640067534944
0.386314248803162
-0.0428900151510192
-0.887813716347768
-0.739898592088476
-0.0505533756902086
1.58388236321969
1.89320352605209
-0.324024836635732
-2.21080194755004
-1.81552562046765
0.0365331109328762
-0.566939181489124
-0.197449070387225
-1.10158967334369
-0.511599854298964
-0.0290325288553719
-0.902704468726478
0.339600111934957
-1.07615895510257
-2.778647229848
-2.14645437109479
-0.727169028488851
1.33015370631608
1.51132829318608
-0.0182776443216641
-0.498863934479571
-0.394090097890057
-0.120464616293109
1.61380355258728
2.00550172243125
1.54483267239169
-0.0983876775567454
-0.125289219059924
-1.88155068089302
