y
1.54814886440683
0.405596403766331
-0.972889464056632
-1.7626837381407
0.185239351101851
-0.906299583056003
1.65801026525207
1.97222702322348
1.2925665004128
0.0889236627409844
-1.64698125672815
-0.804997543197305
0.743527454177901
-0.0443097631671572
-1.9289723225451
-0.201930711754763
-1.173068487576
0.0710698528741495
0.244529475218345
0.922192924357328
0.233895775550875
-0.0976445931498352
0.0282254312932734
0.161926916265962
0.270650475770023
-0.556890118773931
0.948444927703879
0.0860623203600277
0.608630147138642
0.024757158316549
1.71579221038252
0.533528199107399
1.83840825189578
0.715853481906001
-0.452929522479695
-0.398065801089885
1.72523991702448
0.576828492060198
0.967008461115085
-0.895750880483052
-2.97872431551083
0.368395161671011
1.4119117040904
2.02763891469715
1.172714958766
-0.0733419985615806
-1.54626624176721
-0.638118590022266
0.544956857298153
0.682206298743247
0.434013384525173
-1.05544929738198
-0.83084157556829
-0.878357742587793
0.881985526345766
0.518489775599294
0.133812814163314
-0.721839178916168
-1.61966054145661
-1.64300903390321
1.19509491351065
1.40288098998974
0.678242277263645
-0.460004534500758
-1.48243350163235
-2.84128342319298
0.79231463657059
0.711440143841773
-0.25636307788861
-1.18368223494461
-0.286703426086942
0.619802217703136
-0.0355120649052795
0.169399265475762
-0.947306769415815
-0.122260235427115
-2.96614198670699
-1.37135559704329
1.01964198027463
1.15331866802557
-0.0958722592066659
-0.836417564364803
1.70258492228303
1.75093899119906
0.448365631400143
0.0529735338448687
1.3878016621552
0.762893007509152
-1.54018025193682
-1.13604198887787
0.468579931273011
-0.189641820425114
-0.274641513248978
-1.10995904061087
-0.31218184033114
-0.782676679021101
