y
1.08231211846571
0.129152154307116
-0.618165101048803
-1.33362347440245
0.275897452103537
2.53880808490228
1.64772559547477
1.72866600604271
0.339702266028061
-0.507963368079734
-1.12810112729097
1.23852687475343
1.79402244859121
1.4376379704503
1.29175513319972
0.446046554139846
0.748802302689513
0.547456813587709
1.4026753221044
-1.58010761003241
-1.3485825565694
-0.588294462354231
1.98161554825329
0.866066805712983
-1.36563475253214
-0.291134347224668
1.49681941004494
-1.09086908043866
-0.871580586516077
-0.562827688309191
2.26304304945702
0.702459301156372
-0.464391748952348
-1.49900246260643
-1.42366218609685
-1.35696348708394
-0.479098324494449
-1.64212881763926
-2.47295977617403
-0.633312677970995
1.32981760066831
2.19576380469863
0.259926645667096
0.286633126049649
1.72306391133954
-0.634276874637032
-0.180435302209455
1.6243156978159
2.45010570682868
0.250714032818648
-1.07433105146791
-0.296733800054501
-0.593804333134923
1.11539999859136
1.69711687150721
-1.569677176012
-1.47622361507908
0.254339385851418
-0.438679843352423
0.450455271374407
-0.153458241776423
-0.309145902677247
0.305745313347097
-0.44913470934406
0.53485982861585
0.359764686297122
0.55281519462537
0.317151505796529
-0.871928866754077
-1.45167537572459
0.686757049849138
0.607991632793057
0.860160033198371
0.277774423462199
-3.39375144684888
-2.30679819872826
0.0100189740742378
0.756008845590551
-1.95102018729731
-0.000992670262923045
0.355474162163747
-0.39695299652423
-0.755065316413331
0.879678293065572
-1.33906712367918
-1.66707201771497
-1.26185105618911
-1.53948647502011
1.50187132754532
0.229221621761668
0.566715915389544
-0.0796842356850732
-1.80415966541918
0.0823694492057558
0.909829130476894
-0.137240534110452
