y
0.586508555234597
-0.695860141468581
0.723427134894056
0.0356097229554573
-0.775279665236397
-0.747110663569492
2.77547533688379
0.723620808923914
0.976586220780047
0.689213433890902
1.56030700447006
0.169432348869621
2.23488411418438
0.945144846393899
0.81086604491709
0.736390499213043
-0.197506900387439
-0.881440373534136
1.76269224395812
-0.0613164975890297
-0.489596186581057
-0.939786735531188
-0.460244875194579
-0.948837467000835
0.189693494815615
-0.150509745362277
0.693723270020252
1.14939954839986
1.81114551373245
0.43782061953766
0.2453144687266
-0.949654869063964
-0.386500476837443
-0.378571350318811
-1.66271955536282
-1.86429345525846
-0.0180667419036819
-0.60743320697809
0.72433297905393
-1.04733281777023
-0.400498056342227
-0.911668519530215
0.993279839295333
-1.03816326050614
-1.32679883139504
-0.676528825572328
-2.2082576683837
-0.732957760731501
1.55457044615166
0.0695261937286206
-0.794819084608338
-0.489344709675112
-1.5711576178039
-1.02964994249775
0.11306481872517
0.900275040390056
0.560313085268636
0.352249439987286
0.366339225935485
-1.7415452281393
1.29026707182054
-1.04472044735725
-0.677898581826368
-0.136340352157516
-0.404097759096664
-1.71211119464229
-0.373055763825845
-0.50672221184104
-0.395177908862433
-0.805296979074119
-0.247733128818491
-1.77336310981974
2.09991692010682
1.92697680151521
2.13784763247193
-0.32099817860346
-0.63501377679748
-0.751330063629686
0.768085278640099
-0.406445484810189
-0.722370679295077
0.154846187555736
-1.42261687140717
-0.688825541234555
0.573063481479296
0.0888506666404351
1.70798921628009
0.32102935471543
1.18417073007019
-0.0752488074412803
2.83059382797573
0.945002485057738
-0.00650093959950843
0.861899012729895
-0.464194299825029
-2.02823165629749
