y
0.786071590341455
-1.78933765646891
-2.48189973076852
0.119926254052237
0.369922273056101
0.726363984662105
-1.35684403182751
-0.810928034819272
-0.0100336074055906
-0.0292109483360728
0.58471913018126
0.944954612933812
-0.149115595743256
-1.7883787239585
0.710485071499311
0.0837134193288993
1.26501480326655
0.777255987372864
1.37159336692929
-2.27295134246871
-0.0550261790671607
1.57503398382727
1.03052608382683
0.796969184877133
-0.068246258788803
-2.38268704920179
-0.800083825864537
0.126420539338852
1.18162270110214
-0.0979666799583194
0.0116154049733126
-0.157311640877484
0.48860533264066
1.06280737810394
0.834242786089514
1.48774470308302
0.564322267574998
0.489035402132628
2.2592217100803
2.29484460701294
1.42514667932585
-1.32288803748075
-1.11704806315163
-2.48429506011588
-2.26291710920571
-0.605009404730656
0.969558619346027
1.25648319457178
-1.11351627029681
-0.647681148455517
-1.56793036522299
0.349876186424625
0.992715984927849
1.06065216571681
-0.963191928678006
-1.23810468981647
0.474614196750768
0.935350107367984
1.28798489228944
0.690730923950394
0.139505211913567
-2.404725751031
-2.88233703587653
0.240613289552104
0.227238360652096
0.75752307530268
-0.308616256264099
0.422642151322095
-0.847255647430745
0.81602120903501
-0.16048797154934
1.15469689760867
0.803167476382405
-0.585606117867293
0.225636301874623
1.10995124232623
1.10890707773522
0.028230937535633
-0.484057991513351
-1.40154072679382
-0.44844503612065
0.856150181360398
-0.0847679402747283
-0.61078546768836
-0.531159963866
-1.42692543851377
-0.942413382890579
0.586831622882508
0.783532337564311
1.13262496109994
-0.350708776564774
-0.96796586446284
-0.708132213678738
1.30922633212849
-0.539237455213478
0.169128225074023
