y
0.0060654304727058
-0.0286151680720985
-1.08003052119757
-0.00588909166065865
1.56017140361222
0.146412693873015
0.0262587438633047
-0.295419175317322
0.787666680831647
1.77431846176265
0.493255752787208
-0.0536792104771701
-0.0789261929727234
-1.16339392965193
-1.49749962706164
-0.461703852091379
0.976060502107293
0.624075048178446
-1.86186024583272
-1.43705435050508
-0.200652147444278
-0.718625215221209
0.672410240563026
-0.0397602575981222
0.795821442593829
-0.794552651522472
-0.740722011430618
-0.269751657170772
1.70757230536844
1.72722581618542
-1.42958114183874
-1.22408821433745
-0.939239250604804
-0.210945112402926
1.05854412567305
0.291835000624578
-0.252455712151567
-0.333212922213227
-1.12707100483549
0.00456652376593379
0.311861535973728
0.0369845803187079
0.563863848125862
-1.82024186497626
-0.956976238514153
0.572358577524094
2.55404605967028
2.44322593678051
-0.212812778782782
-2.4844238002471
-2.24388789598289
1.82142688154612
2.81841965977957
0.189743880209775
-0.123029363080892
-0.0351855908018374
1.01544336968939
0.564197363876859
1.0770536191065
1.64654265075488
0.247696030896301
-1.39358387505744
-1.27728534106945
1.09206952397056
2.47070285499851
1.15270678048454
-0.0492361892021781
-2.19994607276376
-1.55451751774693
-1.07437229500204
0.861026960335747
1.40780701918571
0.35206480780847
-1.78540357119942
-0.828636310871709
0.982591995141881
1.99986201099262
1.51229552027006
0.27592240414833
-1.91691042555438
-0.962565777783291
-0.270172494542742
0.643644272504387
0.950545342073527
-0.924615199847762
-1.63805436277397
-0.324147042893346
-0.20822635373684
0.609252253775628
0.927343851441735
-1.24702945697556
-2.15858220283468
-1.0430854491024
0.423058133044403
0.267048080624264
0.534590157640084
