y
0.996483016478317
2.55503311516845
2.12485413404268
0.2782059078368
-0.770629646458128
-0.457803448612935
1.17743742917965
0.438626614622214
1.07921087514323
0.93014330259176
0.117626689904911
1.07511402677289
0.258670177599523
-0.25452498800151
-1.6395823543701
-1.58258578461755
-2.23849556089393
-0.855354075593556
0.0383858893166291
-0.307337231045872
1.05997192917926
0.187596914296401
0.082535959939205
-1.7161662713696
0.145219992076719
2.81715147163283
1.02354189424872
0.5846810899645
0.0859826713643627
-0.98330663264104
1.27791180369553
2.29278620790203
0.993447140156059
-0.672112514636429
-0.0937849988076549
-1.5637090833144
0.885915670136353
3.19145847041002
2.95195218549833
1.56213146063241
1.57500587187417
-0.463781889469184
-1.15704157217233
0.277637481469429
0.934127999610769
0.853365234089878
-0.733738034121799
-0.335389866339535
-0.519792726303674
-1.43521151255145
-1.02553471459408
-2.68419752267618
-1.00092417849413
-2.01561130357214
-0.419608426829729
-1.42402239297977
-0.11683582494225
-0.690868845990607
-0.408067828049099
-1.2868062424369
0.0400346708993508
0.300661901421477
0.39206696595168
1.09192453169501
0.52063365041147
-0.43429161109966
0.781740824609023
-0.974187074720011
-0.436711999627884
0.441078711964332
-1.67331519787421
-1.87504110944189
0.394586263561442
1.18572902718729
0.379110983668661
-0.140342069352012
0.721124620301478
1.00208168712251
-0.597417849675796
0.720256945105358
0.232834154704394
1.49075838888857
1.27007587712207
-1.83182981603462
0.00711244505268449
0.308033837172311
0.341718976116905
-0.958864571746479
-1.62109498913999
-2.5390459157887
0.615583782868454
-0.416843811400722
0.593563139673235
-0.999079100327246
-2.41590869217823
-0.916124732038739
