y
0.306112596953821
-0.58210815191283
0.489050176723261
1.18399388451935
0.396486477707469
-0.937234630061793
1.52041968183121
0.267645559308081
-1.12104939379648
0.0258119520815991
-0.457030298524176
-1.15829546082847
0.826478504312187
0.674275382233931
0.215145597513979
-1.00464609603437
-0.358533377334439
-0.057317479329917
-0.753823629443409
0.628157112719513
1.05389649272523
0.879800258405237
0.780273534142643
1.02709315819677
1.46428533455665
0.699443005608623
0.644429739684467
-0.495315991360866
-0.216154130013217
0.469966541874345
1.70008152812676
1.46908994244179
-0.842092056681927
-1.13521374062887
-1.41751327358346
-2.35828230702024
0.945661859074174
0.285619213007991
-0.00646907788808276
-0.980741687692979
-0.186609764877183
0.478112532957356
0.939575536720806
1.08050768473426
0.298283412643973
0.0375633819411914
-0.175280853321515
0.894927074189591
1.14684508317395
0.722988750797382
-0.161090079569054
-0.333963373871092
-1.09452819447
-2.5995753401249
0.441266046193954
0.47038073090919
-1.75409605350387
-1.85201386334071
0.706239090187539
-0.0719902509893722
0.395620795705932
-0.203885890036173
-2.39862302458585
-2.3458914418979
-1.91203393710401
-1.69817682887377
0.297441142190143
0.411407109645933
-0.40961467819794
-1.81399946901814
-1.78510399929246
-0.745395438947685
1.64201557907744
0.574826359870591
2.5782815303981
0.903600427255802
-1.16029161480733
-0.124741678733818
1.3681263100504
1.07822934376565
-1.18960938723289
-1.78041803395604
-1.08617652544172
0.31283598178092
2.07365820821976
1.04224456086686
0.728159975432559
-1.87013139955852
0.0108713721032307
-0.333067694838098
1.12306801204794
1.56730832078413
2.64806600287746
1.08586803106983
-0.21766952647891
-1.82573679613648
