y
-0.862789348327005
-0.0855672666948077
-1.54704296369964
-0.465088562758697
1.08549558886943
0.8256099496199
-1.46524167569743
-0.18104845876485
-0.0646933045712049
0.104769522950366
0.289396577548912
2.35007587107917
-1.96140745214606
-0.801914629409004
0.732750901046929
-1.19023033388749
0.69802144040494
0.450321405673542
-1.79693197576483
-0.58139545569822
-0.205946260017681
0.819589074095373
0.122698399741259
1.83172440635563
-0.330593015651038
-0.207620862424897
-0.718639100309554
0.719088015271337
0.204035206167955
1.74792693520751
-1.0265155185969
-1.4974311461184
-0.831413619547752
0.172646545259772
0.0160851276849319
0.999197454987263
-0.62875482680877
0.010816452591782
2.44691334892927
1.01013575209597
1.13965697136708
-0.677993951334631
-0.681443994735182
-0.858126373995054
-1.51704336420315
-0.490261260403009
0.760561840101392
1.28813867285675
-2.39238395104931
-0.18607146823201
1.11934509480084
0.82529741138384
-0.428153734712643
1.57537143070354
-1.19404837270512
-1.88262261148249
0.149412507433354
0.125533864834488
0.367606126243311
0.5018972013611
-1.71408404532017
-1.21293503658913
0.547688394313208
0.832737190704176
0.0636641403869941
-0.165284571127259
-1.85454411860756
-0.207916292485148
2.22225826341735
0.259823046720454
0.927967682328374
1.32941552004757
-0.722137135716424
-3.39079773338438
-2.09922978144126
-0.30657556000046
0.519958048366369
0.581215018790925
-0.725688140788557
-1.70243878036457
-0.867087732080289
2.34872311418704
0.988804369218927
1.32414009364991
-1.42428186490896
0.261174964892015
0.863837232205048
-0.129192708612343
1.10495268068993
2.10939434859775
-1.52677691191579
-0.101873383518831
1.34626331071751
0.893472387527247
0.729573198987791
1.16407655419247
