y
1.14625028147004
-0.0125298059614384
-0.862512540219729
-0.503487602052007
1.14464488667664
-0.311848055899318
1.12918398515148
0.51818132732629
0.787936181397119
-0.688329679357144
-0.213212855362427
0.990559838284499
1.2332503818419
-0.0180062175485308
-1.71302019132374
-0.888519646039152
-0.40032538063781
-0.20694457079256
1.31449395574646
0.74524304007078
-1.88064015853072
-0.771471116545239
0.348169001917898
1.57527608518686
1.52344752524594
0.376712825452752
-0.691429806696207
-0.0111375331509054
0.751914036839699
0.607971859859738
2.35846053951737
0.515213071977566
0.0878803386705147
-0.234814655751174
-0.885685067233486
0.717773530150569
0.402561199485062
-1.15956101710055
-0.999656801793976
0.0239187467964057
0.874623658525912
1.91724864615259
1.42067482058459
1.14808807801681
1.91293776061631
0.232476233263019
-0.142507414869917
0.921657381771653
2.01040930439547
1.28646231870341
0.00178434861019208
-2.07025321668021
-1.19445229590327
-1.05741232693847
1.68865366859248
2.82874800689275
-0.368514061761373
-0.425638847352884
-1.79049596606568
0.0961887048047859
1.82074124334257
2.46491999999958
-0.655145675114776
-1.90258766046782
-1.21994753189907
-0.556431746212172
0.0202121960289916
0.329439931367585
0.259198569907305
-0.187182002271115
-0.444057674998282
-0.411782155153661
0.999380331164565
3.00598316843371
1.26732700269174
0.305276406127846
-1.25685473667891
0.791491091697996
0.983427054941016
0.543439434258074
-1.10492087607742
-2.59750175226586
-1.57371864986949
-0.20448068757481
2.43947476299084
0.734229269159512
-0.831550179487934
-2.06839951785105
-1.26047108381597
-0.733072740021865
1.62686685723223
1.34637307643221
0.834512632987388
-0.753841479165002
-0.683081058356455
-0.460601623815062
