y
1.15369567648749
0.328026076647486
0.533551232216939
-0.599454925457787
0.567114376214722
-0.843933602670911
-0.0945741954213103
1.240534871694
3.07843077653546
0.414790522194331
-0.0545746566996444
0.0565854281811247
1.11522445471585
-0.33868751840804
0.151984721287918
-4.21188820686594
-1.8412367782482
0.434695532997664
0.239994239667407
-1.09418921899286
-1.49577290532857
-0.373668497966133
-0.779055506903312
-1.51689808197811
-0.899843756486526
0.374854738058982
0.497925271601724
-0.852656954091094
-0.921917859149837
0.17145548885851
-0.310057717932223
-0.514945542732714
1.00160075106033
-1.02802896070492
-1.83530885250831
0.968866453319179
2.38318918375797
1.08924406879489
1.45923623935426
-0.983280880263174
-1.01792171533724
1.19341766408396
0.773717366251452
0.481817734814469
-1.21178143225738
-1.95462588178196
-1.72849098664768
-1.07568266796792
1.91035438247229
0.263858734673267
-1.13570098991117
-1.45407056967648
-1.71221151611982
0.406460269101491
0.524014666358726
1.5290170743499
2.37286596673415
1.05254336279146
-2.194356723878
1.38129972193238
0.203815473014786
-0.415366403361614
0.817334151038294
0.153000640542153
-1.12057865278176
1.62806518833309
1.38977884241758
-0.078716316734312
-0.447062947505812
-0.655147785545834
0.0318869338300028
-0.171886796312934
-0.10341200765183
1.58776223766719
1.58287311112237
-0.0988343701052448
1.18189445621479
2.3232167815612
-0.534713839986343
0.874014100064662
2.57952652789741
0.263247101177999
-1.27748479961592
-0.513696306899271
1.12929338907371
-0.609309201013576
-1.56986696507763
-1.21458621391322
-0.68663683899478
0.995072717537921
1.80637914018284
-0.978767358617925
-1.88014927875883
-1.29741380163997
-0.124916654186867
0.155835802205145
