y
-0.264219848571668
0.816331129976292
-0.511646689134972
-0.242656642055399
1.49402696766382
1.49586242422119
-0.507234224158801
-2.02308624756026
-0.709375960833298
0.379305368042739
-0.0238552672864758
-0.135983181863444
-1.99335346802248
-0.199629961019134
-1.7856252379787
-0.800258564828501
0.166264442066152
1.50447627975305
0.0792401540886204
-1.96554589489921
-0.520646372708776
1.212007647725
0.853279310576445
1.88681146227258
-1.51169729847811
1.42149879932159
-0.841832952166705
-0.459519574035197
-1.08409239428525
-0.0972003635569326
-1.7135251373644
0.524335291855523
-0.290790437868299
1.36507840051286
0.808999818389276
0.668143198232136
-1.82307158409053
-0.532434217697463
0.506566373150509
1.90186953386232
1.52641309110288
-0.191298566201176
-1.45130158608382
0.331260881251321
0.822535693126993
0.904543677802341
1.39244778060921
0.752715102764057
-2.01000792033413
-0.745029887894808
-0.107725694576485
2.00738820715084
3.65322766931918
0.928684768901953
-0.700822542977439
0.0296380544665827
-0.492002719677831
0.653146599148978
1.45079145993058
1.71524838258656
-2.56958263105983
-1.3009701458608
-2.64457855250104
-0.735839498900389
0.325580357059197
-0.0842461254519833
-1.18226530700173
-1.81298993529071
-1.12798092879664
0.17358925026148
0.216051149496482
0.213331500729477
-0.838285336498318
0.955337252521344
0.981932520596679
-0.114069661797498
0.331582991326368
-2.28891934393062
-1.24291460169076
0.0353387480731987
0.6921770269102
0.154358213508765
0.147067936180445
0.122030119883534
-0.732809952349823
0.141367132555393
-0.635111086219016
-1.02688625845399
0.376974239927444
1.04570152397426
-0.869418122473998
0.259370093055667
1.61757738930651
1.73965319011856
1.92067508076155
0.240504240368728
