y
1.11602116698041
0.808149487336764
-1.36387219284788
-0.183494110386974
0.531595680624372
0.440522911539828
0.926303208075091
1.47181417240092
0.283219396660212
0.573441316507923
-0.61494949651313
-0.425690254550819
1.49843823398226
2.29577259387319
1.31190384344558
0.637642298230049
-1.30716375967338
-1.23073836273189
1.15347384871523
0.396535792793623
-1.47718212647293
-2.27902793679595
-1.70661969039193
-1.80536214378181
1.64285643158616
1.58905462365194
0.854758337377533
0.553082492038066
0.544364688662303
-1.29749684223544
1.44717520515139
0.359677495093338
0.136968098488418
1.07882532380639
0.188854546048437
-0.8209032329515
1.13442111275893
-0.722623274324242
-1.38101655652145
-1.56490867074008
-0.610995284977419
-0.468172492406585
2.02404487287812
0.116700595631405
0.797008704415714
-0.635532905491866
-0.55213056161582
-0.792547743447669
1.77229612551594
-1.56842763229598
-1.48376244723178
-0.814833576555243
-1.78517095594235
-1.52734585432947
1.16319514949649
1.24446397941638
1.49868926963734
1.0164086513667
-0.408696333967803
0.100313095072903
2.33686858259548
-0.716188141020994
-0.958590067684839
0.401337553722286
-0.663029469527211
0.0362223789671228
2.90779360890298
1.0939320874427
0.111946298993685
-0.75860492163511
0.0038211416678513
-0.208197409964648
1.68803804892138
0.23655739584177
-1.02475748514436
-0.25407318258158
-0.904124417865356
-0.165887595177412
1.32144821945376
0.178769426505837
-0.92449896839446
-1.87782545293401
-0.638219306894832
-1.17403672871259
0.0809390701701126
0.367667436412765
1.80108169643904
-1.03190073113024
-0.80751061190643
-1.62552296808084
1.10387865438708
0.384632881497162
-0.982368057898588
-0.75872374685836
-0.673473157982594
-1.7867303706045
