y
-0.828073053126048
0.210039664508641
1.63881112767346
0.808002757775245
0.439370726936092
1.65918264844131
-0.764968194189683
-0.618782213425364
-0.900504739453796
1.01861079798446
0.522416227538919
0.9426688508091
-0.0593577946433215
0.509868545600162
1.80379259254663
0.598246554269442
0.354788980868329
-0.538226728355558
-0.222291971755922
-1.25319646922272
-2.14769676323435
-0.294498768758038
0.552505285897048
-0.195387833243216
-1.47209361684931
-1.68443467177192
0.00706982936194345
1.28076975648294
1.31352219664666
0.2384443706171
-0.47690602212186
-0.0257962499294766
0.269937660719344
-0.706178654787033
0.604151563791357
1.20298104173501
-2.00275570009578
1.3791400088626
0.893539406527582
1.65858964631601
-0.181366842672492
-2.16232779893149
-1.17587436333533
-0.887109188537043
-0.224903219973125
1.38011645659439
1.36201769370991
0.359342396934567
-0.835000687710697
-1.32814917440943
-0.793478205938371
1.49634904194553
0.955427022393362
-0.0730314049687606
-1.89890131057422
0.273421879259305
-0.339498235137322
1.42045039027151
-0.228884913922845
-0.439035169873367
-0.167133216369693
-1.11417404362638
-2.17193747882839
-0.984937699689451
-0.297467704324597
-0.179133244180603
0.70776968156485
2.43291072942298
1.02768527873422
2.06614516652068
0.762762389910593
-0.246562400605788
-0.513651512054174
1.07403716690259
1.06281782955176
1.15883702669848
1.17319647338373
-1.36307425545926
-0.549767503108234
-1.21635042622382
0.343093737662671
-0.795505604146037
0.784623112487761
1.01680162455833
-1.64729525048506
-1.87336084517657
-2.50303347714917
0.302795575694989
-0.451482816822023
-0.284869627374821
-1.17807496003513
-0.00246553845367103
-0.691443593979379
0.613052102434058
1.09781258121206
0.212515559282424
