y
0.224866682871921
-1.02322578159837
0.11418436321515
0.910034239401122
1.51964167555072
-0.149710670453482
-1.505968408854
-0.163625995615701
2.4576181666289
0.953288314996741
-0.985045338186342
0.168070459170836
-1.05987297180047
0.0965988275904118
1.42581302427324
-0.560901166649364
-0.926685698205921
-1.0438826756541
-0.495883277942733
1.2103930971946
1.95393418169128
0.021873268407613
-1.52520607516813
-1.08214839619915
-1.83276830524508
-1.18050485263071
2.0715041881912
2.18584948690259
-0.57368295051643
-0.301731039185293
-1.39407910778028
-1.00415413836467
2.1776442237807
1.22663128991521
-0.889469555438473
-0.00854804040439777
-1.54225944715768
0.139770484101955
1.71239370292424
2.24910157076114
0.323124796109205
-0.00915295164531815
0.241714735039833
0.928780689944346
0.447931879923205
-2.02723180535178
-0.995083669618792
-1.73685728666573
-0.508166521687364
0.659718967801327
0.081407967742531
-2.52551600369271
-2.11928552203629
-0.704534201238342
-0.50384672997588
1.56159584667488
1.14316115222363
-0.80257006431206
-0.462579974771618
-0.604947263627609
-1.34617902031971
1.39967750592949
2.46576814296495
-0.200988832818916
-0.664172312809463
-1.0896564194348
-0.736373549992117
1.15079699144745
2.17065954073221
-0.985291738442959
-1.52610943181895
-0.819913148657529
-0.517348979438915
0.816283516489664
1.17834241017866
1.62962516308392
-0.571775550428503
0.890586623558127
-1.27061801448525
1.27114874153954
0.103598524350943
1.31175696719439
-0.923194767425693
-0.488518452436039
0.997633296076938
0.294939203997038
-0.60595181530665
-0.0868248608767285
-1.28771312372962
-1.09618305447737
0.162462281750197
0.330016474615855
2.6808926516587
1.96149799527253
-1.11734953665416
-1.43904481664151
