y
0.211847361470963
1.4671805061644
1.59012547536484
2.09955256772303
0.650663838718436
0.242894966471204
0.411840706351702
0.940271326344918
1.79773813002401
1.62608189789339
-0.928240074857524
-0.986673601084035
-1.21005880722
-0.0622472607457363
0.554496036794195
0.514371394009957
-1.09354616885203
-1.99280612200165
1.36965260136723
0.00369417928290544
-0.340853141419311
-0.606110942162639
-1.39929151764702
-1.60611445845117
-0.362783615538942
-1.14912818695959
-2.01348091313789
-1.07845128159236
0.130417810712204
-0.252815654180189
-0.0773009827875815
-0.230373870491462
-0.899631515818923
-0.205811503742838
-0.78891731107209
-0.78792768769073
-1.03912054623201
1.2077123371844
1.02360705466404
-0.0513497141237711
-0.809926401184537
0.700056708081198
-0.522856003487716
1.12242364575652
0.648544130655525
-0.635001933115154
-1.24600442759633
-0.110725219573023
-0.689515206028433
0.438958859876175
0.543271371314861
-0.280331841391038
-1.12577383644564
-3.62325896704233
1.39407627726646
0.725434855840153
-0.630729601419563
0.179179465416335
-0.378810505327568
-0.600084861516426
-0.0114669167460157
2.13857058722303
1.68306482064029
-0.564904986224536
-0.980196902855358
0.136944839689588
-0.428812392179735
1.12145255156244
1.59515101468395
-0.757486821086692
-1.23864329180442
0.313943887205106
1.01105609358265
1.04987641562278
1.5320856138011
2.30671456650511
0.740705643304987
-0.668788349765874
0.0144313342402119
1.30614684079171
0.695306440235772
1.72684230741272
0.15432694330497
-0.323586757324342
-0.168192651818119
0.829104619600832
1.56108718760026
-1.55915043564607
-1.40635866466926
-1.97439424409722
0.767574181040132
1.10879616612604
1.01194275560204
-1.23399083098857
-1.64716250118768
-1.6200288861936
