y
0.163077944795985
-1.0889646691874
-0.505750202350154
0.854772246303818
-1.36721601325271
-0.746876585104608
-1.44622617580307
-0.675922278065191
-1.19410972867408
0.911302557833416
0.121678032545682
0.816699892047139
-0.323948490905048
-0.93451473901276
-0.30964000624411
1.88269388992547
1.99974583274186
2.13495570664425
-2.28624557047435
-2.18132552021983
-0.0334083346555283
0.856404411775724
0.490424119469046
-0.44296747407873
-0.529042862248235
-0.796203737288081
-0.213211849421207
1.40476178090182
0.703865906046617
-0.872997128630976
-0.20941588618865
1.01382739307689
1.73929394535726
0.551354284767853
-0.0654656427742108
-1.00951314591074
1.4716509698665
-1.5378308107957
-0.54370377774073
1.0819094450408
2.14852818814353
1.01361257996044
-0.756297491803445
-0.561909452268943
0.399209268888744
2.07851007943301
0.9017627500479
0.107632448071963
-0.299355216227514
-2.15180298109875
-0.113502392011585
-0.440684484708364
0.966261693657291
1.07145168745753
-0.651507575508939
-0.700335318153969
0.797046866947817
2.35613367986737
1.58782266471041
0.0769594366127153
-0.895359424918031
-0.569593348042166
-0.574529423043432
0.92134338721948
-0.412250209916722
-0.660024903849532
-0.382679761099972
-1.4438594026808
-0.859441540593298
0.379154932175036
0.187329088597008
0.537318403887578
0.0956684584510908
-0.430555014553226
-1.08521578878651
-0.263841479979319
-0.502364414718394
-0.591831727290927
-1.14854306117697
-1.97366704571088
0.285656042781591
0.430252153537516
0.730583096176534
0.696381671428335
-1.42137712473837
-1.71489618268288
-0.785315842908353
2.70436578320412
0.116736646786324
0.20142157667424
-1.39043865923345
-1.86670993937127
-0.472631826793104
1.76652497419753
2.26457480969579
1.41436093514421
