y
-0.418512719934792
-0.130111505029328
0.0602238180255207
1.55969718170016
1.78913822824425
1.55674375973149
-0.823547304510668
-0.147741582397992
0.406550859323589
2.36496664047392
1.27092606971177
0.800765297671461
-0.217320898423745
0.861498362121232
0.813685553645058
1.42976453902177
3.50843391193325
1.91941632796391
-1.47928034193164
-2.37694291238821
-0.846507974106707
0.326709039002836
1.26947675726324
0.661523155446998
-1.60707239335116
-1.74504409682513
-0.641358543399974
-0.383059620932112
-0.163902322429266
-0.229471222215148
-1.53597406309375
-0.540180097034334
0.00376257276581055
0.316821279310076
0.621463693670033
1.44664190451634
-0.41564977166313
0.719739414199953
-0.00857082284364474
1.09545213076807
1.74709184116586
2.53907949267743
-0.21276295110437
-0.00363602819201665
1.3206316026419
2.53402402407196
1.78663993021499
1.34809025425705
-1.2340280375924
-0.0855897119108055
1.0438392625623
1.09191153728186
1.82725237127149
2.02445369045409
-1.10801642306455
-0.476909686027705
0.265398576975022
-2.04589511226423
-0.493410775326115
-1.5297238504904
0.957330701660659
-0.392421161903722
-0.696846557463115
-0.0189265556371182
1.28459768348625
0.744290007844362
-0.502198774309032
-1.0933761916885
0.280810722934708
-1.04404846448483
-0.0916824159910627
0.171504332279046
-1.74175475375133
-0.74477061798185
-0.798914787620776
-0.0954461489190547
-0.217432578455021
0.877221015546065
-1.22508255047212
0.73475219611349
-1.14974228628847
0.486152777531474
0.8692488441492
-0.670958866992935
0.367800778727568
0.662580258663617
0.802329530441755
-0.634885717724664
0.387880602151004
1.0022722209276
-0.354566355217206
0.0694411567943785
-0.576856440105049
0.45562083955597
-0.460251338649425
-0.176133271152355
