y
-0.593824574064798
1.08132007830428
0.281215522389787
-0.202167451964324
-0.241688700468139
-0.0224491622587418
-0.463240369751043
-1.49854153458866
-0.710145256807784
0.45761397219057
-0.155938909080553
0.243607019634461
-0.617011521828624
0.469744406194791
0.782135051195572
0.103687982337053
0.11439126123775
-0.529737286076631
-0.169731257280791
0.169489008456679
0.119252234127934
-0.308157022059447
2.04349559386259
-0.604767851690098
-0.824009655335443
0.19169225495823
1.16068245103859
1.83399140456321
0.60581853568124
2.40424109952083
-0.596402304352995
-1.08508091113954
0.192148846547515
0.393627128607273
0.612986326064282
-1.23028196363207
-1.60637733126364
-0.761026679469723
1.03493613815817
1.96295059392293
1.40744449993678
1.36187064401378
-1.66733517522677
-0.931456059218173
-1.17752446689228
0.61093960658402
-0.411953418888118
-0.0234489801213131
-1.44846759765468
-0.812186763876994
2.20866098394413
1.07354931817027
1.10677254834464
0.940621762226043
-0.775967641969347
0.639386648017699
0.665450169860773
0.685781956087254
-0.679252013918782
0.217809350831608
-2.37067456003964
-0.336367025273114
-1.26641192564065
-1.05504395347164
-0.00278036032387012
0.0433081381327572
-1.39970351356405
-1.61319235562265
-0.481278396719094
0.454914935103831
0.124250952083932
0.101709621185359
-3.61568800372397
-0.843329494412621
1.37055773072274
1.62645035430457
0.918174930441047
0.508746432718375
-1.86220604430953
-1.34542162743485
0.271022714079418
0.447655378212222
0.374441658915155
0.61103528597469
-1.079222624804
-1.60740756546238
0.909830341625537
1.32699290048506
1.09097088114988
0.626155331470648
-1.91496903044078
-2.58838493610527
0.276976249940509
1.26353258688665
2.97633348197099
1.02987897581351
