y
0.115226258840727
1.15544483259696
-0.637795349272518
-1.16367337776196
-0.268989302927072
-1.75375039924681
0.578471001279342
-0.0688257514350121
0.461323160660511
-1.01794457014152
-0.157269358622568
-1.40091037520533
0.649477244858238
1.47223110097972
-0.0439134855108009
-1.92457687047638
0.0827909187098634
-1.21195140021085
-1.00901636438681
-1.102767505768
0.632628763853237
0.132255348960856
-0.758699946424017
-0.589184546979206
-0.166792709956767
0.523660377791427
0.566634900505034
-1.27479632216601
0.961332676902792
1.18488674188374
-0.708161748481168
0.788523744392643
0.78692280898847
-1.92454052928601
-0.770734306953607
-0.749348529791062
1.54668274961416
1.5484834791465
0.322888321098748
-1.43085165330667
-1.15282549431681
-1.74927946443263
2.49872696831888
2.3439949852694
0.435844857146129
-1.23962445788272
-2.35203097595111
-2.43986063631518
0.871490710280432
1.64702490388186
1.12181119296235
-0.714421428326933
-1.70018380111093
-2.16750501768232
1.02955576597428
0.0189272156932818
0.573761360267784
0.243917935100469
0.292710456219077
-0.277904324696233
0.207431067629102
2.04657147713389
1.87957179116471
0.368792085714154
0.476759201176733
-0.321043088411819
1.26305695738791
0.981760126466212
1.399983191939
-0.759866046734824
-0.685153316271886
-1.97974516267663
1.08608400758924
0.671315659319171
0.447032594948523
-0.673515972165365
-1.62207726209525
-1.38111597433526
0.984306728426239
1.40084949568614
0.651785327011107
-0.341079370790681
-1.91368302890525
-1.45711315377798
-0.144948113703087
1.60250153284303
1.06248383045168
-0.0614878630006558
-0.506814029513778
-1.63823738749598
2.0059315416481
2.41173460609575
2.00072642450106
0.382100430669267
0.473899429262316
-0.978298514336817
