y
0.438424387176807
-0.081826471665798
1.33636605413582
-0.431548383300024
1.90242325998673
2.30773988790617
1.16653087379363
-1.01034732532312
-0.260092859537476
-0.531233795599931
0.649193759661136
-1.57554642363235
1.77936676580386
0.152877792598457
0.781632361452056
-0.343327150064092
0.896478200522528
-0.977585595159148
-1.42904794487253
-0.287082638852198
1.03959182000681
1.22672959401604
0.422589378806474
0.705154769253247
0.878873582824128
-0.275002256189663
-0.865241041741675
-1.53746496845981
-1.99250253585814
-0.178962869442903
0.185064084232871
-1.05588661813941
0.364176103116006
-1.30094826872451
-1.51299124520882
1.57302860938245
0.552132440409413
-0.549760017898747
0.188964897561082
-0.475655043456361
-0.282108935587317
1.11125891511535
0.286754135901356
0.210803781294304
-1.50907090849142
-1.87459472485987
-2.06088167969868
-2.28535136967609
0.81498245585659
0.590962623747498
-0.609270007349884
-1.19969170638108
-1.84395693747385
0.0855901252219176
1.08179565303328
1.04261254574691
-0.265202171857589
-1.00890188585992
-1.49432259284514
0.512926333213351
0.387784190389495
1.70935179141599
-0.0247198174327587
0.552605282018949
2.68929417601531
0.746813240342861
0.826741046937304
2.46269815470919
0.323170771268385
-0.226023531501634
0.686656866815687
0.289031060549841
1.8875832799774
0.554233091897403
-1.54074096237468
-2.22046425035921
-0.349431790554191
-0.0245334991686533
0.25227053903631
0.636104909583602
-0.498238378584329
-0.735535059578863
-0.8836004348817
0.213212301797217
-0.471263844933043
-1.80778045218876
-1.73524587489894
-1.38331114702814
-1.93050642656879
-0.925328227169897
1.1021676106014
0.637805792278491
1.98170181807265
1.84965273534916
1.7682341426686
0.0199920769295933
