y
1.03896096425926
-1.42611344013812
-0.591546607635755
-1.61684411412691
0.196311639458327
-0.586543660933282
-0.419432041608177
-0.819045737195669
0.271978810354915
1.05766106837775
0.00127399573689357
1.25239817971647
0.767961436234602
-0.407684723149623
-1.6315333570568
-0.10072006503732
-1.12395496321358
-1.36754514429821
1.73590757399504
-1.59459704962442
-1.63406182788469
0.43200765209783
1.37442354298559
-1.65392826760318
0.638674606667394
-0.999273565410167
-1.0525808537806
0.200136172297661
1.2802152407725
-1.03778688844429
0.284555454092915
-0.403866740269264
0.782534134641265
-0.0441794741937598
-0.081985577234708
-3.11327418558515
0.308349998274033
-1.86404100202561
-1.47924568048479
-1.05017190295367
1.26395067793981
-1.83954273719852
0.397641336623834
-0.361704069144027
-0.566308299469621
0.0341599240119521
0.0273590273296441
2.12732204522496
-0.231245167988949
-0.708266107976883
-0.538846900107054
-0.716490823360167
1.95926328177255
-0.308360197895126
-0.164543233832669
0.682639000698799
0.290124831024932
0.731331130936037
0.102202462083063
-2.62072740198193
0.499290773616295
-0.26040561838084
-0.319686577862796
-0.30198443552751
-0.506210137591469
-0.809888477152125
0.771299167750608
0.237998701583853
-0.226004018954898
1.27139393986652
1.46473029242068
0.561938830850197
1.46081406763915
1.27951238576238
-0.103217574209544
0.0843639975517397
0.356519646386932
0.535522005426387
0.666544902401463
-1.09487010876932
-0.823346549490175
2.74831655546185
1.76604338766314
-0.130862755740013
-0.193913449857798
1.75258065114317
0.793235358339762
0.886287457154392
2.46811568459893
0.913247277479443
1.0763995486455
-0.245474266004028
0.141279193417589
0.739162499242304
0.246799750118902
-2.78888448374603
