y
-0.451293210684388
-1.4641287087599
-3.81595565266013
-2.33532949605546
0.52386181440912
0.798375257832339
-0.996187119490016
-1.44788469070101
-0.272219963130737
-3.61870805078194
-1.97084097162805
0.0650992232571331
1.24542742165849
0.584271701550311
-1.16326890084289
-0.36181276440137
-1.18181621892926
-0.557252613491206
-1.98270259428236
-0.371076059232204
-2.45513451477569
-1.75760665250844
-0.0213280444176799
-0.0416882178981873
0.620453676913924
1.47350317636465
-0.851697701479135
0.0141962886046099
-1.33899004279213
-0.528341745535146
1.4983577617675
1.74914890805006
-0.432559483790296
0.824652203442849
-0.443661408763364
-1.94021159387525
0.498026526610586
-0.731494221355207
-1.81649779929406
-0.187365747978211
-1.02528084046622
-0.518380563187685
0.333076326854111
-0.362157483492557
-1.58149761659119
-1.69837768119316
-0.660347653559619
-0.592538532086342
-1.19308150081933
-1.34391977548618
-0.12612533497203
-0.604056261639213
1.18779342399865
3.31108995669188
0.682917241088131
1.05578161140624
-0.200686282031729
0.431018897426304
0.293395511764238
-0.28715001231238
0.609539828736749
-0.394727804460681
-0.176812806188072
-0.386856776498489
0.63178426113495
0.0718462152157328
0.366755777935439
-0.755100769803464
-1.32136735776588
-1.11280713937533
-0.269542693063128
-1.10993693201
1.8805376966628
1.12433444496399
1.64177755070798
-0.0505411342493218
-0.222957191832083
0.230473303912995
1.14094285093271
0.832500781561663
-0.520547964070292
0.336717711730526
0.626250961298064
-1.15839348471697
1.21470340982749
0.253425003168194
-0.523517227351536
0.444816272048465
0.347210846311948
-0.0689833396703477
-0.959250327249997
0.763880916296979
-0.519641258198267
-0.577015889220757
0.539423133724866
-0.880159506912118
