y
-1.53471292046354
-1.4570783970734
-1.06851658082499
1.16397660268249
-0.162433371378805
-1.70543556546656
-1.92359686803249
-0.282764982272254
-0.99208191521821
-0.100805708559411
-0.151519661836344
0.904266291261338
-0.370945052873061
-0.872953626472265
-1.59463711577108
0.263452513419969
1.49623118574701
-0.316313082041728
-1.34205176154173
-2.06159646105754
-1.40362649924609
-0.463111542859588
0.652323158099583
0.180633339228549
0.307433972561535
-0.992456393095023
-0.895773617479978
-0.502689264193188
0.533934040580288
-0.733286493307923
-0.684628975776586
0.120313050941196
0.458083292641697
0.440721559493399
3.32994598220715
1.16790334228039
-0.820972590762059
-0.810360567723591
-0.548652064570585
1.08916107226189
3.08837266270182
2.15445265727754
1.33532055871357
0.72546669572528
-0.316566186948774
-0.444191332317193
1.0335585540457
-0.675265051464005
-0.473859591074994
-0.0350399853206876
0.00118675653600664
1.76791278090791
1.01326231425494
1.23661826383377
0.543358405743513
-0.85882290304554
-1.62260665170136
-0.428390128855121
0.100203976564832
-1.37836292484828
0.242770463691126
-0.697016332117465
-0.681291908369795
0.702107302028832
2.43225193755244
-0.205870816925489
0.581447254095296
-0.175880330318725
0.0458354106592723
-0.572680558358165
1.26401134747988
2.06021419730252
-0.571658513773506
1.05029026347613
0.75558191189478
0.618823886524374
-0.331814846414778
0.532176218697721
-2.1145405596971
-0.898967896447702
-0.880852726561799
-0.89798166739798
2.28914785508505
0.566470775688962
1.74316712650486
3.06572326016081
1.41459901159723
-0.926734990808167
-0.179926109100275
-1.93304990976338
-1.26806018688015
-0.971702003287151
-1.60626603236614
-0.133127026292474
-0.607146770043669
1.20796376824725
