y
0.645998530909835
0.688320501771596
-0.622085335731754
0.239269258792299
1.21620314514382
0.48859822273418
-0.559535209117424
0.0973451949489094
2.03703373494139
-0.347200626577858
2.45076908864593
2.16922508601543
-2.26160249022453
-1.26572748063177
-0.879450231422239
-1.78002466014215
0.233051578399956
2.07245272736015
-2.60993999049108
-0.988966068675287
0.764149428519465
0.930938729479687
1.34109915785529
-0.608927435649877
-0.42272373836396
0.120563690088658
1.54573419904158
1.72760787374892
1.11794420785805
0.0967716211544599
-0.162570511929588
0.0992695919246929
-0.718163783162141
-0.293963540527597
-0.844737692214765
-0.831745595482401
-1.87201934591301
-1.47495138418562
-0.464284173160477
-1.61375561768209
-1.39204237361102
0.288717246452374
-1.80445975139441
0.0809315191305841
0.497259698682219
-1.36553372441636
-0.254005246023695
-0.877580408062461
-1.30071383800295
-0.688297038730427
1.14420769091861
0.48136491946838
-0.131206954683612
0.724618224603979
-0.72353892259594
-0.677288733587608
-0.0482903583447695
1.69497873428161
1.44978802471087
1.41932918769718
-2.09341811920584
-1.3833186753464
0.201308629734127
1.2744683041151
0.105685185246397
-0.674290229527692
0.0686982267329678
-1.01312261245002
-0.320215140737183
0.75313920529877
-0.396471107155009
0.296129871465006
-2.40591339341555
-0.742028638910735
1.16734638399872
0.25271255598753
-0.562444861012566
-1.06024913220915
-0.408270055859101
1.18241234120235
1.13019120611932
-1.58896926623661
0.144381007703661
-0.289506908621284
-1.14431731925694
0.308221902202843
0.776039654360921
1.638434856997
2.63081476121049
2.18740087492796
-0.898430575072227
0.8343145210913
0.399578259025532
0.841618239415234
1.0624903678881
-0.252628874248255
