y
1.47589443053967
-1.15928312363032
-1.42051325655961
0.56880587456798
-0.22610658388922
-0.181166088692307
-0.641567597018845
-0.26765977226099
-0.090573296268068
2.35836002852836
0.7533271899845
-1.56216880291556
0.336086060929396
-1.8566782241224
-0.529821442458785
0.462310371688332
0.853438007649031
0.784839456412598
0.144654278920325
-0.502181984547797
0.282009066399996
1.62707844423128
-1.85180895577558
-2.22367389476851
1.41737198405854
-1.07567217499211
-0.556027085867223
0.0199724456448754
-0.989449594475471
-1.22058237515108
-0.725433419735777
-1.07205462609462
-0.316045743300372
1.29033821763388
0.711686658515843
-0.619259104793411
0.480006451651758
-0.0168677630622331
-0.123755241968637
2.28269056968365
-0.312944212112789
-0.562075739603255
1.23810706833379
-0.944394643611275
0.194128249992874
-0.105050130496005
-1.08942362342915
-1.76991714281449
0.557023603268248
0.430408439710711
-0.180640153648767
-0.98359530703386
-1.73798549787235
-0.0773020939754568
0.424124761148862
-0.225241732806529
0.365828582119952
2.18372391152855
-1.66802290807143
-2.57920961698235
0.707854829613694
0.225749454878784
2.73894061441093
4.15071068532715
-0.156851778600539
-1.42100574087902
0.846930123340319
0.467488100354542
0.618319747126421
-1.4060656197694
-0.668488950692645
0.752742033293743
-0.26495840514426
-0.954006868057274
0.205717949195373
0.011118788366181
-1.5750385051608
-1.67909057721303
1.52205953647297
1.50797603212178
2.02839469916952
-0.134558660979725
-0.995112329316279
-1.10371710365315
1.19556664295543
1.02083426097898
0.564121002642841
0.379244266124688
-1.53477312829017
-2.0105406943066
1.64276704863797
0.565958167020536
0.932447701340558
1.19687371913428
-0.649717260792937
1.49404902201277
