y
-0.622412643023359
-0.934911474822819
-2.62520486289439
-3.18591739341945
-2.59821876382363
0.295026152692295
1.03499479396453
0.613004433888934
-1.3704001806451
-3.23917780125216
-1.46856063610677
-0.65742208574529
-0.19454715409901
1.2692392618216
0.51384913136112
-0.83444364030411
0.541503294214029
0.81344030810826
0.229328386154679
1.05450131889034
0.4461265051459
0.966731628145456
1.63258722443679
2.0386446891578
0.479498765600049
0.902394921577988
-1.02332539396412
-1.57934111157637
0.350654989546252
0.759846219332972
-2.40607649307398
-0.997096338142447
0.00910907352440804
-0.368345946583756
-0.656653164795803
-2.24126230263671
1.71320156074216
0.356879841703042
0.337334837454882
0.558186408121952
-0.0101505509740057
-0.459393843324839
-0.239310998887031
1.06552351233945
0.412580155657243
0.0979664724591815
0.408228206027179
1.092158712738
0.648229453954058
0.932865732839809
0.355168666911669
0.887582756310774
-0.505682393401775
0.447825201822169
0.874956554383237
-0.705016683431081
1.27102438044223
0.0104635923459815
0.607347217746986
0.733438321978561
-0.121501961183653
0.901615932189572
0.70862853257903
-1.06496590285155
0.0703045443493195
0.41418109732879
0.22065465865263
-0.414118962815433
0.205864677098978
-0.750278101579787
0.441629015429741
0.633505441398773
0.927733343603765
0.35768844601507
-0.0315021345022266
-0.44185490383761
0.693795122536954
2.30752692352368
1.79201300784596
-1.66214514316445
-3.67583119068076
-2.69920008278087
-1.28314285862374
-1.1421501594011
-0.526864407112463
1.44965154190151
2.15903123087288
0.315937588199716
0.223603468332033
-0.8066129278412
2.69746050820978
0.645130678682937
0.713949004525299
-0.898685521362325
-0.856832620831977
0.657211288678767
