y
-0.652221668831278
-0.165413922109043
0.565884101520843
2.22205113099863
1.87728374423911
-0.698518753154792
-1.95239727582891
-1.40265562950892
-1.86179421091662
-0.627720720407308
-1.01087777231481
-1.2508664119496
-1.68999724181303
-1.74771974709551
-0.777999019354572
1.2001513120159
1.50115157341342
1.13183448255157
-0.95603722149852
-0.432283212809384
-0.0848810280744802
-0.342385417755454
0.233264541102422
1.50071620619399
1.03968274459896
-0.455368125806799
-0.929552220437196
-0.26380394913007
-0.335973458806095
0.109870861213243
-0.309018811816493
-1.53881076164876
-1.58838722663783
0.720468923959192
2.04305719589542
-0.00418515869065528
0.14426531056305
-0.353631204535158
-0.446173644919087
1.99198449797015
1.88586780202371
1.18052138328878
-0.671573331256958
-0.259424948222558
-0.0260593875517922
1.7762746909184
0.753955211348587
0.320089820427462
-0.220410338727764
-1.27012421384845
-0.263022239986416
1.16755097402439
1.35044065258849
1.81177696950197
1.30087883151785
-0.0908826414170035
-0.559692150337385
2.59863367337553
3.55392682920891
1.63633826210173
-0.514855940576531
-1.14157668043451
0.358611277426793
0.307546028067047
-1.14818737546176
-1.18319557179557
-1.00869540105777
-1.41652159293792
-0.916853377697794
-0.567876619831757
-0.2890970287119
-0.582412087422006
0.231543895110829
0.837511316674467
-0.0997527026784011
1.94108410098627
0.598412652034511
1.49520844684135
-0.588906797733363
-1.18620061088014
-0.770243335699256
-0.0339429412119767
0.476171416133129
-0.967567574469063
-1.33037050862131
-0.947839413222362
0.183526739756252
1.03501016183328
0.446060316259578
0.300599630835239
-1.33290609850466
-0.141831867717947
-0.332400663718362
-0.975987339944883
0.537999984965137
-1.65012309595766
