y
-1.27807388178273
-1.77186277478013
-0.95262400104711
1.16198518354911
0.0245501112391521
-0.0738102783458097
0.626181793130512
0.392017821200717
1.52373806651192
-0.0413080667887182
-0.15348597987399
-0.82482764539953
-1.14047414389085
-0.903350286535426
-1.51295699444381
-0.880624349158499
-0.800106591298929
1.51383057476359
-0.145136187346026
0.306363787882534
0.518437910038167
2.42800852351187
1.70566697462535
1.93155124953471
0.254631717412607
-0.804932990755717
0.371333589575673
0.198806791296806
0.730312401660261
1.01519207377845
0.0956809484118405
-0.847232416741915
-1.69854099225782
-1.37217321280503
-0.00363675284606779
1.3306364347013
-1.15508563394016
-1.1247283993509
0.784758027024859
1.09982277209832
2.01330704340337
-1.45071153127535
-2.35033471759321
-1.83289621164858
0.821559880004228
1.29547362737217
-0.793033326910822
0.461154864572448
-1.17406144822622
-0.498656282580486
1.03024590647281
1.56558696854622
0.916874823772997
1.80107168367593
-1.69914826812162
0.00398477716944533
0.593345733832178
1.07426343298474
1.65234384833104
1.34306915148162
-1.14604493982866
-1.85771595055182
-0.20790831721439
-2.93766708135718
-1.62385779924721
1.05442473345971
0.13597109469093
-1.22480135046445
0.249885627864765
0.969407815844727
1.82216266734864
0.894337249733206
-0.970203042560404
-0.898328073216475
-1.25138573511724
0.350909399153852
0.830624226164628
-0.466374137972518
-0.970433554163414
-0.651664557699542
1.31856539082707
1.15564953214265
0.446713049103186
0.654936800896301
-0.203798037186448
0.15918585404146
1.15129321405975
1.54389157048671
1.52829132134848
0.218972837177878
0.0196105833848721
-2.51385387008381
-0.712205469924157
-0.52582137373642
-1.83822251170227
0.193477706476085
