y
0.271817990312108
-1.00804843055721
1.20587740552536
1.6604107996336
-0.920187779455609
-1.7752102878226
2.23358078983725
-0.463290407586539
-1.20912217907511
-0.203874240675958
-0.341941138937613
-1.77753390790013
-1.37323724968957
-0.704040309052457
2.51600102375653
0.211896679838787
-0.430276931152693
-1.28591257503854
-0.153629904000146
0.16485506551388
-0.947792882844099
-2.08373697842359
-0.945451261201851
-1.970844979273
0.821864125518678
0.77081318765358
1.59162885098871
0.260912694868278
0.19502902355964
-0.312948000730696
2.36767491174338
1.07156794436913
-2.23104245071349
-1.07961174924498
0.497458177218598
-0.525801333852204
0.174429674630874
1.18410646059332
2.0072778088785
0.793365882488263
-0.648742595204722
-2.00919711308788
0.877519868680767
1.84225847463933
-0.339891000592675
-1.31001595366854
-0.757102067851403
-1.282214913327
0.257225180036731
0.698946493288214
-0.295201036680153
-0.900614924706928
-0.624828700588235
-0.68656035111844
0.919176395593321
0.320190970205561
-0.460810380076789
-0.27390964739435
-0.0704896810468722
-2.36178081513856
1.31690158593845
2.24051327968088
0.273896297545234
-0.926883119243166
-0.14751071187857
-2.04786597196856
0.803003192043794
0.245254529295406
1.22503331165101
0.536174222283993
-0.655739787760948
-1.44269865411288
0.55543162488366
0.648179041796672
1.93683373291811
1.5205336281023
-0.607854058080666
-3.09031886057557
0.90533274998299
-0.939824066853697
-0.895213935488008
0.599461255530823
1.58272721487242
-0.0688829414724303
0.679580782408491
-0.380334600165149
-0.283326986227414
0.432667843195767
0.759729513262543
1.47271921111987
0.832810236319109
0.329304271794014
0.335150672076582
1.71411707042613
0.519250606581556
-1.12914390154453
