y
1.01277362102133
1.11722818997533
1.35900241229973
1.43638597186187
-0.0664798539859648
-0.919545921657371
0.766653628473777
0.915016914099086
-0.0881954744471526
0.497446265314094
-0.635220727906586
-0.892307614054703
1.90553571833796
1.61169725327281
-0.77137387801466
0.283493351757243
-0.109825028202128
-1.68143031936071
0.776256186962687
0.180565302575862
1.62409645972268
-0.0167818174925222
0.775855679924931
-0.761530458974284
1.44010003181162
0.860073784025285
0.0778510233818221
0.387097387378746
0.0575286924569122
-1.45430517735871
1.0274447949592
0.747845793718487
-0.852586714234895
-0.964611824550748
-0.244561905954515
-2.95665008585173
-1.15621728630383
0.554624107424181
0.513451840862521
-1.37428001898614
-2.25202464416655
-1.90801625164846
0.49051496612391
-1.09763828220436
-0.325102422270574
-1.00120292074675
0.0342109400016379
-2.31470765886897
0.368519570775758
-0.203365167945469
-0.522090408493552
1.02220521771775
-0.224153188583917
0.318402171769949
-0.732950729830579
-1.02917269661838
0.0763468500857731
1.36185897329912
1.03339595013898
-0.173560457382136
0.291567310548842
0.324040765734719
1.95921119073688
0.447872847443425
-1.81904565890477
-0.348477602462741
-0.573653128776051
-0.406237710335705
-0.264711740942662
-0.605782375333969
1.09899844162974
-1.21241820225353
1.85168485956861
2.20907677652759
2.31327787169163
0.0835620578828117
-0.957547424920229
-1.62637189561387
0.383451935315161
1.75536677950741
1.76948551151294
0.624752815303492
-1.36439551905544
-0.902006616942795
0.10617921911909
0.455898464478347
1.92759523883868
-0.397523071224097
-0.924967861969318
-1.74297763954066
1.33378368902769
1.04462056754333
-0.398316039325564
-1.53312230409042
-1.25562607550568
-1.55083559064757
