y
-1.21805125320527
-3.05217709236112
-2.9125533263144
-1.35207328154792
0.191086543979504
-0.261789507969959
-0.343854470925624
0.745657204959658
-0.361797330056069
0.0235033930148265
-0.658055442843049
1.74715327452814
1.20423493738922
-0.949498936784459
1.57714662450067
1.69700958964764
-1.22455498398675
1.63178066782417
0.55484751843415
-2.42228807740435
-0.276488078923682
1.85654984440039
-0.488254209874315
1.26942035336557
-1.76227903963209
-1.94676878895646
-0.403550889918732
2.01999322589973
-1.47557875681378
0.240497984816409
0.301470455237512
-0.0449970302094974
2.57453651774733
2.51200022742388
-0.750467204741259
0.508727913845539
0.526010118032747
1.88989459398693
-0.252761077796702
-1.17019834075069
-0.660269397334232
0.725765867799947
0.391155643852579
-0.108313276831228
-0.499571132640103
-0.447002987236407
-1.35480444888186
0.390675035627361
-0.0656239072043348
-1.44299062956942
-1.58828019150422
1.51984043444329
-0.51085795018414
1.02234811687435
-0.59654538893652
-1.58902120307103
-2.00826125418355
-1.33715001909569
-0.886186725013582
0.526920014660748
-1.22426815070875
0.613689877885863
0.908451248556633
0.837175242889087
0.55416825318322
0.66897312843921
0.983383613384672
0.608854975593374
0.803584885030373
1.50309940487701
-1.78337634147348
0.600841666894187
-1.99881409970781
-1.702327395936
0.0394411158674049
1.41968616057877
1.27047931579358
0.287570271316082
-0.100131584525891
-0.0815804008689237
-0.0252165256051308
-0.754936345846957
-1.31889640994099
1.6540413794712
-0.457658762486651
-1.07097322959689
1.45663225281136
1.0710596231662
-0.00819061425584125
1.52032308930531
0.509324057805464
1.27284147900563
0.696018867800848
1.40283648303898
-0.979163547410428
-0.402253453920491
