y
-1.0703558466596
0.167635720165887
-0.545231166960131
-0.522049634949466
0.0119513963027933
-0.439553369341225
-0.775087541870146
-0.376078410083803
0.877706247519313
1.00141712175511
-0.538038557722678
-0.665314685046457
-0.109350107132925
0.0106224676385415
-0.627494046827938
0.981543881276148
-0.196028202441439
1.86005840411444
-1.01551569911203
-1.533150859789
1.29561297899097
0.912499045806751
-0.717519841524453
0.595275377000887
-1.69182682656981
-1.03320938542906
-0.693723454583879
0.93201818343366
1.18632884579098
1.3348402426809
-1.21335460139173
-0.630185422628095
0.657505128046763
-1.48998891107035
0.058456113087909
1.88798666305585
-0.80266717823884
-1.36928019722761
-1.95363507765456
0.600977271323603
2.41723511991757
-0.0920942000876194
-3.15684879920629
-1.49198822429615
-1.14275752742956
0.625456951455369
0.612211831746153
3.04734180398938
-0.659795068424525
1.16690167787402
0.677993534134585
1.42685540470951
-0.181534245503709
-0.91283975566362
-2.13972001740688
-0.403773920296767
0.900133368634718
0.921133428273423
2.85840059307435
1.37774423666524
-0.72679514626445
1.21336435545587
0.648838773741352
1.30415886598305
1.21656784654612
0.290467446652482
-0.1211366135754
-0.178751571689905
0.795656759142611
1.93895466932736
0.127474107517016
-0.148920129241623
-0.862758217452235
-1.22258958243061
-0.0511921636225233
-0.160671585987589
0.559881978968224
1.60473999799526
0.647271815292474
1.26287983150575
-0.219538698193106
1.65048447036254
-1.02258860522659
0.299766667427113
-1.48961528624518
-1.61196565331577
-3.13404961015661
-2.66269875458119
-0.797483772101148
1.14089815231305
-1.29868425465784
-1.21701547806465
-0.974511243466626
0.158273872732013
2.34849345471333
0.478941044702943
