y
1.20831069497159
0.933989911997636
-0.385012937519968
-1.00750336501107
-1.70769776502524
2.37270276769908
1.74163844649232
0.887417024205694
-0.261115064624364
-0.0683584377965348
0.740099198555674
-0.63537737748629
2.26943855521052
1.47614927699021
-0.770941140814321
-0.430873899199465
-0.843565446251415
-1.66032081559185
1.04655690397746
1.17855397652773
-0.287409622348496
-1.8014871169454
-0.890499983434364
0.0882644401906071
-0.889548820824235
1.02611915108828
1.00387936280575
0.469735472302416
-0.726653382369303
1.75614227953436
1.41396122407296
0.385518718636008
-1.71147998242425
-0.87624485236529
-0.726176330209084
-1.11772543611422
0.418654900871745
-0.0169571231133994
-0.218786130729307
-0.693390946714651
-1.05716934787287
-0.848240180075094
1.0411691263235
0.782318846802583
-0.506547677967624
-1.74553760041202
-1.59060104950699
0.234461552212281
1.87352628126857
1.12914311458229
-0.347363123911935
-0.919351785967724
-1.12992191727889
-0.661375883630318
0.405972894715985
0.612037246599945
0.432867694083072
0.958059879429149
-0.223946747323991
-0.358782474796878
0.792668779072312
0.294163465753235
-0.769795010114314
0.0273038980391652
-0.996898540706865
0.565379470988543
0.985689574797026
0.673552576609926
-1.2781908279075
-1.81979068367053
-0.53374033953049
0.145676137232027
2.01241236918206
2.09850498679489
0.434790231426379
-0.226732258621018
1.043813222984
1.04072789981245
1.64502648823147
0.01904902987793
-0.858045718449871
-2.52891299945636
-1.38877563748653
-0.293316934498354
0.872188814364604
-0.0395325953068916
-0.707911191994732
-0.424272693998687
-1.25234942236758
-0.824874465345366
1.81334887049327
0.304425360005342
-0.362539061974126
-1.22698389386849
-0.448367597444104
0.441583520586625
