y
-2.29709663498164
-1.04951952924272
1.35618906872369
3.40463521187877
-0.928371351208031
-0.131224933968455
-0.639100796849566
-0.289908114292411
1.38683015282253
1.00737410966737
1.07620460309605
0.24764409778596
-0.536005094049497
-0.509649047021204
-0.69755632076064
-0.564666862348065
0.535432433750962
-0.692641964373853
-0.997066257162042
-0.462055356663493
-0.346432256469972
-0.927775134963435
-1.0322664676182
0.575598301836164
-3.40884552641057
-2.07966791493544
3.08130660456396
2.51185282070122
-0.124712512029528
-1.09544812329231
-0.405398287006991
0.0441386310897931
1.34591121392483
0.971703322839246
0.996914726416446
0.459123306519995
0.00189022611682733
0.684430287589877
-0.453522498966141
-0.969611254662971
-1.53706462540464
0.409064646338677
-1.43743789728619
0.43243728287367
1.12166716777695
-0.717938930538006
1.26938417215234
0.946438245304103
0.262849796622975
0.221272894033119
-1.94659275133348
0.333655738999316
-0.110236778498655
-0.807494541086715
0.60238215182976
-0.0696745618835384
0.342508872646738
-1.37270112205612
-0.251099570661916
-0.496514989647789
0.230658096809877
0.618886141628637
0.296595192958618
-0.887913362878204
-0.450641473197457
-1.62038926536154
-0.568960148308896
-1.77469871668423
0.634240183054669
1.4780228149034
0.446873947051209
-0.702416645845847
-2.05738626315158
-1.25054493517833
1.25520051811554
3.11027086110412
0.325859217198439
-0.517274713532086
-1.31187445251842
0.281369502000984
0.257001631085123
1.59786697743796
0.520670812591141
-0.86132161363611
-0.0795866793267178
-0.348346659734103
1.13080435979931
1.42512164685585
0.635207852189052
0.684466625262553
0.15745910129418
-1.22930521474829
0.0615094495674845
2.01653214513619
0.155565391995541
0.0969355958348155
