y
0.107452556716432
1.15445290784627
1.5856202410043
1.00438972413541
0.0744585425900978
-2.50849772985661
1.35136451083855
-0.924608391420381
-0.14671173131528
0.27780338562737
-2.80791586375123
-0.387058724189085
0.815639105447015
0.714743199045653
-0.720456443622217
-0.533066374984621
0.180663388453324
0.452701722414753
-0.420580050944293
-0.000283958775728399
-1.79715484495057
1.0888123451257
1.33111962641689
0.104918524627719
0.372915331960565
-0.355354034362359
0.412656801536579
0.258795142038836
-0.0646030076137934
-2.64570896218462
0.0817119773472139
1.40605008813631
0.915133444651726
-0.653010515262002
-1.29443640306511
-0.861949989344374
1.06363794846216
0.493906242634545
0.77801280130186
2.02110700631426
1.077340233445
-0.80415198000375
0.711649671547167
1.24206146804556
0.682315725896271
-0.278521842503354
-2.09950760196584
-0.746932947690207
-0.707141180249944
0.247618381699815
0.146422553225283
-1.542877388511
-2.49724026024799
-1.36858757097496
-0.960289273010868
-1.94739067678255
-0.770628320658934
-1.33937569624495
-0.956110682002046
-1.00154159524747
-1.24496487506172
1.20947779246765
-0.40831805827342
-1.10390874878505
-1.05853529151211
-1.40815493232077
-0.181922659487991
-0.227845442994126
1.43008302843833
0.741511260388567
-0.0414134270596993
0.458921455815836
0.807815413947296
0.123878782351055
2.28192252210161
1.51000412678006
-0.293189812402927
0.234431126611857
0.233547313350788
0.859434163327594
0.735464835572338
-0.635387893464922
-0.470529131386311
0.114130337702628
1.0560048824416
1.64283610246816
0.296748267425736
1.87921358351187
1.43445087796695
-1.40677839067363
0.86865332704267
1.01780131126614
2.07964905718021
-0.407499103385654
-1.11012891975428
-0.0311834383928756
