y
0.0941920203790296
-0.906417557327998
0.297406421164669
-0.5943390420199
-1.40227256930056
-0.0554359147492473
0.462547125813725
0.371050838187633
0.106482113739114
0.553625562192183
-1.59252923645344
-3.2363553336828
-0.153805071921928
0.162523709615289
0.773211651776612
-0.478962801476044
-0.450031457846077
-0.193899486930607
1.23058306331829
-0.624523705318914
-0.965435181159171
0.346950533382772
0.459856540406919
1.22718850836621
1.13629864766796
0.213308582745793
-0.678134210576179
-1.32611975444811
-0.542381980854402
-0.700733579061951
0.12078592080581
0.785758498477249
0.624305111617369
-0.0387362187385949
0.0849107825516093
-1.10819632488781
0.636041174246591
0.761627648995946
1.12549073704581
-0.377233729213528
-1.04247800424222
-0.290241735203741
-0.105859943281621
0.0273124797078244
-0.510023330190188
0.91064690817456
-0.00255188546884133
-1.87995602660444
0.0140374793944531
-0.366592255690083
-0.428946235672332
-0.700478063796189
-0.332472151354487
-0.895613986370137
-1.25012963340159
1.24048193709559
0.0380854876046409
-0.36648284034737
-0.917921440045771
-1.59195321415989
1.88880893052625
3.58333372117482
3.47796801018146
1.40098123450507
0.0293562065113448
-0.615428388888004
0.0941407012225854
0.260329951227464
0.638229263431787
1.46407065760009
0.913687211856467
0.659520805072878
-0.511450182367906
-1.06337617892339
1.17667453842099
-1.18924637160622
-1.20385667057645
-2.14292174929267
0.00300449189102867
0.073820001766346
0.692184203643354
-2.82823194494326
-1.62929001438039
-0.931363792531957
1.88345415507637
2.40388503650846
1.65459802722124
0.940278977966235
-1.01046027956013
-2.06883572088154
1.19191060715963
0.671452334696785
0.377990998306729
0.938351280270324
0.735469608262903
0.343494756773805
