y
-0.187324572677076
1.35062678509332
1.03307698485279
1.4685188654271
-2.19965748054519
-2.09279371003576
2.21290681138024
1.47085142012534
1.96989551540409
0.874489214015018
-1.77406128034221
-1.3631939209806
1.42529298780474
-0.215556125828059
-1.10794269617697
0.780130727829723
-0.613652571941344
-0.215243169736751
0.828917108817158
1.90669791003467
0.595185916288494
0.894814967565071
0.138337832958271
-0.427125383719556
0.48087259735611
-0.0353738613263534
0.0116110851230199
-0.315702173996926
-0.147168512960607
-0.957197482352343
-0.714059629447847
1.0660149277007
-0.834231380744193
0.197121961886686
-1.41385922701456
-1.36715131556828
0.597288427799252
1.43416485332131
-0.638029673395111
0.502208020821829
-0.135830431571399
-0.529876458403883
0.284018365583924
0.809080327959562
-1.32457322878922
-2.32326009133415
-2.5510156677659
0.244102902120623
-0.452541763650397
-1.42850375361315
-1.02724148336696
1.52269739070309
-1.00978096726794
-0.55577796330634
0.279025388379798
1.05824705484592
0.360645743877529
-0.790371382474974
-1.78437594491368
0.577056883961476
1.34561713849552
0.892219856930111
-0.0207314757230546
0.310123528080986
0.738566598007524
-0.616096654817315
0.541787608291619
-0.508441391617537
-1.14765814226837
-0.0829685476016905
1.00472569148289
-0.5395046450903
2.2812329509813
1.47474801064063
-0.98426751327846
-0.519229119122166
-0.150146954512088
-0.710792954829398
0.175658322852017
-0.680016435666785
-1.03193945192804
-0.736204674410898
-1.73072246287839
-0.397226688555143
1.32560051191954
-0.326626603615387
0.70305535980815
-0.0025791451664986
0.781156138519583
-1.37358318318266
-0.507359612132892
0.198837203216245
2.12727478036035
3.17156962016468
0.56125287218726
-1.40875620933053
