y
0.629581089995163
0.916449077586768
0.502351957562136
0.762378664365058
0.439898272331584
-0.491501530572796
1.89828023990165
-0.506621685352223
-0.97690799595055
-1.39696537689501
0.356317722127127
-0.428087474124065
0.453289601027357
0.443947932349367
-1.00396461475253
-0.432904883170806
-0.367598234239909
0.337169458631223
1.91585978206126
2.65682446780432
0.483292561823269
-2.08325057758334
-1.1734730464733
-1.91754526272373
0.632580646610584
-0.759727259505687
-1.47508836005362
-0.410384440606851
1.04182771575472
1.34310117338122
-0.8108578885478
-0.22199453430807
0.111602486603753
-1.0672439953546
-0.642578059710544
-1.45019348388932
0.82396023111358
1.06643518354073
0.190953108643244
-1.29386998837339
0.178475677582565
1.00935516462139
1.28524493326889
-0.254956705742154
-0.0759085138863717
-2.0736820143393
-1.09138072676736
-0.86973954372203
0.786961924406667
0.501878411321001
-1.88326965337245
-1.14489068641929
0.8177344903639
2.18671629537071
0.168208325828704
0.00664467647267436
-1.46175409308916
-1.09994316520472
-2.06315505848706
0.00385527356086751
1.6038417393807
0.899398013947618
0.0279122999133576
-0.448787036041673
0.266986795025724
1.49881305250179
2.6546091976407
0.54538898318297
-1.63406137551722
-0.975572364844681
-1.51892379663556
-2.04740060427021
1.22873354512428
0.656445032028158
1.93317145750239
-0.351374484878134
-2.18061440856199
-0.37651165027452
1.43288797278014
-0.441557809327135
-1.57296221151271
-0.276485578330815
1.71917753807046
0.554595535835057
2.21922861534581
1.56138676382452
0.173509956434554
-0.656411174225482
0.262395631785181
0.773440230778559
0.500382358233085
-0.481744760569511
0.845318173379503
-1.09386324578655
0.0691424155282028
-0.392232500260012
