y
1.76898897031076
-0.690299923548262
-0.70389245239898
-0.57502745538048
0.607181860699952
-0.267018891845408
-1.04331053679243
-1.23220814559394
-1.43358338936563
-0.728197281943337
0.752272320429275
-0.862642625404878
0.550780039838939
-0.0576975567182758
-1.14258789682066
0.732363042882684
1.79151957311995
0.651267211208034
-0.655988340879937
-1.98276318063246
-0.626439817173473
1.34282889458312
1.5283870938582
-1.0460049619682
-2.62044140237251
-2.40389076846578
-0.791542875527288
0.803125151736855
0.620267322217984
0.458663652301141
-1.55392543063926
0.761254851728257
0.212769901313098
-0.292760080660586
0.30591477860327
-1.01778763792976
-0.404009782782206
0.280837854063958
0.437606659699541
1.30084180140815
0.560894312165525
0.268446202593438
2.61330288379254
0.0601664989219051
-0.368011823127883
0.916592105517454
0.324910850911271
0.147625244977699
-0.952674738801267
-0.387629629838302
1.63698423417705
1.65328111651762
-0.360812651121082
-1.28620131235586
0.718020752174267
-0.50542043066277
0.647025308761969
1.92426125872996
0.931669912978056
-0.69931432005475
1.44936877425936
1.39167942836713
-0.41167572008497
0.53698493201284
0.184893136762542
-0.500204496954583
-1.65545027957492
1.98581353877647
2.30961084177896
1.24985103981604
1.09481993591949
-0.852565065619289
0.0635523896424833
-1.97467775748431
-2.11662046476892
-0.84715642687204
-0.135041668554755
0.00854975746031478
-1.19562753518608
1.0783394586034
1.40130773050089
1.04690233121507
0.745564382728169
-0.213112146707125
-2.68312921667307
-1.39525180453482
0.13099090638824
1.31437240967584
-0.859760640234389
-1.28788384022943
-0.639785801209089
-0.46449860746961
1.60402483542551
1.97635019567342
-0.0171381159831507
-2.94136275828191
