y
-1.97064376571252
-1.09043821731972
0.0741683925904906
-0.314780332889864
0.63033182011721
0.562988082188753
-1.05185067114604
-1.47457018697832
0.335653773474836
-0.415002418792474
0.504091721401853
2.19866111131247
-1.14473328512665
1.53392792542926
-0.031366530073206
-0.0276298541728253
0.538317025938861
0.0128558863386645
0.353912670241386
1.52129761898309
0.671194837350312
-1.06319455233861
-0.510543230105543
0.554750623188813
-2.14653173455063
-1.46777127489913
0.668131931067138
-1.10925758975593
-1.97480359379379
0.0325125268961921
-0.873505309032145
-0.558436677954125
-1.34466985121075
0.46387828651737
1.0603658684615
-0.273235762660678
-0.82344989295085
-2.11671515214223
1.06820864928935
0.28772544222731
1.67658195422058
2.30226716485881
-0.169955275530574
1.03239595045024
0.972151453698401
1.13257429274418
0.646168186568153
1.58235774907861
-0.0889900574521665
1.33028083947759
0.857311703155884
-0.510075541006149
-0.660084657698228
0.823586785492849
-0.263750431629326
-0.345641075492561
0.234574810755956
-1.47266043790333
-1.47686173551723
-1.44241130886469
-1.86118485209388
-0.365299100202036
1.43369340311979
-0.163487785358476
-1.45198450715211
-0.509081967469689
-0.504922894531653
0.221281234079731
2.32002414441482
1.40584322855562
1.53578310484787
-0.207720600436832
-0.119243679284011
-0.145417461977184
-0.118692948141038
1.0060376061869
1.01727731308277
0.00209541465630753
-0.586287021957315
0.278028873193376
-1.09580011221336
-1.58009961269526
0.65419531016964
3.76142262286761
-1.73120463221813
-1.03855035857471
-0.480413824016365
0.078694019171699
-0.563740239794159
0.122128009380399
-0.869028566033888
-0.913642608784094
-0.0597678090811783
0.0952999174047129
1.22761368001977
1.75648802204853
