y
-0.601085723560736
-2.11876473672743
-0.768804604147409
-1.41116734801659
-1.02355575549766
1.3456813517616
-1.49193241080054
-1.20306053957894
0.634850432417316
-1.740250995819
-1.17998542625638
0.186061037734563
-0.0858570678711865
0.138485412479409
0.454705610626065
1.09151157982983
-0.305054270664805
0.364566738133727
-1.20781815563262
-1.1505914062981
-0.0377354157924956
-0.939911402041063
1.16527462695683
0.543360806676125
0.0246632479039978
-1.37211542153118
0.919578181765252
-1.1625090511691
-0.249627425137789
2.42660675232906
0.258920435923123
0.0794153037935458
-0.584799216887235
-1.70349039324311
-1.26209071874402
0.262372180660363
-0.243316174143799
0.152461868041807
0.0312338795255614
-1.11359863411452
-0.718771571237854
-1.4195887430403
-1.04621055571014
-1.58429328572693
1.13785561882115
-2.73517970610602
0.541072166948481
0.0963025623353083
-1.29915585571309
-0.775087264093145
-1.44889492758244
-2.5638077052704
0.268286711685976
3.60128942360873
0.557533114346375
0.568638054815495
-0.250793640557594
-1.48659558655706
0.823270877049778
1.22099733543138
1.30656551363894
-1.15774760630772
-0.41790456506177
-2.40145530975452
0.194715444006822
2.7291717260623
-0.277509078475081
-0.960219028533404
0.160956259238224
0.569024557586219
0.73802946649483
2.08324028089596
-0.302784465597688
-0.760035544611924
-1.09834077053583
0.00545874048360996
1.175831378079
1.46196960683052
-0.833663479958012
-1.82451773030125
-1.46711586848546
-0.383116870065561
-1.29855194148096
1.13450100696607
-1.10739258205993
-1.49886316456788
-0.850977796490933
-0.853937335711841
0.332907899572592
2.59387255331149
-0.174943259633445
-0.578968987373424
-0.849724332140605
-1.29739136279671
0.721264709757277
1.90994449438304
