y
-1.61687257788406
-0.217393330023295
0.708056305637068
1.87275097580501
0.236013428099944
-0.985220478480918
-2.12665955099464
-2.48193783850368
0.14603918519737
0.589370736815204
-0.967013449256346
0.354114690818409
-1.60623568176531
-1.36494543439214
0.37556622485541
0.727365759299706
-0.384518254687744
-0.455190976048111
-0.652844785587931
0.773772783350975
0.595883283200916
0.142614248460613
-1.17522460998602
0.271540767135205
-3.42464404926462
-1.11330309568011
0.819585687406667
-0.682056821116741
-0.58417800308413
0.78388061288114
-0.24082528342226
-1.63280778284427
-0.0291849939474298
0.303217530615958
0.450462091113388
1.34140814806839
-0.739196901902672
-0.0550631152484917
0.939094455744378
0.882154717157736
-0.426118634222621
0.855395946072363
-1.14642905539286
-0.815683311081686
0.572829697828285
-1.53822731225835
-1.16894469727515
0.371372015272593
-0.930592599240573
0.67359190163556
1.42952953097024
1.10119961844103
-0.0787625351014392
1.62767102953478
-0.879415965770241
0.474198196967485
0.600203192817985
0.434310355754594
0.512707804687243
0.488695482663244
3.05932931270168
1.5984651234957
0.607137610559326
0.0353592547665418
1.88408321125722
-0.442619789584864
-0.501903975480787
-0.0691087380983185
0.682661753413822
-1.21107905298559
-0.577254217264405
-0.109991082609507
-1.45496097020299
-0.557849031363255
-0.166782729741699
-0.384542122471778
0.854627037009637
-0.0758035167909149
0.212951740300281
0.987771306399427
-1.62663360510964
-1.52078556965526
0.176215264370031
-0.946612485866481
0.401377324922953
1.33859141526008
2.41486447489993
-0.287866577683241
-1.49189195127517
0.834740504135631
1.70980302948889
2.11423354879927
0.890687146754861
1.09705379570176
-0.563962171110634
-0.845410546787545
