y
-0.942866701053853
-1.7793716375244
-1.68368272043126
-1.73407133163277
0.459802176318166
1.57207022011468
1.20644827321177
0.584983093658384
-1.3670040272272
0.306618822202599
1.84754634873721
2.65033921386001
0.19607692425415
0.468293099899211
0.737036271696825
0.435641467161969
1.32082631460677
1.84209063278346
-0.387711676328226
0.412732865025953
1.12970753299313
0.217989653316409
-0.0975692872804364
3.43941765183228
-0.36383111539113
0.178732762987312
-1.23755573603267
-0.621522601177212
-0.585624479673504
1.84504896255272
-0.730744365779551
-0.632245854178993
0.254608987550365
0.284626164871371
0.529449426873252
1.40904318294915
-0.113401600825521
-0.224812286619682
0.2299400209774
-0.392213952390316
-0.888623825070914
2.85821471070007
-2.06917329272098
-2.20456931878017
-0.83086289887505
-2.69218295408321
-0.219930716178176
2.2071929726246
-0.225331183941227
-0.156635468466802
-0.511902154730319
0.260831471072897
1.01852592405315
2.92958716026995
0.0417696146947933
-1.47393557679715
-3.4859261322076
-1.84408212951614
0.213958100008596
1.32041249268747
-1.180121108928
0.318554412653368
-0.0292563721891975
0.109110423379135
1.04202628719324
0.835635111373955
0.206892232283196
-1.83103530785101
-0.71499995632493
-1.39749136526212
0.845903333581824
2.39811606445993
0.515854163616818
0.131788372464255
-0.999623606161832
-1.63622344408262
-0.192452189040554
1.50543922569972
-1.78886334145982
-0.180751597763065
-0.0059180330532661
-1.28367010447149
0.813569361461043
0.706551177670176
-1.0030579315565
-0.656090455558016
-0.723430912862523
0.0755621456385628
0.00296146791702334
1.5739641510657
-1.2613927863699
-0.7415226873095
-0.807579000077229
-0.915065262120162
0.916848292720223
0.43759174763198
