y
-0.738937293375651
0.791282059876595
0.674542428628193
2.09408111603372
1.75578735235122
-0.0145242193337107
0.291968793782057
-0.770857652579265
-1.1260032470973
0.255456726265747
0.659020667541701
0.485437376774967
2.41807176816726
-0.0657899844954837
-1.42225035515101
-0.0849568419576998
0.692519576131944
-1.01713274717465
-0.695502684224178
0.393368891090656
-1.69087282536826
0.625861928442926
0.729679295995147
-0.211579066585161
1.15610971074095
-0.967590977190411
-2.21222257353089
-0.779683636039178
2.60554176095391
-0.859259868048059
1.03665971112044
-0.402692038544424
-0.457135445984807
-0.422869011371061
-0.636751857375664
1.2623032303799
1.1803770990137
-0.958504831036826
-0.577246888279685
-0.173541140178526
-1.66297061538071
-0.100604018360681
-0.0810184749285468
-1.17593979428189
-2.04229184091765
-0.0373166737618578
1.49591023771021
0.923332569907497
0.741522801389867
-0.239673889405438
0.998250384619809
2.17406705650319
-0.70961959255815
-0.267572884865134
-1.22251401578533
-0.358021493700975
0.0940995856892785
0.296209214654133
0.464712447386528
-2.22084138686012
-0.119747518964071
-0.270417300156678
-0.949207577049598
0.99543735150129
1.70735390941152
0.185544667988185
-0.493103914772823
-0.845431874548187
-0.510928488743379
0.110479929288256
-0.126378401045711
-0.313926908118575
-1.55621619431122
-2.12709768927575
-0.0576435333129025
1.49170556594595
2.00256557816328
0.32748668979994
0.186281069809218
-0.201005821292389
-0.791019257880214
-0.999692723691017
0.75432206287304
-0.178833056009664
-2.1065359652207
-1.35764688729114
-2.3400264650128
2.29818585336395
1.36219145981442
0.070297374224564
0.657733377484539
1.25942653111129
0.100381250546466
1.83172625058713
0.659078274689704
-0.547221545329096
