y
0.374818811549778
-0.743721956593453
-0.652655019246423
0.11062842013718
0.528755937262818
-0.954934518565343
1.02526206456814
0.28893305286836
1.39887453328062
0.778003612287053
-0.549092045373054
-0.207174655180654
-0.256527044816509
0.234888077328304
0.0121520493936941
-0.906906180124054
-1.8201215539037
0.832446334507923
1.66667133798602
0.588095587993113
-0.0475374549983744
0.215514847557482
-0.684900707597498
0.262180377281425
3.31086773149675
0.971093698008286
-1.12088366787584
0.718052341028742
0.771187384087285
1.21393936739613
1.0777946432936
1.01543668957128
-1.85604512926506
-1.80233685079279
-0.280508767879334
-0.720902355786419
0.879559406928573
-0.660320881225158
0.514966143883404
-0.86916438941354
-0.133961315627009
0.373548466722535
-0.206989302299592
0.761099475178611
0.0317448992697721
0.78180990206612
-0.218241692492232
-0.303537253634553
0.61272667513462
1.53514092039737
0.484308785856284
-1.78643040068142
-0.421612435921788
0.827150024305297
-0.0618569332259044
0.56364805542008
-0.799967625906072
-1.64130297327043
-1.02134999166645
-1.5768867152109
4.49379942323154
1.43143664276095
-0.0121631323706106
-1.46597101171332
-0.82042962331808
-0.099988021512642
-0.955908559600708
0.611886247992988
-0.472684097639523
-0.347408931062524
0.00489798378715139
1.00121423907431
0.0822746187262416
-0.304140045870416
-1.11918937337045
-0.122937675265375
0.613271516298509
0.776836482662404
1.83761392101955
0.90284444437708
-1.12942732168851
-0.139660100698268
-2.25168439804995
-0.703891066511716
1.23850872138538
-0.090131913271057
-0.883282801443939
0.223765878538507
1.4459065494906
0.0125015990705977
0.745003159423838
-0.527401383895699
-0.821608176719201
-2.65702242828671
-0.828446818805896
-2.12381438221815
