y
2.38847510242467
1.96330563351594
-0.45221514904976
-1.57918916464546
-1.36247393312458
-0.765278975484963
1.22001974377178
1.18218664159093
1.39321758375962
-0.646123428206587
-1.09224960293076
-1.82308990939511
2.18233826438275
0.301840823798056
-0.397389675367105
-2.63913503869414
-0.983106553747259
0.0587958484775083
0.77795151195611
-0.657182542326898
-0.517451887534535
-2.09343555438831
-3.02259088421963
-0.274211919167287
0.178486435050899
-0.366620493403901
-0.865546266212801
-1.25486035925098
-0.966337745564323
-0.203446721166661
-1.27868851703426
0.810072267828302
-0.356786250049274
-0.545515289255593
0.225208294450521
-0.395980294392733
1.5348295781615
1.90426706502328
0.409776513516891
-0.549796022356603
-1.11750201666754
0.617484988359744
1.047264885412
-0.40784942568827
-0.306679482321825
0.265140958825782
-0.415450668286219
-0.589040099752419
1.57111800524063
1.57332633072766
1.47055816376825
-0.892658010655157
-0.459165551269466
-0.79813946503712
0.419294885329591
1.44301777671667
1.78978606917675
0.641036840779391
0.0503478023996087
0.737478538021715
0.715199959711162
1.01970816077911
-0.368522038539397
-1.03274179392197
-0.947512377024436
-1.09827573862361
1.34534707267704
2.23609688866608
-0.310759057548032
-0.759777814001888
0.347668926520878
0.742756665010533
2.29495508272425
0.619956358291481
1.1287257672101
-0.770686141722168
-1.4574857817052
-0.921419081489808
0.649627209464762
1.18259165718583
0.705541754537845
-1.63550495441941
-0.0847019483004406
-0.711427004368245
-0.198949642588209
-1.64935359345421
0.236929243681503
0.604017244004745
-0.397400700638681
-0.386190990205839
2.06080018190896
0.244444751424288
0.014987066255665
-0.951869441068587
-0.940480552768641
0.392265006515521
