y
1.20243942507256
0.912977192808858
-0.774877771564691
-0.610784442112495
-0.583015949857898
-1.19908610015183
0.043358251824283
1.66397796148209
1.47128634523371
-0.195715451708765
0.212803973391928
-1.77672997099177
0.918572941346495
0.851650438936878
0.0772922561643877
0.950046965539449
0.530925524436975
-0.208894308753553
0.157410945413843
2.0297762358442
-0.326408308401527
-1.47725144114455
0.893543337614271
-1.31943422699684
0.22480685717891
-0.218297179423774
-0.89114594246334
-0.203816148299575
0.500210248076572
-0.14452045499956
0.0842203027823778
0.802807085948981
0.156909829921751
0.338066564657477
1.46895835489417
-1.69708029528195
-0.743982190055558
0.212841740764693
-0.810555445871043
-1.96898123325342
-2.6213896337876
-1.73793829351645
1.30138479813617
0.290510499112701
0.797787686014634
-1.26603782676096
-0.941204257148387
-2.07512843002429
0.203026167344044
-0.993668581953296
-1.26075583382698
-0.727602130609695
0.49077047866764
-0.389225498493374
0.838580886442755
0.473008103347664
-0.80411354809945
0.0699347045063033
1.12118872933498
-0.118722989463231
0.930357038661955
2.15462127565351
0.195441556703091
1.73029841054561
0.0403321644396951
-1.62094025654585
-0.773046938055507
1.80595444730188
-0.202326319756328
-1.05916510841566
-0.761439366340826
-1.25435523077636
0.652086446216176
1.03529214580852
0.883102113719353
0.100067169469776
0.908880935748742
-3.50675781286233
0.544704457064359
0.716955884804348
0.323993943539859
0.465596582514746
0.0748912401650643
-1.33106333960891
-0.228245621786122
0.977297049181345
0.826127169073878
0.569182544047102
1.70461399301285
-1.98327581048797
0.37254698765522
1.5551212547015
0.0997997834435898
0.360856807938157
1.40944579341775
-0.92166233741812
