y
0.39800925961604
-0.259815714741277
0.59348614008563
0.365160207554637
0.16299145460746
-1.22823688752476
-2.1518035634547
1.18253253879624
-0.126901828905497
-1.38564325515478
-2.61538192501875
-1.77655988056528
1.52415400203932
2.31010902268389
-0.935657677514969
-0.138288434540969
-1.57273760980698
-1.74730898029594
1.02387236837671
1.13637530483235
2.35765409363941
0.264810115582451
-0.466335661286892
-2.22628659061395
-0.549062167801525
0.880463072892019
1.18053632775438
-1.90695807834292
-2.51949589396841
-3.06872654395706
-1.9847921580061
-0.124947472963783
1.6905678466241
0.969062324006715
-0.461340589286784
-2.43756078888814
1.29917012837503
0.581052527567305
0.220354821272086
0.988035474613675
0.0046487225682178
-0.437641863303439
-0.0960703567895058
-0.622781340379572
0.286445448679015
1.12725163394665
-1.88565524605816
-1.61189565835129
0.52611866437381
-0.00620689631987376
-0.275031380571755
-0.382101769088718
0.242854335205349
-0.643440409278636
-1.01166938524649
-0.293129767288067
-2.28539873520277
0.223896363551133
-0.0736882133289936
-1.32900663100112
0.809557567891962
1.59540483226626
1.70089382596547
-0.666525803017909
-1.04123236765827
-1.26220898535149
-1.29806717909676
0.807619265331188
-0.4631377648353
1.109159557664
-0.51870983315085
-0.296869151385206
1.63544873586067
0.455226918259356
-1.29201632616607
-1.13076653609138
-0.797595112522152
1.0754886440629
-0.12087206662302
0.705607238429547
1.52858601380703
0.65764845126739
-0.71528751046739
-2.44907733993837
-0.249682390343578
0.777952182465722
1.39433034117121
-0.260779576959399
-2.33182303278603
-2.18958024525773
0.216762434694538
1.05095764972797
2.15689421880535
-0.512148412265135
-0.291223300571703
-0.79657828638824
