y
0.79788458883546
0.206204944182359
-0.923820781842625
-0.436895292392962
-0.710386039185318
-0.916118618339413
0.0704330617610339
-2.4022966752685
-3.08128868162899
-0.271790482003069
1.00778644427751
0.629301857906588
-1.58946753691344
-0.776565277783474
-1.33772272725443
1.89842910793203
1.224347671252
-1.28377531102926
-1.49714953866079
-1.41033254924172
-1.65707414158276
-0.538169980163395
0.97569223449461
0.502054408991739
-0.393814727248922
-0.461406926998291
0.224358584845848
-0.0715736345573887
0.82072145898051
2.14187546142647
-0.758514379362347
-1.60916000214479
-1.80271355837356
-0.738244190033428
-1.24655532226384
1.18652099997029
0.991973936884019
-1.47763198872949
-1.90677176876656
-1.26667950885444
0.139058361375146
0.94857202790872
0.146039865756451
-1.16049279116117
-1.63537514923379
0.109004871161434
-0.413934142327498
-0.271054176393198
-0.302951542054855
-1.67548167288006
0.439914327614897
0.772203692395739
1.3078866027672
1.35997276279388
-1.02397568597305
-0.722185119838513
-1.35994906455856
-0.532107813654526
0.594875417915633
0.350834184907714
-1.54642045425739
-0.0278616112582632
0.431065337708372
1.94428155557523
1.87551090312293
1.73227744420149
-1.85647400145123
-1.49851093882534
-0.963037460467409
-0.880386405850473
1.8159883577471
1.47446066937907
1.18709657479124
2.04128101843839
0.328988191275302
1.09660281730929
1.11252831749245
0.51994273743833
1.09172045352355
1.21526724346911
1.16860218258733
1.15271354302878
1.29163833519483
-0.242589209631231
0.207827723321845
0.784083892733077
0.0510546250724798
-0.385936225447734
0.190712394127549
2.15815019805887
-0.596195133407481
-0.0936035843323547
0.262644295987527
1.47700279134225
-0.104896967106775
2.40195031147042
