y
-0.519947554674305
-1.49385308391565
-1.91462430985166
-0.790205827598581
-2.55802478335002
-0.274437921260025
0.407119712056053
0.359502913567869
0.213776185487441
0.726278672404476
1.81715670542398
1.95238071850201
-0.481318632493499
0.624552161211989
0.460545700738501
-0.258808177934458
0.953072453896855
0.383773091744306
0.319330753382266
-0.73121753801439
-0.180405750952186
-0.374923347803067
0.252180103118352
0.108802055294939
0.0319727624098405
-0.0406421794262476
-0.934445709782019
0.530544649394251
0.502613539186034
1.93890443886556
0.557720791579012
-0.61934621670961
-1.36533994754819
-0.547047978053028
1.50275134856736
0.91284737364603
-0.138638145111339
-0.182214249824549
-1.03401673833255
0.0644620023181469
-0.35726854103657
0.618464029784783
-1.6618963197335
0.253773941106864
-2.06415296947131
-0.0359885288894868
-0.655548397361759
0.213218774842789
0.0426612833805775
-1.8981466275689
-1.13390364684911
1.38967310503159
2.23514538230921
0.900188143651204
0.398093380301478
0.807221796198595
1.68773089084867
0.916713453210397
0.802579548604219
1.15537493613385
-1.02016420559718
-1.24464969402584
-2.70148560239085
-3.29692058425454
-3.05570165671308
-0.315555162963623
1.38822773071184
2.33419388217226
-0.53167991252106
0.78945797052892
1.63535576725846
1.30590898659682
1.86033887789078
0.322613589194834
-0.419916856285456
-0.423151554520891
1.02556240218924
0.719809234356413
0.878357953003395
-0.516602831115958
-1.25330933871073
-0.663205130574414
0.14088630205457
1.23262244983661
-0.165185313570295
-0.471150588997254
-0.238070179954602
0.32915543049002
0.0633718589185941
2.30671534709219
0.822922629648346
-1.00942233952808
-1.08494929878322
-1.6074413838664
-1.15829696180534
0.226594509582031
