y
-0.551524190516084
0.45473128143017
-0.930283850564583
-0.331140215266593
0.235049268826411
2.04856344939781
0.983782858140866
0.588821283388868
-1.44158808030004
-1.72387098289345
1.34452665864954
2.6343323697962
-1.31226659338348
-1.99680477637285
-2.98070695928741
-1.68988053666124
-0.0975056852402317
-0.220720601045665
-0.00450289799094244
0.761065789528339
0.134966127826538
-0.338363413368843
1.06153416398087
0.809538772993088
0.61968129185607
0.776449028715879
0.554748362182893
0.253783073596577
0.650688692193004
1.42258415937859
-0.968067906595081
-2.83546289850807
-3.59444044283564
-1.04456689731096
-0.628153384600615
2.156797435568
-2.41711532987724
-1.22600377200366
-0.731770135592146
-1.0106481355414
-1.44857570321734
0.661891888685037
-0.251373919685382
-0.810216007885355
0.831886856486847
-0.0464845221457419
0.0931917461813789
-0.103875380100756
-0.805547854458524
0.53904105587604
0.898223889061657
-0.665469474101714
0.755190414010408
0.136865940585933
-1.14118824832157
0.307526360350821
-0.310263742366261
-1.73545626222681
0.271986946177112
3.09671957476224
-1.23667026815652
-0.288142985728589
-0.975468724058651
-1.79528023617943
-1.01679877556446
3.46096023277357
0.219128805169785
0.52838720533336
-0.119029992823049
0.788324267361006
0.477455620325729
1.68922560910096
-0.292398600930787
-0.0541511211938426
0.886426939680719
0.205947113920511
-0.187294870648898
0.714896784863111
0.0951452326807066
-0.0848004187953596
-0.534030859302698
-2.36325404780518
-0.0920316073220332
0.813213961521511
0.312975138555076
0.660038907224333
1.67363172510393
0.0573131145980126
0.658352550317015
2.98336174914511
0.990077217798489
-0.346358299920057
0.866720385819608
-0.425647985718067
0.0559137848730329
1.98353250862051
