y
-2.09379200104841
-0.861945305902217
0.355814378405378
0.33016230370896
0.00357710360282254
1.11359485639684
0.274201001329113
0.0888448060853805
0.551788998085344
-0.636999003709377
0.783379867417458
0.813912601471239
-2.28804505066113
-0.955274586449926
-1.51470917357588
0.0985679359768759
-0.253615268173185
0.195281107163782
-0.172289204087513
1.12231914395804
-0.841644390387539
0.198225706845594
1.03679167161185
0.483000176100125
0.520616946946829
0.690016400868176
-0.542397953232138
2.04098438325788
0.922054265483018
-0.131508259742043
-2.95422682333407
-1.02191280405982
-1.0780942217475
0.855653354113616
1.93589542224318
1.17431259526189
-1.45848715275424
-0.928954164656542
-2.37732253427075
0.108667149936875
1.54089893709782
1.89516132114605
-1.2882857237277
-0.822928721471667
-1.48376728836625
-0.98206875065735
0.79316907296508
1.3600898013356
0.72480311052365
-0.120756867698113
-2.03566934751701
-0.335004583969574
1.92355765604768
1.8120344356988
0.263468562805052
-0.33214894417573
-2.12436800662241
0.913784923353693
1.21687143871859
-0.28518074284456
-1.70857411333249
-1.24767327032611
-0.251076330275859
0.731309709228119
1.25852284361024
0.762750179795931
0.221990058557542
-0.45731524400587
-0.34054560683888
1.35982070042566
2.22298687170402
-0.838210191828979
-1.21239203058343
-0.951899584796035
-1.57150262224564
-0.0917370423409162
1.11040943343126
0.354921752323348
-2.56993070706215
-0.0210849043334765
-0.529231983244459
1.86656707419131
1.69089121594104
1.095504812251
-0.535593223932803
-1.15038145438922
-0.123258614493858
1.60084129051307
2.11049296308322
0.71696218817055
-0.810648469816957
-2.08451616563408
-1.72321118783198
0.00950912200413805
1.46947416668394
1.41572380427916
