y
1.44133177649699
-0.590242033491637
-0.241903047525817
0.730907770687568
-1.12150772472507
-2.12809369439165
0.546291329062089
-0.18052078898779
2.23498676464627
0.810466299160433
-0.793816233719576
0.110231377039271
-0.0234310755226638
0.623487892852535
-0.299138049167074
-1.50587412325505
-1.12734499910119
0.153930834977862
0.127588201607495
0.176747275954441
0.0369491880752992
-0.0789193457705498
0.178528110187148
-1.69230307353852
0.943858373769146
1.1375931119778
1.07241693435052
0.565254333838477
-1.37388209045303
-0.286128443894745
-0.334705830646919
0.243631197903624
-0.395325553106883
0.290487068783435
-0.0597207615845457
-1.44604185097446
-0.0153329076689918
-0.228947298567673
1.13603533957182
0.56386350358452
-1.07175420597578
0.28103419074198
0.926879740712776
1.29618747646079
-0.336408284601022
-1.36799512860198
-1.31178686660525
-0.905941501963591
1.02031115869793
2.1419490463992
1.99355485264324
0.0401345909145739
-1.42004691008037
-0.811981048064972
-0.52874857560629
0.341657343559118
0.711395571160634
0.586851779555034
0.0740576031954385
-1.81050387034479
1.20322862886141
0.394999441731951
1.13318149926941
0.226232400142997
-1.00811741043627
-0.0766608652372784
1.528840998235
1.52886016844123
1.09274989227779
0.672344957634138
-0.342829897658781
0.802838394720378
0.258022343639007
0.202887960856121
-0.701943280717945
1.54558650410998
-0.833752102226386
-0.284255422962431
-1.10117794288466
0.556305136019826
0.411816044797341
-0.367820546516326
-1.21079495712325
-1.29335797162867
1.90301246577185
2.26760522681352
1.45885218958038
-0.678395112785563
-2.75793916495191
-1.63758554573402
-0.42225111548663
-0.332240191698637
0.263844237392909
-0.635545392538309
-0.664610408957943
-2.1521858813798
