y
1.78339668243823
0.0658721153614107
0.0266845471152609
-0.54878748972142
0.103539394985248
1.6232756706754
1.51674374179332
2.00417465779179
0.475432709001662
0.450031260480775
-0.677057255919428
-1.17893635142094
-0.742849645723354
-1.75278819055509
-2.34545380933977
-1.40595416870646
-1.16607900390014
1.63224044844085
-0.701937660205498
-1.11028769088688
-1.89181920084278
-1.21082879033194
0.529343593862452
1.5281422705351
0.542655789483341
1.17012563404
-0.0321688879128663
0.528851651788441
-0.313540150145064
-0.257512904768737
0.507017055607144
0.165817814236603
-1.2720445954224
-0.0102940776893976
-0.255941155241575
0.017401189472195
1.741517196855
-0.421965302317282
-0.800057501833645
-1.97432578242202
-1.46313962142867
-0.158493735488896
-1.20831885751695
-0.759605878726902
-1.43538368546199
-1.56326547949694
-0.463419266996091
1.80657580060464
1.2284548309124
1.90781703869011
0.142942773866711
-0.272189359284558
-0.650794677120088
-2.84626057709224
0.282562633724021
0.37773478451087
0.039047238954536
0.512879271526788
-1.02261500767943
0.19405240895268
0.639925805081046
1.27410553963981
-0.950311886370735
0.00731932822164244
-0.632738649805886
-0.945377192863409
0.366320305834771
-1.11724759267356
-0.303780761286598
1.12914792795953
-0.460833688720853
-0.205853944928961
4.81911663697395
1.58303109884293
1.1485055501014
0.941033698986616
-0.280539681594182
-1.20820371233855
0.226148051409567
0.315531356134377
0.929887207498041
0.921815561513514
-0.188281083221256
-0.837031976381091
-0.994622829592013
-0.432286078579605
-0.213144568892278
-0.217816014908966
-0.684916921734277
-0.389972630341562
0.951086894375804
-0.003785856652606
0.679699948480386
1.54303080268692
1.01319138180595
0.587633531232597
