y
0.84599471502122
0.516730573828247
-1.22010314016812
-2.20246266717667
0.558954431826596
0.565224418554101
-0.646169625776224
0.813416812711813
0.620784035212839
0.705234356685104
-0.232670812843566
0.727104843178129
0.55105030570104
0.497464606180862
-0.314367038145709
-1.79213655223501
-1.97250194065361
-1.43125103005477
2.4267726899194
1.55564170362516
1.17633036186063
1.12271261639485
-1.8297869233503
-1.29947102660398
0.577528034930745
1.71953380016739
1.15943161774399
0.331573169535433
0.235339190658588
0.59872382188132
1.02485327113284
-0.0688154142807375
0.505464036517226
-0.783617431370114
2.00156012890701
-0.932955134105698
-2.04575374183143
-1.12800349101479
1.51321127439859
0.524127545031941
-0.898101384944848
-2.04673555399086
0.358820055082643
1.05382078565254
0.461197304211046
-1.36849423912063
-2.02737433888687
-2.28187609833243
1.36839546995507
1.10012522356134
-0.127103695279204
0.374685714521496
-0.783384993294402
0.32813438819573
-1.11351427022624
-0.335333460946943
1.37635502413441
1.53310485515621
0.587147526497046
-0.474572789970473
0.183921396972427
0.0232974604823435
-0.797576730234908
-0.583876121568785
-1.31863255087733
0.462980840859732
0.728696076158521
0.653558016631362
-0.56434734214775
-0.709624289697601
-1.0859496405449
-1.29604558736932
0.0728808758007068
-0.400383246158218
0.432960294615396
-1.27894514971769
-1.98676415653131
-1.33314434691364
2.24742213389039
1.83865908469901
1.97950829417287
-0.554464619901031
0.247053596146363
-0.894637532419069
-0.401077786736334
-0.619021234562204
0.387804249749237
-0.832963465679697
-1.19432300538596
-0.354843451070792
0.992307322609544
2.55506029341174
2.36707436250426
1.44043819026448
-0.62500660137203
-1.84198754404874
