y
0.589631709564024
-1.29904620564892
-0.415626331520092
1.53885366196563
0.802650384411632
-0.282224890798488
-1.85384516088335
-1.16071395198878
0.706362820389309
1.6872499389026
1.05279278394414
-1.07873264716847
-1.57877938456924
-1.52274666538781
-0.52832081933204
2.01401738596644
-0.347204614279774
-1.05098418487683
-1.03438363276517
-0.108312112658171
0.946022850505241
0.626155815898277
2.23316030557625
-1.44615438865729
-1.95179449987159
-2.32261923859468
-1.40674842562213
0.416819629517498
0.461003797462192
0.117966013930565
0.763784932668179
-0.292515969047822
0.09843343379486
0.459921637921691
1.63682570222176
-0.104495399006067
-0.846749710142773
-0.605604563839641
2.29217557077624
0.494214629355708
1.10836785782389
1.57766365795838
0.0183196155476701
-1.08215201717573
1.95304948332194
1.23828436282093
-0.381955979522634
1.01997088701085
-0.908002675453756
-0.195315030203334
1.73094772376768
-1.25667725994748
-0.18420353373268
1.06833252599259
-1.18516582531857
-0.0663406403282845
0.311112838706361
2.2048112157413
0.268071204035421
-0.530651743172633
-1.81567959833536
-1.02171352901043
-0.0230490913464591
0.0943116833271645
-1.14080733281643
1.17724318878647
-2.06049624624966
-0.709365975103231
1.23240500061275
0.942557629058406
0.0312191378954995
-1.21147862632231
-0.525774396792732
-0.932390431524884
-0.667394077097198
-0.749732872060753
-0.792629728777487
-1.04433615427431
-0.122554876794351
1.27779515360274
0.32338642707716
0.994922242712626
0.238918720556999
-0.943001851940781
-0.165787570678615
-0.0576569171802217
1.182635072076
1.4915154275542
-0.119310341770261
-0.376174714076228
-0.864229258043423
-1.19926831788251
0.390993815227836
1.60623180119912
0.987855087543348
0.161934644862305
