y
-0.377232345152747
-0.344516352293767
-0.146131849098001
0.56369398810855
0.823152596986743
1.20693688451421
-0.871806379227267
-0.594597961246555
-0.269704072388905
1.15256629641519
1.23134296770016
2.23334097068548
0.245520815294833
-0.897595432887931
-0.440180304313714
0.404044279502054
0.768250581476885
1.58351942309533
-1.24926847229282
0.76017445194916
3.09875131181566
0.246984913670868
1.38443775387308
2.26448234413078
-1.1411530442051
-0.541951011939172
0.527838717638438
2.34456085525684
1.2491956890914
2.52351799267625
0.0834394705235454
-0.259892989866488
0.523310952909744
0.879113574473129
0.801209703883465
2.26716447480829
-0.0145122179592763
0.225583451165747
-0.643211207585729
1.05632826109549
-0.260680339938317
1.44056079450468
-0.441775100147439
-0.394188751688016
0.866898199026766
1.43889620515846
1.88391826157621
1.99746853474515
0.397160412536308
-1.3018024147731
-1.69626561622917
0.313399291098657
-0.516884218640595
1.18236625591467
-0.821979037984489
-0.616045448613196
-0.143096409560845
1.77397189860157
0.803287918708616
1.46209859911968
-0.689856818542942
-0.0531177470868008
-1.69576092500816
-0.321865498187428
-0.245781924376678
1.33581578537103
0.432320546009373
-0.377039979331927
-0.0400962462999499
-0.631649378398382
0.198925638868017
0.216773197702317
-1.48106385733287
-1.95369698608586
-0.854852662827584
-0.50125696335465
-0.501124996402852
1.35926732802154
-0.903255164900211
-0.311433258226066
-1.66894066593451
0.0653423884282117
0.677710806584793
0.361836978468538
-0.857826105818029
-1.14599562485211
-0.997217432481872
-0.729687870071245
0.82452663586986
2.55254743438201
-0.415990315502403
-2.35879057041155
-0.00926489294002364
0.463785125181838
0.219900417023905
1.18302143864298
