y
-0.1113357459419
0.615406529005232
-0.1446059357194
0.41110489891531
1.5173073737071
-0.695235910539452
-0.854809777866201
-0.923491310234953
-0.377211206295852
1.60768135891941
1.78365639683404
0.605725161056443
-0.632531868911976
1.33897221255344
0.410661239776956
1.60495863596925
1.74829054731614
1.37081367488605
-1.45976809519998
-1.2114493256749
0.4986791992766
1.10371573363456
-0.352183605516536
-0.573441936405859
-1.19949261125399
0.279833728802355
1.22236171448294
1.67753655781572
1.56949414379446
-1.65417698299584
0.43436287898058
-0.61356963186429
-0.219080084354876
0.998875120228794
1.86679799842745
1.60693987445793
0.943207155706922
-0.163915622834982
-0.275992653695874
1.05443718093298
0.80990448872554
-0.44679142484232
-0.99495921086175
-0.324549755732867
-0.0832541716562501
2.51703831242642
1.66583736626716
1.18361070731713
-0.496670665665354
-2.16340918794754
0.431326350720815
0.308671151415132
1.03229924909093
-1.53234804483168
-2.77386749652934
-0.843379386400012
1.6958054769642
1.72337685922968
1.05379318527859
0.0238437421698617
-1.02899118052059
-1.25906153112919
-0.682902576698381
-0.315817268470465
-0.163880268787031
-0.518194608636211
-0.0882802180309564
-1.85524847816572
-1.92285152642828
-2.38540663048323
-0.410459291229683
-0.168374814998912
-0.945884706831108
-1.53403778630711
0.43661206322217
1.74281758362808
2.28685229843166
-0.46728347169627
-2.49043199985187
-0.720027177136029
-1.61508618306689
-0.123214056679219
-1.522138641709
-1.65816219432454
-0.904944121181078
-1.24912904537985
-1.44735509376561
-0.498932990358465
1.37614007689947
0.693893674179613
0.935603528924428
0.643189282560318
1.07669072752411
0.0104183024672272
0.124791883177431
-0.945718114460957
