y
0.570004177503477
-0.648432102773752
-0.385755944044525
-0.733781298316913
1.24802836272876
0.704721299273685
-0.114471687946506
0.824485107565474
0.0496351430810444
-0.624575540206529
-0.618862899512628
0.780131877823256
-0.553809698961858
0.949435737627272
1.1861132095709
1.8718560104922
2.21598446758031
0.675998389926454
-1.97985115294046
-1.38034548971277
-0.372092710138459
-0.526912538067864
-0.0283732296580587
1.16495149115347
-0.00575974435772214
-0.410495978390072
-0.69440998624991
-0.834028138349708
0.759721026532125
1.2809075292252
-1.65856622658258
-2.72912949076045
-1.31121852679941
-1.23096223292567
0.957126219417332
1.11684302912692
-0.270247088107885
-0.505977251138562
-1.63974883804342
-0.894655129526576
-0.303388930460982
1.81612214692204
-1.90764888397261
-0.517456722133954
1.11600621999415
1.04596951059783
1.43699174766932
1.71193892111459
2.2448532359407
1.52355344767208
-0.258080906816882
0.827062876999938
1.60948625220196
0.151444390239204
-0.305848565456226
0.967847715178445
0.676990174477253
-1.05298882590941
-1.43524159267282
-0.365607380504692
-1.31787750068578
0.402148513574156
2.26261905293413
1.87070965387847
-0.0647635707485334
0.93672473865058
-2.83583405036392
-1.23501589442139
-0.472689126469515
-0.0823688300483712
0.280506878064684
1.21845615833046
0.505316831571103
0.585336438819049
-0.428166265751469
-0.300435793411006
0.655743353020971
1.22211541094468
-1.74536495850564
-0.379853764750137
0.0845400236467787
-0.0783245476040591
0.0838106648969002
-0.243427631802394
-1.94287736212787
-0.447842689897611
-0.883926700564757
-0.0265245270176321
-0.705266058321774
0.0311783074257679
-0.511096852644621
0.795393259338057
-1.34001945212003
0.284081731380371
-1.29201709837151
-0.0704733270436458
