y
-2.58352794648865
0.473565984597353
0.505389016137869
0.909193909509323
-1.72392759374851
0.391743349421801
-1.6836925294312
-0.181687039283505
0.663914059464614
0.299270383835592
1.03715006058644
0.923299415631239
-0.775053176005701
0.0993971547844933
0.0633783416219982
-0.530986383777076
-1.31502122891305
1.0660551763631
-2.42716223163582
-0.352566792028337
-0.570266447970659
0.254712443521863
0.0575929692589159
0.476652382552519
-1.88988790182539
-0.487610581260429
-1.21455435382136
1.7643894561525
0.0180600928178153
0.872297705745519
-2.78735729509676
-0.470788635624292
0.0104182914123753
2.15404432571316
0.718937620281188
0.613030579565294
-1.72011803826265
0.900831478238031
2.13742899825287
3.3665431518088
0.333782377796651
0.215754833852923
-1.9030755908235
0.856159582287697
1.09378448279547
0.723514345044889
0.341942824478441
0.150964642868727
-0.935420562834252
0.645282812037743
1.24473812742224
0.243662554819244
-0.719644139943414
-0.577153900726238
-0.143072463379075
1.97660942091024
1.56256821637667
0.345030901506992
-1.56596617557823
-0.32038947934914
-1.44011259152465
-2.03066270909907
-0.239959670874161
0.687177312101293
-1.12195785329771
-0.285592983448978
-1.89817254911294
0.731031857341177
0.807220971354879
0.684543698598092
-0.813103027664869
0.893941002904955
-1.59274628847958
-0.549445169112715
2.58484926569648
1.51060558250689
-0.467163677628371
-0.22619383923336
-1.7427387647194
-1.21341257087644
0.0145113395289261
0.75685955745057
0.0829067737042427
-0.340564017977667
-0.470274672310624
0.308369554730573
1.76537747254395
1.72450348486618
-0.543211525319425
0.292614865785686
-0.401548778908164
0.463713857247405
-0.248279860057337
-0.741479462902729
-0.0142021395707467
0.440434574092298
