y
-0.48852224329208
-0.601838486947671
1.48863100672234
1.27503733237587
1.51621530746719
1.8508711213194
-1.09040779004586
-0.655958981819443
-0.405613839124052
0.335121385340901
-0.671632443385753
1.01316444837755
-1.39173439878385
-1.27401125252211
0.621139750317458
1.20820778420939
0.686147751384459
-0.833936409456369
-1.33699564238417
-1.72447642503376
1.22426888307919
-0.0623496159061432
-0.048572660337607
-1.18143507267671
-1.75803774957066
-0.347618163192283
1.28996224268538
0.140013434924879
0.554778597891714
1.18280265541918
-0.315104396490351
-0.802001655182102
0.819179703836621
2.17786756227377
-0.461071225949778
-0.852571363524577
-1.22667432796376
-0.368431521023094
1.23636155146894
0.0295359005126321
-0.892495500188873
-0.128546638941522
-1.2650578911099
-0.79570328479395
1.24249403674207
0.337007523698815
-1.64345820878892
-1.22925514072121
-0.639852766737532
0.162226100298533
-1.80633143809322
1.92281972722897
2.77746680062137
-0.372005176219084
-0.511010221370786
0.409582424387478
1.76369851165638
1.03984987703124
0.841641016585562
1.42791646203269
-0.150495041751659
0.389308949138333
1.54429533702348
1.04621160918341
-0.772040637296415
-2.64793775001404
-0.61986558557584
-1.59292091602595
-0.345154226905014
1.15682687928393
1.67644023741944
-0.690558009955788
-0.335658386477983
-1.69501866963646
-1.39985421443808
0.0426620369232725
-1.12355803810587
-2.05532001363474
-0.472316476571717
-0.90522639144683
0.224505903230053
-0.243648015902971
1.74751299574535
2.79575227724916
-1.40896256441917
1.13519827038795
1.3354088125002
1.01918611520238
1.16735084309583
-0.426085913567438
-1.39424714729645
-0.514400087778412
0.0846927410527086
-0.579683726651957
-0.157063690844286
0.773365528548816
