y
0.77535690708044
2.47702650767844
-0.113389211234332
-1.96397373614506
-0.32221818132844
1.38286374152117
0.0657047128486552
-0.338543757446088
-0.784751846620135
-1.25384014249477
-0.842420833781479
1.21531333584762
0.109229186543489
-0.421409785111527
-0.32440319591288
-0.983432258370726
0.331955261142435
0.71081182668152
0.65516436570171
-0.191891825621369
-0.438640471851513
1.12644146231474
-0.973641536650776
-0.683960351204671
0.854639982874271
-0.134189171641761
-1.13334602211372
0.428593676934917
-0.833759066798213
-1.48146784536279
1.70686976793076
2.48500106816199
1.17146577939909
-0.225972028876489
1.69155850677411
-0.300522637547485
1.65338251864375
-0.729186083842392
-1.00980778366761
-0.284045625631407
-1.96387200422179
-2.25967563333446
2.43031280398153
-1.0665035916842
-1.60200638540009
-1.14944895369079
-0.907078226902516
0.347349027707571
1.25389080222308
-0.721030140984536
-0.708050056102917
0.223433998069241
0.359139218065139
0.991071830235174
1.9994239221697
-0.192365463792902
-1.1944230978272
-0.0589020439972889
-0.552636468820973
0.0785228631206664
2.35278912056636
0.305965120385887
-1.18656808761594
-0.927957480629045
-0.105455117506868
-1.20839492859921
0.824606366148229
1.40675973019421
0.849880200339946
-0.312426141439854
-1.55334620024381
0.590438119354571
0.247869854653432
0.866114145227302
-0.251297896784823
-0.515565865621942
-0.886801453865476
-1.44929558059194
0.993553761214785
0.728584556003168
0.88609441455349
-0.330274352929282
-0.111621006226752
-0.264137712883118
-1.63964457312724
-0.331126065465057
1.09563878064703
0.231686471794164
-0.506904626533521
1.41002531553049
1.3553949998319
0.257045047973437
-0.353797884962389
0.00721818120221909
-0.0052345040358448
-0.84953231419444
