y
1.70658383766246
-1.04939277839317
-0.222299671986332
1.25859144085556
0.0485696412850167
-0.0533850775607655
-1.33602846083742
-1.74637051408634
-1.39823269102877
0.113387320456623
0.531329849270861
-0.136206940007185
-1.37283564776641
0.95593464291305
1.33115688982034
0.266714974099753
0.652519940763259
-0.208719084454751
-1.39641303601953
-1.38360026425791
-0.274721089541151
0.0110222398879983
0.277628842203213
-0.0764258846221127
-1.56115051789423
-1.04986596301907
0.939652811167976
-0.288634545927257
-0.409629423486607
0.246048326899361
-0.995723895914893
-1.72214253276259
1.11937889010212
1.65641022197711
0.374875795976214
0.983823248777552
-1.05944829363735
-1.46486046170641
1.2188732000038
1.99851087282813
0.76889062038595
-1.56065810848414
-1.8295613802354
-2.24207428285521
0.448530024843025
1.44764185469891
-0.103641966203632
-1.897591355254
-1.28594198619778
-0.45138605805529
-0.190907483512214
0.142370332369129
1.89376452661532
0.054207089900441
-0.690948048652702
-0.950809756346527
0.520452239917879
0.551531013775113
1.47842962466963
0.71038838611326
-1.62527184896585
-0.234491946588207
0.747935165412373
0.532760340343057
1.04650782970814
0.56620960266568
-1.01054353281815
0.304572926725035
1.18743898155881
0.410702748081805
1.01854029820495
0.899843566260266
-1.43580012116295
-2.47259717025066
-2.06659233616369
0.694488842947961
0.505106197656366
0.978857360717821
-2.64462805436421
-1.00460944837166
1.22198125159447
1.40728145555331
0.716285871112253
-1.44283771062746
-1.32163828691424
0.409586672785126
-0.443867438952666
1.80311903527788
1.93325122459806
0.362690427397327
-2.17766734825867
-1.26901968774718
1.06282088348566
2.52122425010714
-0.667835035179602
-0.54651075453085
