y
0.260828398115041
1.15528235045597
-1.04910551808817
-0.39652590281453
-1.41327211512838
-1.19947241276103
1.18248364284043
1.19659409502138
-1.62212694911421
-0.0290633436084612
-0.822560221818783
0.247287469435451
0.726067480962874
1.77547615110677
-0.89139347852815
-0.128671121092072
-1.28203180419571
-2.90854125418033
-0.389504138155976
1.53621576040117
-1.11572163470147
-1.72929799445846
-0.549764303934605
-1.24141479976171
-0.676172724976973
0.595830654545996
1.20181930889525
0.436268350489729
-0.948160957549238
-0.92582063041619
-0.207965618020098
2.93222934733499
0.619794254307267
1.18408024318364
-1.2721536337002
-0.671280217756409
0.781663585931069
1.63574964576622
-0.802263309800742
0.907686690778241
0.334788224849836
-1.41986693546727
-0.757849647867225
0.57922676514582
0.779391464328494
0.490708174551918
-0.974137750472511
-2.03361645373412
0.0601358675175216
0.0326548514801207
0.965922742171193
-0.733750344965407
-0.206375724733995
-1.39009764364437
0.310112710772587
1.5511781500078
-1.53214643109075
-0.575674345841187
-0.421112344369165
-2.14543657526756
0.542843108606139
2.35370910625377
-0.218919636653966
0.258478592819226
-0.965404454007143
-1.69022132363394
0.98883390936206
0.464717015080185
1.72525192276372
0.512769381161952
-1.33595136287571
-2.24335814837754
0.0242693569802864
0.885843298385461
0.308465758389146
-1.48856577385632
-1.26324357892989
-1.8892132095121
0.491490772848734
0.875138100861031
0.787563318003693
-0.544312220916978
1.11546252206606
-0.579712479314636
-0.146299669650262
1.01690513574857
-0.513159713796705
-0.192419515063695
1.13768411737007
0.423588740033352
-0.142064726023792
1.60334930094579
0.654031462716091
1.31001036500748
-0.478895866228308
-1.12140815148184
