y
-0.42941583288292
1.51712040114645
1.82814827973227
2.08177188751794
1.01664033978246
0.582545214161382
1.75605074475531
1.16448552070651
0.526728777082502
0.237730775675242
0.816590978565208
-0.377076039013135
-0.150089397728604
0.39141125507342
1.49868058974865
0.813357679616403
-0.520561483808606
1.2841067058414
0.541280813953563
-0.842694026096859
1.22261459238479
1.11786450707561
1.7089326261547
-0.086540585895069
1.08254818399072
1.20712461184229
4.15728291718911
1.30386217644741
1.54783331743038
0.814985848512566
1.790589963817
1.73053561011112
0.881108212631618
-1.16281900245034
0.141223518752534
-1.79573783516726
0.455896021063721
0.620055738414671
-1.11421406983084
1.74975745543462
2.35004066798927
1.06048162166636
1.75673720034416
1.50853044214856
2.65888304316412
1.49162469782005
1.44749291372993
-0.980721402270371
0.189021549319931
0.743965473829476
-1.5966056465512
-2.3770026393502
-2.04037977785157
-3.27424348371445
1.38181237346103
0.186006960771811
0.165402135442405
-0.473987461773104
0.364113059227519
-1.52756801333415
0.199806503925922
-0.406550488740433
-0.526759725242598
-0.0945067941209302
1.07303428024989
-1.25004572602006
0.698875969730298
1.8965503879558
1.82955552043714
0.906773464524087
-0.200787381322356
-1.66622239060838
-2.14005447571929
0.815403192953614
0.938440797512646
0.191261438569154
0.746199292567732
-2.25860729954362
1.72260931601157
-0.296528055321946
-2.33397823043297
-1.60010271256629
-1.77815061939037
-0.799645623581129
0.381755116749337
-0.527491757653022
1.14169521684343
0.420452723133693
-0.108371605879468
-2.85137112922253
-0.206029081202645
-0.441027690174777
0.499891849863089
1.12649473367904
0.687695262310622
-0.88618764386849
