y
0.596559476907115
1.18981399597949
-1.11944255597067
-0.485189417463026
1.35178887880789
2.04095541613265
0.359179844301922
-0.50486559330728
-1.08125406410947
0.840783287821953
-0.243216567691146
0.281220026365557
-0.255348816265503
0.55017650150296
-2.60978521609835
-1.03787333276417
-0.765808590359404
0.7757224369556
-0.980436514488741
0.845584000591794
-0.624975701122945
0.161909224556664
-1.15287680642254
-0.289391149401767
0.847500352029975
1.31168867336003
-2.86372683563756
-1.74596955071542
-0.47363963142769
0.209392003847621
1.0818965766144
1.90299345825604
-0.239506822520953
-1.09051571688725
-2.07946528847315
0.312030693193629
1.49237557458996
-1.05718160182265
-3.05902449916607
-0.491692545316858
0.656950837763695
1.77126097816522
-0.299580900670662
0.766783325568733
-1.05245836276687
-1.36046180907821
-0.918488105103889
-0.879113855512467
-0.829609944606808
0.0503828965111705
0.140871180880257
-2.28510725751437
-0.458018456978672
-0.54257465559597
0.977284515087517
2.03028841068856
-0.745892005041161
-0.626587314077053
-0.670326928314861
-0.472887810311353
1.16279106218151
-0.0481791197718674
-0.152035909914081
-0.646767782525864
-1.96407582517158
-1.84418317876169
-0.676707363865632
0.170919606850443
-0.0641212830177101
-1.47045650950431
-0.696448455764959
0.686307297342099
0.437625573481669
1.07221446369419
-0.327418755393876
-1.59132532006823
-1.07196121683317
1.05423183199877
0.557759764449572
-0.324925551299404
2.09291493462454
-0.134125301453211
-0.3664555630979
-0.336964078243891
0.876196605696394
-0.0166558109334775
0.713636500195954
-0.348011704717593
0.0331625233354258
-1.40328457923433
0.0226262800586981
-0.147166111661731
0.632424663827347
-0.525640567861101
-0.296449752012565
0.360044394663254
