y
-0.683547276433311
0.499501549700888
-0.0717268267777877
-0.382675161872811
1.81698926262792
-1.41266823501512
-0.740809334748575
-1.52335515878903
-0.293227232738527
-1.36011956416326
-0.841381536017862
0.14033734620393
0.658002310412501
0.1722610080691
0.588582441217785
1.80178212888095
0.040993435473057
-1.08186185143943
-0.0373027690372683
-0.927231185662089
-0.643805062251521
-1.83050571427049
0.334034602293967
-2.32768346912085
-0.208642284294899
0.00791709681817085
0.394075013504951
-1.43305694766817
-1.73265593803204
-2.81652094391644
-0.539334102843191
-0.734196112065039
0.276323630599609
-1.7114915680381
0.136211557740536
0.318492502407082
-1.05823564656094
-2.95542566835466
-0.816712329371874
-0.115869410954262
-0.110927980139014
-1.27297452625964
-1.69753838596899
-0.723126982021012
0.156746416206396
-0.825685276187851
-2.99609839049538
-2.28781663213775
1.8671293526815
1.40361082702863
2.23001084534492
1.59241904940758
-0.690557413923353
0.123786187022558
-0.857094837698853
1.68838268939543
2.25334131935953
1.43461737663369
1.73347783492699
0.41438245663926
-0.185951472179629
-0.79130985407506
1.30691146770836
0.873532209998539
-0.589434913874372
-0.673753117484711
0.950302116892755
0.493841321204342
0.893908911804623
0.490807977320093
-0.111729056310833
-2.55796097196882
-1.2145345528057
-0.139066024983093
0.471204834817364
1.92355800029537
0.736017284640095
0.987035130398477
-0.708201639705389
0.477321307452863
-0.462346330375338
-0.617063064161826
1.05444394421482
1.48999030037673
0.305293527182997
-0.699996621470331
1.22650244719201
0.206439701582512
0.746461037888963
-0.511079085580305
-1.18940143646216
-1.33912670243063
-1.47993286004494
-0.924575094388208
1.27179871660628
0.417348629035053
