y
1.11133025359817
1.57285100370451
4.03266017447236
1.00033336031849
0.318618086628511
-0.786626409202557
0.321536767516792
-0.0672351070506046
0.33534674675551
0.63280599757546
-0.295954347162636
-0.337232712640044
0.0237205382302188
-1.33935799033307
1.16356815069654
-0.235930010607258
0.339299473865123
0.0763887003484779
0.198960734427606
0.558556029872864
1.10948141508359
0.560740898274939
-1.39109254927396
-1.83370276326366
1.14196566474352
1.56618280640459
0.177489333790959
-0.515198435466094
-0.876981449527153
-1.40398918727148
1.66014908714032
0.759761091873345
1.6074617415603
-0.180341282626705
-1.47351794822976
-0.49642811039758
0.586048753649312
-0.581109845355645
-0.151637625991242
-3.91824009981441
-1.00923990788153
0.446650175741082
0.812973217304876
-0.127168679724438
-0.309052490229208
-0.931656309110488
0.762063803054382
0.12055007574006
0.548306123837801
0.974713506456569
-1.30240753075052
-0.256755797488194
-1.10430537766632
2.31513182557642
0.931425921395536
-0.406204094552046
-1.22896176837448
-0.282357682177703
1.14551266559752
-1.60632023767562
-0.504090120481605
0.207931743021647
-0.318679719559238
1.3863139554405
1.56251309369535
-0.244623596895352
0.630203279410417
-1.42209984706348
-2.30949471180407
-1.35499920406178
1.44631311259628
-1.66029636482598
-0.476185916987385
1.06036040288425
2.25623027508294
1.09387541787918
1.179035999742
0.281264412371211
-0.88070504099928
-1.07247263764429
-1.22360465431108
-1.29310589540255
-0.532732787246099
0.39453178695305
-0.362575946230488
-0.300166351107391
0.184689020593783
-0.194104662264807
-0.665738402582577
-1.19086143420354
-1.33488797442754
-2.03792219939645
0.472903501306476
1.31836484917916
0.702503180205416
-0.883043809269212
