y
-0.036846045226064
-1.49900543625485
0.365789905113207
-1.36187248605777
0.221681426815279
-0.305448120845315
-0.0801752430752668
-1.05308786209914
-0.298759658077349
3.27321464055548
0.857192567411832
-0.238483550715882
-1.90465005456334
0.0559891505532655
1.15179475822845
2.48287138331463
0.790470726776269
1.94803727828095
0.713934758055899
-1.97890932952242
0.656804485900596
-0.677494355761619
0.204929055888464
0.507719393211498
-0.383891591851188
-0.475808144656965
0.4184418509062
2.09653945348169
-0.492977698978298
-0.569998948925672
-0.206037519323707
-0.675785306691971
-1.15046092675652
0.45752762889441
-0.18409110654352
-1.84652728347449
0.230286326554282
-2.12280339283288
-1.45097682122942
0.367620282351054
-1.1119345124832
-1.29758084686245
0.600433493740897
0.201310548898614
-0.39016613913818
1.10743389400626
1.7840598760541
-0.46794552956948
0.0613134474511481
-1.61932125677694
0.467576578618424
1.45623758430271
1.8279776976608
0.342458277191485
1.40395201142091
0.13914899466418
-0.223178005632877
-0.0309819359657969
0.731659322584986
1.70213567496671
-1.11443708759944
-0.0767871745297814
-0.654881531852022
1.31191749158202
1.55041515417691
-0.556926488751587
1.00942308855089
-1.06693276437162
-1.91386161716652
-0.157696388893259
-0.187893195134845
-1.21989144757766
-3.10755746230047
-2.20839849463008
-0.881016590594388
0.214202885568564
0.0168224879693588
-0.89141086624827
-1.19946168908961
-1.05377688062857
-0.54933325908847
1.88275959578936
1.77460849803996
1.45237770543007
-0.360138544925587
-0.485210592275556
-1.31354536265607
-0.161352116156925
1.29398708870687
0.242945836226441
-0.220974163476031
-2.19155321719263
-1.83000337425536
0.744721810351111
1.30338812259842
-1.5179718299242
