y
0.907520974067696
-0.706138806718566
0.628661004315736
-0.283260354254035
0.231295582355392
0.852034784305701
-2.64509083099474
-0.429233490416684
-0.819901202213149
1.69066094580195
-0.187804977143338
-0.635248777034355
0.991444917831531
2.14524814626719
-0.36653536806438
0.116927486193748
-0.81630106757559
1.22140727954876
0.207682885759184
1.09989820527228
-0.834400419798434
0.0589863305480243
-0.485093943758741
0.256164606082366
1.01513867530507
0.817762535374443
-0.90870454765078
-0.507694157203449
0.722826903445759
-0.526267835264117
0.496918783100475
-0.124535890983571
-2.6713507709255
0.877000108112628
1.29150216043126
3.10209851594825
0.135146103186532
-0.746056529470229
-1.0363486409717
-1.47469111460171
1.62487284212329
0.804753559923747
1.18149164355952
1.09892386872043
-2.20737579332213
-1.36924741854421
0.810357387003634
2.71016788931884
1.36593039091044
0.723622073136034
-1.11209878284075
-1.52114255553046
-0.619211454852194
-0.119664202592916
1.28158613460271
0.612177793233655
-2.24086524356761
0.167839619963329
0.66347747664901
-1.0023452265649
-0.224018378971339
0.635983081523921
1.77771276782366
0.742638693935764
-0.953569555892079
-1.67678810680789
-0.814222280192766
0.147977651792587
-0.846253017883292
-1.11193344107231
-0.493901136021789
1.99294565132661
0.668290632787139
1.66421504539578
1.40405630478559
-1.79982653534668
-1.19230455019626
-0.222013970401903
-0.495273681105538
0.159060948281482
1.05637684506178
-0.855118088684604
-0.158242931360945
2.06392397935277
-0.0266203038339252
0.629755736834332
1.36890022454848
1.17921371495769
1.18955487397389
-0.112133473739254
-0.49135066323591
-0.440600174996355
-0.514829397966232
-0.789931175878616
0.336030699328772
0.592920164936726
