y
0.120268071742745
-0.86841857416015
-0.7866199631685
-0.0784106293006377
-0.378193144188494
0.164510710917462
-0.871368887933975
-0.627560819971453
-2.33533826499218
-2.19643693406951
-0.920922087645292
-0.181930471319629
0.633072293356953
0.660986191963605
0.20328656267452
-1.30083448969532
0.541972876032402
-1.14677344629715
0.521368940009015
-1.11495231806433
-2.82039992738148
-1.12113753080575
1.40500035252403
0.935965732271843
-0.902959558439409
-0.782283726029771
-2.41580460107394
-0.897226420439437
0.0772247901722054
-0.099067246110965
-0.976629508602816
-2.69775688887466
0.571336974853271
-0.680004541663039
-1.34085193611692
1.19089355720247
0.0312504832976135
-0.290870074384053
-2.09869978220061
-1.47943521771816
-0.000622078501278711
-1.5250845510152
-0.806324437651529
-1.811898033803
-3.76888134510156
0.527473751705417
1.15520936961603
0.849461651649884
0.648237107906356
-0.65756263925563
0.662973539890547
1.15400218602316
2.01221386112172
1.68525169621421
-2.16956847114701
-0.792958546090492
-0.138696841396527
1.40424036480011
1.27802736251046
0.896337644777102
-0.581577934557006
0.975483319289187
-0.588533640681347
-0.559623626941177
-0.0250299181723487
0.288426754058021
-0.92504091483825
-0.159926183499918
-0.392749908454049
-0.101550975028919
0.732473862226176
1.14167325703105
-1.58284099580625
-1.03460957822018
-0.25871578385942
-0.325620306639092
0.265558380034552
-0.408146803853413
-0.273461695936327
-0.23450823004469
0.388959015564338
-1.29588805721991
-0.306278599649532
0.91039154546799
0.197425069702553
-0.476260744625224
-0.0438030545751625
0.757381633711028
0.349481569482601
0.867667678687162
-1.53577888228936
-1.18799553744337
-0.894557281390017
-0.343610201913521
1.17212805363378
-0.2822808872225
