y
-0.0703452457079144
0.041169023544894
-0.0666676630848703
0.125212997719586
-0.0853574814187718
0.989334265825702
0.0640283158337803
-0.181545480500356
-1.11398091612403
-0.812451852700593
0.0460718092549722
2.3643004879801
0.094514119751654
-1.37742273695648
-2.62173444310034
0.524216006673552
2.46370986781742
1.84667525189248
-0.51344846745152
0.81116110981272
0.732826650825304
2.29533433760729
2.50410428372365
2.96297761757793
1.10296112683009
-1.22243456950776
-0.618365235661132
0.422144994853732
2.94983146193683
1.91784548904763
0.576903951273569
0.519907278516622
-0.170388813658894
-0.296480382682664
2.12537400390114
1.7061363794019
-1.0016848165268
-2.08347091615476
-1.14258716321924
0.742837633197399
0.623721386493316
1.25853608688997
-0.0233216051975624
-0.215548706466358
-1.19772723972365
1.57463879926435
1.34679182915827
1.30973899021542
0.715411226283764
2.0910170179383
0.141211456525415
-0.00349511809387543
0.320551174408596
-0.13116862001012
-0.279986170512923
-1.79862729730134
0.0804270791579247
-0.747664491109466
1.30454407072506
1.46815863341221
0.263295850816014
-0.511004657908416
-1.22226734533983
-1.65009905747792
-1.53840329763874
0.478612379527466
-1.3012460778648
-0.648491966325215
-0.370575325429246
0.0170615939823925
1.60041394917894
0.236491293093072
-0.121603685872431
0.817077271087387
-0.787227974589853
-0.557211338080756
1.50818725846768
-0.184972698047853
-0.00129238576533286
-0.20340977214203
-1.93876824333048
0.0895178094454413
2.37584342744686
1.63759353167679
-0.943170740830266
-1.37418826516099
-0.886188524246644
-1.08662824324957
-0.633071082083124
0.369541839428757
0.044545681856213
-0.996303764971638
-0.135316752463761
0.36851781984053
1.88073322517683
1.32488655666957
