y
0.830755308008731
-1.13012140571065
-1.03690873037322
-1.65443081656814
-0.380176114097193
-1.34037985339554
-1.15651393215337
-0.23307790097971
-2.11240200785651
-2.24305153875419
-0.242750623471572
-1.28727944703263
-0.00866784384954936
1.14067056147648
0.569781253872037
1.02248933607014
1.15252464517668
-0.426649296080154
-0.68003966342936
-1.5777977556141
-1.2977400019668
-0.915558967894538
-0.807386560877863
-1.65582352698499
-1.69561421312768
1.00616869627762
1.83595076984102
1.02219259424134
0.788014769454441
-1.37730256800956
0.527375453747106
-0.711852291305493
-0.608594375512108
-0.125577870955665
-1.52855652091019
0.482330023237448
0.603274451601246
-0.773569706474502
-3.8101614283997
-2.31089814839279
-0.646869465617199
0.374412727252797
-0.0501611921412695
-0.26527398998222
-1.46517507753357
-0.118336814049865
0.308135178968424
-1.35973699880607
-1.8419917082704
-0.585985864274839
0.157048934044863
-0.861799812251127
-0.781166331728192
-0.725845947651717
-1.29429343152566
-0.497260841038488
0.192118712636413
1.58170857946311
-0.378712895780753
-0.713215960777875
-0.949947595290067
-0.922238375260256
-0.0476460016948038
1.02813125910286
0.115373153466327
0.118736796400923
0.0458526613495254
-1.08067997533926
-1.98220056278277
-0.163238633594924
0.0243690628223138
1.8271453894882
-0.682654235249924
-1.60968810801978
0.772412906795999
-1.26896588096961
-2.20000946850529
0.294459124658181
0.752818046038584
1.24757606252067
-0.260918995970928
1.620505582816
0.257252038167524
2.3759078182027
-0.516857394763238
0.0899247826115216
-1.17279533998667
1.01989210791813
1.56080785839439
0.538626413697874
-1.17985375551958
-1.80275793660817
-0.506612520967564
-0.0533004538582298
1.38887586903218
1.2177036004113
