y
-1.07947898489097
-0.912429845381851
0.473869757533688
1.0988548084258
-0.370417468860308
1.25115445260255
-0.00995061735498703
-1.2361386301506
1.07921763320999
1.9419880222869
0.354184737021677
0.64108448422472
-0.73528131047468
-0.075430556440129
1.98000889701117
1.76557860525019
1.02748655075242
0.719939257676701
-2.11173280275435
-0.580456840101678
0.879115710334017
2.30001649215347
1.23947271438825
1.23752617920114
0.737417487354308
0.693331734088329
2.10802465127393
2.10386389595673
1.918212725946
1.3226174987676
-1.0132462915212
-0.540929858500994
1.31929733120353
0.664069550713616
0.98242126633268
1.55440521733342
-0.90499560285553
-1.42572015113655
-0.235099584881062
0.567925658371901
1.18435097582842
3.24588642573976
-1.40102711461074
-0.487515502260071
-0.88231823135568
1.10655208021543
1.4663174779975
1.57733867951502
-2.11293986875063
-1.37358923219781
0.907726105249574
1.53848822173775
-0.744492101820786
1.00209469610809
-0.760574974979272
-1.00103613311677
-0.03248606016657
1.22810630888376
0.890143856960263
1.31728813550691
-2.30918167355578
-1.0729253481291
0.643485432975327
1.59110236919402
-0.0833710579884099
1.91559783333971
-1.35387259185119
-0.780589729253754
-0.382491797352978
-0.575246041918767
-0.657044361709021
0.434697977780996
-1.74714561236937
-2.38076221534472
-1.99189769246585
-0.123713119413843
0.865507419692971
0.934579769096643
-1.36334175415452
-0.456970153006838
0.104185215184074
-0.346184771364774
0.830746836554385
0.229704380415858
-0.538988313678973
-0.864357531283452
-1.24507497758253
0.163877086970792
-0.698766919700152
0.708149849334432
-1.49361180818146
-1.11020602282528
0.241782400509333
0.496071877350493
0.787948486501112
0.794566879962713
