y
1.19502989598835
1.2277036229508
0.744081767605996
-0.904294456756535
-1.66773283970848
-1.05278782644117
1.3086737354515
0.479636436505757
2.76961315478667
0.71611255736848
-1.1482342607074
0.338472730456817
2.32331788381633
1.08394637049761
1.521628931387
0.445407081744558
1.24896074857887
0.663667678646248
0.0159776168277563
1.40929832030331
1.81218186950552
2.56617079572091
1.36101168711892
0.554475751400365
-0.635963549912019
-0.477455224157397
0.742700560055281
-0.125562738175305
-1.57890465810225
-0.799832208719852
1.11155706292039
1.60688970805874
0.625654112540696
0.1734297239641
-0.353197377220807
0.47225342213459
0.918825440774863
-0.557708917326613
2.48140352106768
-0.61416458428595
-1.65987403949366
0.270219710415904
-0.515708543055658
0.82958590949504
-0.773637168854302
-0.299273558916767
1.49653002430651
2.2466483316567
1.07438979596209
0.167515072396783
0.340485789232207
-2.16908500755045
-0.000717454943834461
-0.318903005096232
0.405679113773516
0.458256586585661
-0.22506560688517
-0.25607676076601
-1.31446000837395
-0.432008418971357
0.757060306087202
1.46269452482757
-0.29630593661232
-0.66307283293029
-2.08834526558702
-0.849853269950633
1.53401433795515
0.951611322320378
1.90783899539044
-1.08076874878096
0.227800952186564
0.293474731478105
0.828087943814726
-0.160279479278642
2.17240501776021
0.753927872539949
-1.5195056514329
-1.98106162203418
0.558118429892148
1.29912320515429
1.49839072338183
0.175307895147781
-2.0457041013215
-0.019869609996026
0.125752977531088
0.604824548310357
0.374384712088688
-0.533486999205529
-1.15444457946234
0.103208699869034
1.1534140398887
0.0619233995279748
0.635508630960892
-0.0287499332182726
0.681191497908796
0.519200942759753
