y
0.343283760369869
0.198331528526456
-1.0107751854156
-0.630371358353944
-0.427588204310781
1.53322437349896
-0.438014771418385
-0.29812885059091
-0.38211719981459
0.944386064652271
0.838876566772113
1.38388201705588
0.299751421474377
-1.34012812282397
1.09191553669784
2.25127650915327
1.76415178027778
1.19301490121456
0.397513395081966
-0.781429826201882
-1.46573003663043
0.0804176140632526
3.53285052067081
3.27882968577638
0.940195846227989
-0.321184698924553
-1.66020596770703
0.333804519765097
0.931041425069346
2.60265695959277
0.941254557402861
0.493076877885084
-0.680338057303429
-0.121052635708791
0.624710078463259
1.6193431969301
0.622492018669329
-0.617946677412986
0.181212735924434
0.119982623747112
0.0857091586060062
1.71680308245277
-0.0239655225730185
-0.584665348340881
-0.676101517079515
1.69436056934656
1.6612057117309
2.90456487270449
0.253847020713397
-0.652041650220101
-0.701379926121599
-0.589485110052856
0.80715488846097
1.74600806409036
1.24358786304325
-2.12571599187356
-1.66301210136056
-0.828574569950389
-0.687568559879615
-0.170698269799099
-1.23578886349569
-0.740739820550816
-0.712549196347134
-0.405575084489857
0.537521281150723
0.394469031487923
-1.55875968872347
-1.67349367599402
-0.0594561235317747
0.543984219429384
0.864775831990848
-0.12083902823068
-1.14337240164582
-1.69566640743392
-1.2692145436725
1.85552776122635
0.701365071174632
-0.344180901565114
-0.137747593203244
0.189681025950229
-0.958917849351243
-1.45379443374717
0.156899447062804
-1.22337028756351
-0.404263669281702
0.151717132916677
0.782368845024166
0.947887450985085
1.67962929627741
0.0960727949859241
0.325477894310438
-0.291892058002335
-0.912229873820381
-0.0231352119694094
1.20533471142565
1.33450034170456
