y
-0.244013804592499
-0.450828772793694
-0.991600877430107
-0.937857318387289
-0.948202908949933
-1.60408756227924
1.84589243691547
1.38487628025876
0.409439153253479
0.143570465572263
-1.9244778675445
-1.86056111734999
2.60659964494857
1.99451205119179
0.890050965717042
0.843029364600657
-0.565208359971592
-0.558931536398944
1.62072428150892
-0.296856539898911
-0.601032819690545
0.0616945357292574
-0.55398558557717
-0.290571882606555
-0.222655850650741
1.04519764214066
-2.16150358885032
-2.88249986093438
-3.21826083472252
-0.86877934606844
1.39613585846877
0.860667255453711
0.415373888589855
2.31907202198644
0.0807640122868309
-0.933808759948737
0.507215518420853
0.484506891763467
-1.22067556514411
-1.12402613470066
-1.06993483906585
-0.529917412480822
0.696487432718417
0.156477103969238
-0.617510269836113
-0.494037523245501
-0.554720137338976
-1.10840366524799
1.38264964988302
0.0361380957839335
0.4420630648936
0.400514421713814
-0.22040439993064
-1.47160993195003
1.59093094207239
1.47201117718369
-0.165194236744289
-0.367047170974924
-0.0447496081343948
-0.584022362541765
-0.652201075800893
0.00264240045584462
-0.962779935004172
-0.580112604858308
-1.04327883857289
-1.77596705916309
1.03366972869562
0.776737672929287
-0.329010745216847
-2.19346638535879
-3.30479278414729
0.0339105597583998
0.184987865876604
0.817363450776824
-0.574890642852849
-0.212883526720477
-1.95652742817085
-0.586781190275363
-0.244991957161108
0.162453498223534
0.245739761240753
-1.1052557251664
-1.0153093790934
-2.10352346449669
0.652271780291753
0.107469858810229
-1.48815194375985
0.984340797602615
0.494764020457349
0.320484233515588
1.00714563693966
0.549518691596582
1.98630818190383
0.391688867823157
0.375709447938715
-0.410991364226126
