y
-0.222681722538337
-0.471815316026415
0.641062327669643
1.77711266030587
-0.319460136170962
0.129177588168124
-0.893625594626953
-0.781394738238955
-1.08691469169577
-0.586093015297606
-0.561151383731904
1.27133459552637
-0.93842927640441
-1.54415229341034
-1.27474351217283
2.32348899563775
-0.47505305868436
1.97793219463817
-0.766153462665575
1.25134520433649
1.30467934293969
1.36961094447923
1.33671525690389
-0.856691832471348
-0.00553108269008651
-0.566214762512236
-1.81890221915698
1.1033838176518
2.05513692131899
0.334523220078064
0.407946488838457
-0.313350340722071
0.172964200917801
0.546909456777912
0.0990843655293048
1.17679078520096
-2.00572494845749
-0.567166515276848
-0.488274721874442
2.52526580550187
0.076373523967368
0.326772040963777
-0.112837363385844
1.27423170972594
1.38472995760052
1.66661994861366
1.28934718273651
1.2898395804566
-1.8973830671444
-1.03153777530882
-0.553956993492748
0.211589955912117
0.150031934299246
0.379734022694282
-1.31388914060454
-0.684710555944759
0.289311985416395
0.616341235412184
1.27713420512925
-1.02477386991607
-1.69914529265119
-1.34870915079729
0.80526978574346
-0.223706705863538
0.378116525996399
0.651017849741516
-1.92081281990042
-2.00247399937793
-1.27974164500102
0.156839522217756
-0.441533714095215
-0.215919005305184
0.198840251448952
-0.439493974806423
-0.392892310619431
0.518354220157206
1.01679447177944
0.0963588382782087
-1.11226037982079
0.523414428548636
0.053304040113042
1.34310087440472
1.78545544534826
0.0232781296793541
-1.11366992656119
0.739486433450571
1.66169462457094
1.69383408905052
0.0935292152352068
-1.49684008363282
-0.160647829516578
0.56780153890616
1.82283350136191
1.15038937315037
-0.599352867704334
-0.896271448989724
