y
-0.399823673462271
0.751620239902696
0.738275865959734
0.800304448686409
0.380999696645935
1.87939787687611
1.19409664156515
-0.506139218800166
-0.581046028141292
-0.577159730511604
0.123684081726972
2.91879595225185
0.750694316029568
-0.740364800135029
-0.442953422502389
1.4800188522819
1.16228330867251
0.537310448378798
0.627644449586986
1.01767218302498
0.521839809022286
0.935621396122112
1.08641998932129
1.09441516397278
0.185894205747254
0.686733703016224
-0.59252727820938
-3.00354320293515
-1.49611017174386
1.27858075917584
0.837988627923513
0.45429500141336
-2.34764539803787
-0.243644887897867
1.33355374698229
0.652332967058032
0.121620401469689
1.04045297684199
-0.930542770332079
0.696522596428862
0.357668654978462
3.12567313527026
0.499993838288803
0.535748763157699
0.0192596318691177
0.408799232795845
-0.605985821784161
1.52732206960029
-0.152836932946297
0.293057279879811
0.17930158251565
-1.43073332293217
-0.939155922976273
-0.782616148950949
1.76046550492888
0.0790342290441014
-1.14298186790508
-0.6252245776371
-2.36526748307966
-1.10492269281235
1.18558282261974
0.494479773039261
0.501672491697843
-0.387239545785472
-1.47261018482272
0.834192692713555
1.641498593919
1.01921856118888
0.730821292074023
-0.808896135489833
-1.19540014108237
1.29457456807329
1.05566335990263
-0.567917538938798
-1.01306976795324
-0.00272942144605359
1.12718262793467
2.49007477204252
0.235170742309653
0.98779442529353
-0.128709752932886
-0.246426729008481
-0.564280021672226
1.44729934736053
1.34929097172627
1.52004934451965
-1.30451280796951
-0.86911857972685
-0.104595087740245
-0.925640526857066
-0.275577172542665
0.0684469788343102
-0.408087271717987
-0.826667713054787
-0.547100743599435
0.023638217109574
