y
-2.18761633090186
-1.34304283641019
2.07820096283881
0.975310844028726
1.53083672492475
0.888500621787133
-0.649623827911268
-1.23558377363336
1.03419821223096
-0.558171916386258
0.271335465314286
0.920202332558681
-2.95259630049768
-0.352231649802469
1.90917020948927
1.28975567829498
0.183955328772978
-0.134012671298275
-0.942727774176834
-0.467297115854619
2.68609067949102
0.830588938996158
0.819200592521786
2.20644510364708
-0.987408257440239
-0.90422053473414
-1.31317392111397
0.284882471264769
1.73278646439974
1.42278755759008
-1.00543864289187
-0.423855732271103
2.81793626227901
2.16897064583786
0.948275856587517
0.612377401857841
-0.851476107590387
-1.03254927857868
2.17826812014627
1.53760717998328
1.47863583666824
1.8015273883472
-0.551292528546403
0.310031601625698
-1.0794731541588
0.779333958183603
0.732563506599707
0.129307124872804
-0.0660952494246949
-1.02060563698999
0.426626272313956
-0.631452516903292
-0.386702771709256
-0.950005388087021
-0.932032525530095
-0.0688836253549479
0.659016444307014
1.23500124704504
0.495587924414023
-0.621636615851744
0.854794778163844
0.645002438468949
0.538178001984041
0.112988420362709
0.235805420364555
0.639689807202322
-2.52835671666557
-1.68399116358768
0.849797590966758
0.69992091703642
1.61574378536884
0.234606154964302
-0.654057200291932
0.52987764926187
-1.65022542197828
-0.0352383828727845
0.647106633186221
-1.17254914136296
-1.2917739154096
-1.38296301753985
0.418189947403142
1.57790454296673
2.85400705283193
1.34773218941796
0.369316561293329
0.910219171652944
1.38463641180682
-0.0189279445040283
0.0460392577114518
1.11989659255745
-1.29531978525059
-2.09468983752878
0.381527039510278
1.81233346234936
-0.333521816277902
-0.37664804018683
