y
0.579691730149431
-0.405804555414715
-1.19118271916614
0.458204918298377
-0.0421362273510562
1.7557985609687
-1.6416511495288
-0.850391712509981
-1.75237166754407
-0.105570321459358
0.109506272124657
-2.24871186596105
1.65413731860179
0.704900917840113
-1.45647309963088
-0.449677924768376
-0.0601232407509175
0.645429506050569
1.40394575862336
0.264674339100865
-2.86180042094775
-1.82666624226495
-0.241958120843265
-1.20959531977825
0.0797770471764075
-2.30255367801998
-2.16910388719718
0.223830108709955
-0.197603482484851
1.16513360086401
-0.0910088415474848
-0.348137426391007
-2.44243403006062
-0.939821848944172
-0.0483635965385202
-0.188152080009567
0.347009951356578
-1.47364322002021
-1.05523741506762
-0.131919962429225
0.652083474383133
0.0984392691887606
2.90911015003897
2.36054742950128
-1.79303755475779
-3.43958588724143
-1.89447986237267
-0.514540759075024
-0.662308701475819
-1.06306138522278
-0.275499486670942
0.0288597744646503
0.435942078328521
1.1210864109419
-0.748474796453241
-0.287308086042204
-0.217597509526492
-1.81875115969959
-1.19044067757485
-0.32378217768898
0.956026646068901
1.11192136686819
-0.858793892981822
0.957127402400147
0.802495866668232
-0.22454090041966
0.815513282522445
2.35101765763927
0.123677466513013
-1.05259753476865
1.15575904276853
-1.41938264027781
-0.529523393621207
-0.169123202789873
-0.105281401660731
-0.707073539753086
-1.08248208607046
1.02891166504257
1.41499307450277
1.05078534813388
-0.549984707510045
-0.895825624022995
0.882422029354099
-0.835591812780347
-0.483385509824486
-1.53611031882065
-0.604630584833345
0.0640987239857706
-0.431106409381785
-0.738688920696566
-1.0420767769235
-1.65211337151258
-1.37187139271376
-1.22267230559775
0.167099350872826
0.669746707658504
