y
1.45670608340552
-1.89943349197394
-1.30796475293975
-0.0112070668191137
2.32300217548646
2.18937761788187
1.38400675791623
0.944485746959123
1.04236238827039
0.632441077787081
0.832486286717852
1.52595135150158
-0.064394541015901
-1.2917191757485
-0.751669799143503
-0.143533007938763
0.61982355408061
0.153144879171173
-1.33571928152432
-1.26503540398613
0.647525427270559
2.66492276402255
2.06700371993439
1.91143066496602
2.74971114069612
-0.737157886391482
-0.392197528439251
0.307656051853264
1.37058561166159
1.00390120507124
-0.0890050668106192
-0.716543054542895
-0.329855986496316
0.0692787303833472
0.986402277117312
0.770516513215311
2.02099568423696
-2.34711034938436
0.342602898410167
1.73087368390234
1.34648716433338
2.62428710448406
2.04749376001287
-1.20342323857101
-1.98180037896939
0.760919223953838
-0.205986984595924
2.4076912455621
0.544481769471479
0.280446161664702
-0.0391400956798602
-1.9038602640582
0.24908067813386
1.73579496427266
-0.306992230416496
0.546028136048077
-0.264497708319739
0.511460204832972
1.95387991777484
0.0773828683696255
-0.00668610311557993
-1.54357007786693
-1.10046096126318
-0.754884835232417
-1.08148936737363
1.77021617386632
-0.0108419198291678
0.664417786869623
0.567235500644353
-1.6603577167607
-0.370470332543964
0.211593187822357
1.25771220866867
-0.456776453258455
-0.675321900564733
-0.731237294521896
0.149983788383504
0.441421381958882
0.597790539011635
-1.03187521778599
-0.282757443829679
-0.923158433548478
-0.299530020756281
0.943089619524561
0.0914364409170156
-2.15804713702321
-1.47156807970941
-0.850266710107265
-1.34669170093346
1.59769699439338
-0.780102987524594
-0.0245104682897043
-0.418202024057591
0.991142868479435
-0.00404368669861133
0.25076496728681
