y
0.669889812113385
1.45003336953823
1.80830454555722
-0.276002098032237
-1.34692936268458
-0.740844484626028
0.833089229956984
0.702757874192371
1.63551940128066
-0.512693905148569
-0.139021770154549
-0.35114538113591
0.625231845077212
-0.904461370354879
0.1562291003852
-1.4732259600647
-1.18123987774352
-2.03292282255394
0.015063925002639
1.10698319295228
-0.464934911603844
-1.10985004246604
-0.482257124618021
-2.8228619942985
1.84626178515608
0.167129746205446
0.487398694599792
0.356081890800649
-0.848959671950967
-1.93618913309607
-0.684257533087733
0.176888826411131
1.99391939555093
-1.24088551111985
-2.15718316637409
-1.70231076078392
2.01086712073513
1.0118077339405
0.48084628225699
-0.845400943918145
-2.40525730465851
-2.29098025128048
2.14061052756174
1.70850900053607
2.00019185352743
0.118141202588028
-0.0698193790960079
-2.28269549816236
0.94460831720793
0.590432844489752
-0.332408401061085
1.02323920461502
-1.87176146949816
-2.44353588336218
0.668916696651013
0.252758314647703
1.51350411421338
0.0133446810050998
0.149296845742296
-1.14219500583084
0.84476465827316
-0.343848188553362
-1.06943014027931
0.497787194063583
0.862269076554757
-2.0238582634462
0.689647038047699
0.0736568426571795
1.06861288828283
0.647600831769292
-0.418339828651734
-0.685694665574106
1.08637485643998
1.8086641502968
-0.0463864588800881
-0.683339674532841
-0.463735883035969
-1.31941649027747
0.882310920383276
1.03941062940429
-0.622470009643772
-2.26835197644837
-0.235616956887589
-1.47082861700043
0.0883776786767546
1.8008176254993
-0.339817342162923
0.365666780969768
-0.236740924738346
-0.66451878350764
0.572031518567607
1.09556346608417
0.245259963402666
-0.13305467739788
-1.92397123521663
-0.661401349358835
