y
1.61717150397187
0.77676698692482
1.41593056039721
0.198313810110372
0.297795435018757
2.18331334885669
-0.647326299480032
-0.190643170744839
-0.551985077329962
0.206800932469281
-1.02841763118248
0.845897076838606
0.206156604776522
0.0927042889136391
-1.61433587143515
-0.282790283895225
-0.73185624965538
-0.315399090020069
0.424948845525975
-1.87243239188459
-0.676895598588181
1.86369002570047
0.559939675404025
1.41476313535614
0.556337983446215
1.2679026226294
0.871130606501528
-1.60580966846536
-0.486672675244354
1.24284067425224
0.591487778277223
1.07295398999909
0.752089662004076
1.8919704047136
0.894385318339553
1.87940762238678
0.175062969018549
1.12501477132772
-0.609686579289512
-1.26451937689672
-0.136795755842879
-1.34375463107725
-0.216695088450803
0.152632722304979
0.92756154047673
-0.108622595043233
0.338783924515077
-0.337700838530737
0.858735736926788
-1.18776976222167
1.35979261727277
0.753928570623853
-1.58769363045207
2.20819525155784
0.646495880908699
0.644809144194205
-0.18881069819558
0.667760252291494
-0.000632859607977876
-1.1706374278368
-0.694776203503937
-1.22453665612755
-1.25501119514593
-0.236304341130672
-0.850360371525033
1.60434099172517
-0.497670814839775
0.521595288741583
-0.0588839730815294
-0.505320243454451
-2.88389141329935
-0.920388633086994
-0.949505995656102
0.802715401902374
-0.0241865583541603
-0.577173037784219
-2.11591225251916
0.512318865488037
0.911467817204533
-0.129212824923053
0.709110320609405
0.667458089856006
-0.331453196125731
-2.32475973191804
-0.380276031276826
-1.25556076920716
2.77152251571708
3.09980457068988
0.610393241943468
1.29653549239852
0.617331065100078
-0.304363147018647
1.78930794175969
0.0763555820960998
-1.45244276857575
-0.458862705148125
