y
2.08296851100613
1.3694552639606
0.0874962979307057
-0.787514662381721
0.88203415652161
1.72799380764213
1.2727981966074
-0.827851648378992
0.457548790505924
1.14441140730537
0.319727430959673
-1.20495810363255
0.705849988358642
-0.355630012526863
-0.0564733538354665
0.547981460832654
-0.548205584926665
1.29966223097898
-0.234209401282776
-0.393888094475535
0.767476724499822
0.649050658237575
2.3649479010294
0.594336257757631
0.253830574303275
0.879472565047994
0.360785517888318
0.0854577816665258
0.574797433189022
1.97240649982111
0.344395414946492
1.4654859512604
0.478539864270706
-0.315697074126976
0.385934726512744
1.26791148352767
1.64896102884836
-0.607939902390574
2.10441850515769
1.10429762548833
0.0168267594165239
1.05028695042515
0.984844580686746
-1.27608311648429
-0.937563710805818
2.22799065684168
1.28579694931871
1.29724072537399
-0.549787246682426
-0.639234005774757
-0.265983115311922
-0.428297049709201
-0.113969794569005
1.85279016913461
2.73411900833157
-0.00452692093433393
-1.11703457664836
-1.74173845752764
-0.896622284613896
0.102816919925665
2.13497863912049
0.614931622984713
0.466387249237109
0.913782945352993
-2.33946711487858
-1.62433788056171
0.0797774570329278
0.88350251510864
2.5247265126054
-1.23701602822803
-0.463844591698791
2.2755586452901
1.98822686781143
1.070436526193
-0.771922675481688
1.34524828412057
-0.661455592733094
-0.897244518530632
1.23518996923649
-1.27312490709823
-1.83649916725332
-0.921223479274091
0.899525505852786
0.386556012993431
0.234750708725816
-1.72913505751196
-0.512246547360275
-1.48878661042595
0.0354004548025242
-0.572188238364358
1.18232374100713
0.634634669479113
0.141465493408022
0.311916842421578
1.24365994004931
0.459684620017404
