y
-1.6534903147861
-1.53803122018447
0.20520650616184
2.9621648131119
2.31870094456161
0.383506372578855
0.46232610354297
0.135936797089055
0.145625342527914
-1.04202144360509
0.016068251079922
0.221954847543949
-0.733279095821756
-0.158853600533157
0.949192947973798
2.0000299028374
0.803357799340203
0.362360747586134
-0.813900322877714
0.00360159770541063
3.52647396214283
0.19606559973365
0.807435101886768
0.83833309490617
0.571559003309313
-0.263344413702697
0.601522490461565
-1.54399836790007
-1.87203112732819
-0.53628743321649
-1.16062365565078
-0.177878289290717
0.737347661304579
-0.444229319947402
-0.47129384488056
-1.38289925426881
-0.81592029847651
-0.35738033498489
0.835942895387047
0.9916816849339
0.358401975470015
1.32926941082163
2.31633198092103
0.626196143488994
3.24586833115807
-2.34649249047789
-0.914448279500966
-2.39269377331329
-0.270655557161422
0.317056133790184
-1.03159297322348
-0.629852053566362
-1.32869543486956
-1.45779867690588
-0.496662684110829
0.276988063841738
0.249515535150177
-0.646806588652497
-0.359409541572142
-0.840522255623738
-0.0550591953258817
1.70693433096507
2.05454681962916
-0.301722449925506
-0.890352103635073
1.18977394448722
-1.77856321566065
-0.91530891556975
-0.813735212877422
-2.41070748038159
0.139887624868299
0.333160985792042
0.597461420632276
1.76243376733908
2.47881023320447
-0.139594482334443
0.604851079938114
1.49699029520058
-1.44462379687136
-0.510873645582027
0.00250883296074544
-1.58950277398277
-1.17291975897029
-0.225353057999679
-0.348433143571741
-0.595907276883099
0.788684862771315
-0.334995688280826
1.75637737438437
-0.245072986399119
-0.998350868247524
-0.375155013398479
-0.498389098509879
-0.830658285113347
-0.120232591599448
0.933142198438452
