y
-0.813329502387915
-0.234452302616439
1.62284430787197
-0.0225375008045173
0.0390960828913651
1.78393732232554
0.0399159393476288
0.105021856918296
0.404008320905099
-0.770202713806332
-1.03837187298099
1.4159651032933
-1.608403475664
-1.52776566635259
2.62042474373288
-0.975925779256852
-0.370723897280058
-0.16863279552804
0.213785293508249
-0.293775503782044
1.75975137525188
1.53377760856352
0.847532049179763
0.672719610153217
-0.917401454912629
-1.0792827725975
2.35341082794164
-0.46825234835705
-1.67746518198665
-0.87263663264477
0.168707639794865
-1.61181864053839
-0.873299982557137
0.757196167865642
-0.847626960754823
-0.622246966851909
-0.356676223566077
-1.60271987440976
1.13823391758886
0.830240048850924
0.120918946436929
0.585732626739256
-1.03746520136845
-0.0899785240763492
0.773295512244855
0.0156768520351893
-0.434201220448634
-1.05552519264229
-1.59398346045517
0.948420216527417
1.57740260395718
0.803970597610339
2.46279100374069
3.37704947019738
-1.28977724935404
-2.6660928873781
0.297290524171014
1.01233814081542
-0.906908625113285
-1.83442182930532
-0.890281828510394
1.55286244993395
1.88913262254865
0.334349159241421
0.119190255439001
1.34765852090647
-0.99782538321479
0.14926548519943
-0.931846621722884
-0.0442470254108528
0.975115645932024
0.71241816779753
0.576078318073097
-1.19612731343483
-1.42561617675083
-0.366545776699295
0.947783665743899
0.815679071768827
-0.634137617202816
-0.536138920664498
-0.532087618417649
-0.159838456858772
0.318699023685185
2.04962046619325
1.65163957650058
-0.586336936060566
-0.00301360449604016
0.371132846698021
0.964636064031742
1.58253327254118
-0.519698755199976
-0.511080615760261
1.56628220326219
-0.289411354867492
-1.80083048907739
0.501089346173417
