y
-1.60652380524017
-0.631496910860259
1.88852206760381
-1.05557190327321
0.0738912644270998
1.59040932228918
-0.696818038563681
0.0819838969808624
0.411968717360657
1.77041679568575
2.14023131546197
3.27045809987068
-0.176344731740736
-1.09031860343712
1.04994028298925
-0.775490754091293
1.71413551861255
1.55631913399655
-1.88342733066511
-0.0308547826191244
1.04356766159916
1.13703827208788
1.50840921243513
3.84126678686957
-1.48225198535186
0.51396339690357
0.270766846159345
1.6346798051303
1.18406155683004
0.723330147410772
-0.781207172038448
1.62243086108835
1.20207382486299
0.206047198756142
0.143100522990483
0.259871415759552
-1.31596517738442
-0.62585200564964
1.99359931764902
-0.216183164585314
0.624765934344114
1.83442731212971
-0.347577876385892
0.325422427661852
1.53127799262586
0.369174016597072
-0.097122540684797
-0.765471479313192
-2.885955032889
-0.0139400694610989
0.44233800866922
-0.330483606489379
-0.195556817583137
-0.213260622410822
-0.978207068986339
-0.0349428751671947
0.84588123795822
1.62841563562208
1.43260228515073
-0.587794627411677
-1.01380770175426
0.211300038595052
-0.666004477752551
-0.585703784625789
1.72568866128573
1.80823772126585
-1.20495039794858
0.149185116327351
0.121431035781215
-0.234980560935341
1.03532922900544
0.560675151512761
-0.381901951564827
1.87046103796089
-0.0291757343249589
-0.720163237452547
-0.457037431779745
0.107731186353308
0.26708926471139
-0.256210841351272
-1.45011473429804
0.487371855680723
1.26590553031431
0.59879475998384
-0.334828344994285
-0.826013060145318
0.215070002221408
-0.622840459695589
-0.415398545817408
-0.24145075176951
-0.697523176965843
0.244261235450559
0.751470281184808
0.00719904753456879
-0.0426336472195955
-1.11269997802819
