y
-1.10094298662976
-0.695788806231272
-2.35377952246418
-0.17413580945784
0.511407512779007
-0.547205666841726
-1.32794699613675
-0.943669181545711
-1.24692278072628
-0.773522193433291
-0.753324623500431
0.421381386380799
-1.00860239131419
1.50016292066958
0.0932325405047787
-1.6039390412486
-0.0100236240061857
-1.16868533786312
-1.32388895209485
0.568258080094822
-0.511728346490067
-2.68678454084891
-2.03243677651531
-1.88108895514819
-1.95042177163881
-0.426356534492663
0.506959003978172
-0.536989216738686
-0.705707450145227
-0.899802807061627
-0.819255842656138
0.894467670500393
-0.650137615939858
-1.00945967790838
-1.55217784472274
-0.963465721413296
-1.08204561045422
-0.37290875006225
-1.29353602093087
0.358764665426119
1.08785077914981
-1.98519524870367
-0.438246878771057
2.18487985729196
-0.498383808030767
-0.884366025208209
-0.735566160721871
-0.845044366025255
-1.2295857815645
-1.072684284949
-0.325436248613846
0.291455951477369
0.222107522620171
0.530337116794167
-0.836639718584314
0.696059242260522
1.18686201779429
-1.23455391727698
0.355551225981251
1.71142752571534
0.0963790230398449
1.21962612446403
1.01090147588342
0.811202389058795
-0.974318508270329
-0.38966167048065
-1.27039203892406
-0.13046091907307
0.624269520360551
0.584324897130314
0.245033457212007
0.704830869300165
-1.47283845484288
1.88241788749785
1.15697350250937
1.00199089838715
1.06015745564707
-2.04726904881256
-0.64406108768812
1.02737839459121
0.159474186588032
0.260273951509886
-1.27437581375004
-0.350521484015726
-1.3997622449368
0.806536029980693
-0.49133415310039
1.47316965896997
0.922344000538055
-1.87097937116203
-2.03002556514146
0.146051497511523
0.908994656635613
1.32884263258873
1.18678409594407
-0.937600116128074
