y
0.228346412108998
-0.567082522566988
-2.10617494251812
-1.64141257695844
-1.68792446445688
-1.0966151775538
0.164233607372865
0.301971761242776
-0.701198589401314
-0.995782187171043
-0.495654299844937
0.30463700084226
0.30880828929189
-0.894109267428347
-1.61184174490873
-0.984999396994114
0.326121094230557
-1.74329464212113
1.16891464667013
0.345673918303247
-1.5752246461337
-1.62037568760171
-2.24672079358318
-0.917323004536283
-0.381115796570323
0.84842337437428
-0.865989630391363
-2.23016150104732
0.0122596928516367
0.283256227709449
-0.385822494818524
0.282671023512233
-1.01657756518079
-0.689449549676146
0.0699939391870738
-0.172654372527749
-0.43569649950441
-0.241421899839222
-2.70783305087884
-2.31395224891191
-3.01807826933177
-1.82543863158222
1.56914683462249
-0.252449284181398
-1.59863371592791
-1.59018636727502
-1.63100684596647
-1.37357339230129
-1.56931530637435
-0.0915157858127937
-0.874497250835999
-0.272960654160046
0.581834512451119
0.385149690402431
-0.565061850307839
1.79580606940177
0.285386508140574
1.05935198474331
0.744886496843403
0.746711667274412
0.74706467918277
-0.253764939916034
-1.76470325079693
0.140727315351188
-1.21316642748727
-0.346904658566833
0.223937289373436
0.824968873179086
2.89847594422001
0.974035419324909
1.2704808767952
1.04307133143406
1.51151931635911
1.88113144675848
0.818342575310499
0.865334652023879
0.503511050538799
2.16248184863959
0.421486505602933
0.199970699166332
-1.20623472708893
0.244700334524779
0.332130689741848
0.208424629075787
-0.119068321609234
0.599397853193942
-0.255644835069409
1.8303710348266
0.558085414396139
0.873485023318946
-0.190051373139089
-0.718761859082838
-0.284386961684388
-0.343468301497985
0.550573923137832
-1.17891104346674
