y
0.124652796910447
1.51100779820388
0.432602048491489
-0.94187206840738
-1.55001548739156
-1.10979436800316
0.589078901308089
0.562898434552556
0.866922899017478
-1.69844831723788
-1.67064584041373
-0.999727512927501
0.164887155021058
1.05777418967202
-0.710466584328228
-0.347901067326543
-0.640081573384652
-0.857198553793813
-0.529572590797835
0.305304000477578
1.52033498321328
-1.86708655591837
-1.85498605458642
-2.86661852717186
0.439019955130522
0.0803019718781072
0.0920138898062896
-2.50612156877996
0.354799634180582
-1.6556534539165
-0.655293445662254
-0.161250100975061
-0.86462061422815
-2.14268733364373
-1.22677359822529
-1.86996023985338
-0.631753774547989
0.837628965056477
-1.34553425168
-1.00212048715804
-0.16132109260596
0.750309517626179
-1.13599974024536
0.0840897898902777
-0.00896946661586956
-0.367560010982358
-0.13301637372445
-1.1482066264408
0.173271239092462
1.30709557849597
0.395895906930031
-0.481266530720815
-0.687893732670474
0.0282501344913748
1.46091060079717
0.211751448704813
-0.86608983174917
-0.248089660685395
0.353447163818883
-0.582584977451819
-0.671691097964877
2.21086064124881
0.311859877776396
-1.17367754403378
-1.55287707303202
-1.10268997929119
-0.731456472442586
1.99583936829357
1.92737713518203
-0.369329075290345
-2.49991129804747
1.40395866890815
0.224544636636698
0.0945682999207336
0.589905239435035
-2.3872007677772
0.137378379989655
1.05339462877607
-1.29095030007147
0.970793554050919
0.203661991279292
-0.690002010971104
-0.469101830859431
-0.349707001949129
1.12202479010258
1.08723948844555
0.686445330287685
-0.108729353480217
-0.228952629196421
-0.618387893179672
0.549883812129736
1.52198202719885
1.50801031695374
-0.0651993646916791
0.0765881169301826
-1.73201694125321
