y
1.78862749864097
1.91998633904078
0.0957255486798574
0.227251643008859
-1.03863539137031
-1.12771995674722
1.52982808481409
0.570626261962482
-0.257590509054766
1.09650219093467
1.33166219676386
-1.00167729422236
-0.668974471339589
1.06539950519009
-1.31824208657905
0.988612259662753
1.37392407841903
-0.226680739749939
-0.310900095324566
-0.870275059130491
0.280972158841693
0.160130175156463
1.029726196467
0.524228292779043
1.0282799717036
-0.0368616200570604
-1.81945075049393
-0.531736177365726
-1.92515397617039
-0.853047822636602
-1.06909333769749
-0.944408222202668
-0.623121136935063
1.87159669527032
0.415534891797881
-0.23100332655339
1.65784763785134
2.38044754736355
-1.49861223352568
-0.44922145737186
-0.613139963072506
-0.566997159922363
1.3928491080051
1.14318699623836
0.298497631629996
0.507359573563259
0.142787851687498
-0.885103575392668
1.89528091572791
-0.600042683099323
-0.456104139586885
0.494440546122612
-0.744012605484132
-0.65160950114889
2.2668958448644
0.161489027586895
1.99811084955135
-0.544141346056767
-0.968701287034386
-0.978115161409079
1.93820913094805
0.714756992807226
1.1914163367082
-1.12699248893705
-2.41595108229359
-1.29492193406432
0.150002303976022
0.378358710854216
-0.861644364788608
0.0322712340294473
0.499574485110983
-1.02142882898878
-0.167669036232047
0.226879914203635
0.295991516388267
0.219445532297457
0.236981346548595
-0.411715199275239
1.79025357730334
2.0496882053439
0.673189714518054
0.239350641587718
-1.47546896317369
-1.68604716797311
0.836985167629374
2.32183525775352
-0.72885885485658
-1.68122709269595
-2.01372002586564
-1.09071996958751
0.386698792431494
0.495510264709221
0.652769095226913
-0.339391690228068
-1.76590093201315
-0.0797360475834293
