y
0.809339109087163
0.872107760597449
0.254074813096984
1.26154600320195
1.9946529460732
2.6737963236572
-1.17130871342154
-1.01108886590294
-1.86719311145075
-0.890600001740555
0.513939127156892
3.8200002203117
-0.889019494834241
-0.709858007423406
-0.0929959298534689
0.478879240938483
1.24148299085709
1.51396781111272
-0.327577249931396
-0.13466423917926
0.847593433261858
1.32221957683094
0.819513675235344
1.69821812136712
-1.63736713951092
-0.243227420983813
0.610596378648475
1.28522659579741
1.08468853423953
2.06359567695301
-2.87070284078996
-0.665737567770001
0.865179858785875
0.641429010369865
1.12565772549121
1.45604487599245
-1.21034750920553
-1.35336215383069
-1.37680240381367
-0.30503950944656
0.980212003498338
1.63658950298562
-1.33533474920735
-0.80040067061978
0.582237775078999
1.10673371411239
3.08740170589995
1.04079640460641
-1.17661822549667
-0.334948239581206
1.0119670119702
0.176423756936933
-0.310491086711026
-0.786692253675831
0.179300401849263
-0.817016400528442
-0.425461727797549
-0.86967916907377
-1.78767673256148
0.103370201429065
-0.365874906931519
-0.857041760046459
0.897565805365304
-0.902128934472985
0.998575664059842
0.670565845878486
-1.71997378016866
-0.564270464367256
0.621125527261686
1.20303609175736
1.01644066974246
1.10959989966178
0.419129142273701
-0.32461645269307
0.200747073360524
-0.690641558294932
1.60934881379097
1.06474508967939
-0.543753879976135
-0.33419422840477
0.863224769926295
1.05798475662312
0.0181507607632048
0.314733655173304
-0.61419697762181
-0.727225370601629
-0.451561710156624
-1.55303633237911
0.485410662421846
0.516808866329746
-0.320660509844909
-0.347257297604662
-0.726931570137623
0.0686517905095504
1.24182421543933
1.95583645302307
