y
-0.27028922663825
-1.11876666349254
-0.752663605141638
0.457921993304245
-1.3117218126779
-0.566573295060748
-1.03196190202773
0.649846612356953
1.44938682581421
-1.55885573486847
-3.51179429819709
0.222622012380185
-0.495354250121321
0.110546346310202
2.85031280776743
0.509973854957193
0.94737872622344
-0.557293877000596
-2.69342180352526
-0.793093574038466
1.64794885514855
-0.343246938170928
-0.507929227719985
-0.924022493845515
0.375420837265014
0.686577329079869
2.51546240315778
0.0804517049382177
-0.643471794287463
-0.171169704873136
-0.29611515992033
0.315537255999397
2.24615988210115
0.559374627333062
-0.194408753335151
-1.24107181641749
-1.27497520648402
-0.174144897420458
2.19755942070899
-0.643480086240217
-1.34290532664485
-0.695761408101926
-1.92360823057478
-1.16890106188266
0.371045118233596
0.14815980175531
-3.23820146841071
-0.825954333031561
-0.585522819213548
0.0188939230065985
-0.182122540506504
2.22369379708617
0.87103988713259
-0.288763130177302
-0.566327464999805
1.6136985148431
0.683807697353028
-0.621858860747934
-1.1041324637743
0.303888204102667
-0.833948393377161
-0.43468134558388
1.69095164964672
-0.117020182161828
-1.21591324296212
-0.304696766942853
-0.543043984081248
-0.0583699309096353
0.528435239874538
1.07160655797713
1.15234756928576
0.673798240268903
-0.162097688911563
-0.39917084625135
0.723685751397591
0.464936032769236
-0.673843306494621
0.468056999316661
-0.781068685930341
-1.9709924260097
0.0649965361288666
0.919182525887098
0.732398121711924
0.175096096726955
-1.13115526487161
-0.533895696217595
-0.298755188900955
2.38760562274768
1.26657320618333
-0.0607539921250586
-1.43227607604699
-0.546968257661319
1.65762820514288
1.13753968686354
-1.2226967427391
0.0710780871258878
