y
0.887315627630539
-0.269859311202436
0.26060595939325
-0.899387494961855
-2.62731553748489
-0.474896068596019
0.373856918874496
1.54603762649046
2.25643680950986
-0.543317725692607
-0.13726331885685
-1.3241730281403
0.307522971261463
-0.604663765372387
1.87149285176603
0.184001722604167
-1.59005149110913
-2.7779078690635
-0.367810585294837
-0.293451267867988
-0.0907726329672892
-1.4796263110827
-0.826270386252442
-0.962556777330488
0.393657486975586
0.154473662879656
1.2220136449543
0.00245505016375092
-0.588962148121239
-1.22252941569229
0.177971743971444
0.497241149059868
1.30466005473661
-0.126593819157969
-2.18189239779715
-2.12242204654356
0.593918521450633
1.15823369495264
1.49236938645831
1.70845108877565
-0.662550474987104
-1.12874757830447
1.39347917217342
2.22239045083252
1.07992040128607
-0.0112577612299127
-0.242154252988692
-2.84617504392765
-0.671837814904928
1.03721656900611
0.108307508477039
0.187641895657927
0.244096230915336
-1.19481483620166
1.47413329332657
2.72809893890598
1.03435964708382
-0.238189996986461
-1.46733595793675
-1.06856697536697
1.75460913616393
2.59822972454538
0.193278771606627
-0.617959128435208
-1.82179950581956
-1.92351371596586
0.23798471999181
1.10671421982994
-0.700303293980521
0.489156192172809
-0.667780037316645
-1.17734763285036
0.593711518059075
1.96245655696375
1.36118063491037
-0.747985780895108
-0.203840595449344
-0.409732401542793
0.217786427561588
-0.438503961529599
1.51693913692133
0.18283559342051
-0.236277601644073
-2.22315683895255
0.521525140280282
1.7034728597225
1.24553919738903
-0.39385819066923
-1.03415479974435
-1.15464386761279
-0.582854347268716
1.3491156419362
0.893719468831944
0.978083535270485
-0.627151938119139
-0.716429800917543
