y
-0.13210109338925
0.917577841224418
-0.739379986567597
-0.797378412720134
1.70129447388848
1.91934706939416
-1.74755065247201
-1.87283744196527
-0.659024944741286
-0.364552068686348
1.07226108145037
1.26943447008397
-0.790712841792062
-0.622095308905116
1.1996386421376
0.329941640837552
2.03360965886241
-0.295743127522769
-0.49304052491062
-0.560660003339682
-1.30299963439547
0.565555981461942
1.63543736487265
2.05162792952443
0.746054967181069
-1.06255212532091
-0.623177105137184
-0.0486910881541482
0.204275963158562
1.80991971647998
-0.174017404061345
0.706166176913775
0.849541015039824
-0.195742536669885
0.908023961337539
2.0277078300819
0.255322310169608
-0.783384303609702
-0.576834259323748
-0.452971781937438
0.265875374386166
-0.290370307691271
0.0239422205395689
0.657675468068045
0.355657150291457
2.03606481525558
1.7454795968642
-0.0873232093327807
-0.980651188802354
0.184561588051026
-0.256027755891254
-0.497735424074171
0.354496525730495
1.67603071005598
-0.0222946684347555
-0.642842419491326
-2.40512363326044
-1.70716431455515
-0.2690160343554
1.2062176627211
0.585239452185517
0.0266434642592579
-0.131204471857353
0.0455509097583733
-1.46770370758074
-0.471442540917328
0.770394858878345
-1.34204623396548
-1.49184728440126
-0.0667627296450178
1.76475893236006
1.96518067857521
-0.169655245428885
-0.556524833842891
-1.11779882742241
-1.0024398857302
1.49952077356658
1.73277227547808
0.19769033112619
-0.248006676800456
0.00433826594761449
-0.693468043427406
1.39663583824488
-0.919205285543207
0.256891415487195
-0.443909438096823
-0.669396390090357
-1.03450940062952
0.951550398076734
0.388136652684608
0.66922479250592
1.40230046794666
-1.15986637640501
0.61751391725105
1.85168245949884
1.51480191085442
