y
0.384517235898397
0.140070925761028
0.681724860417454
0.993118816993927
-0.979337573683061
-1.71133390908757
-0.0534818797893186
3.35126745267701
1.21625618736171
-1.32507483038405
-0.349539966669456
-0.904099314099942
0.55379960702315
0.282134284602742
-0.319978499228565
-0.25725579802134
2.42977799599128
0.318069615932401
0.51395234187244
-0.280101878931774
1.23885629887262
-1.82464362782155
-1.65488321975634
-1.8148450649708
0.734308205184846
-0.268489402473325
0.171880363050789
-0.815041831221042
0.788315167565492
-0.940194393647
0.865975493672513
-0.053519129761048
1.35779685944616
-0.807442738671532
0.32428045551434
-0.190285698477594
0.255033469811413
1.62913084103953
2.50216643146284
-1.79783888185307
1.02916718350298
0.235560487500778
-1.22352653201764
-0.0866623619594855
1.0074438925602
-1.33884549015054
-1.28433892555763
-1.20515232650962
1.31539658667262
-0.957608909491062
-1.59868813382928
-1.23466656992624
0.0556384442703984
-0.516372349608052
2.12105114657485
0.902829652313725
-0.112127627054136
-0.625112931242313
-0.672606575540609
0.0638486921573096
1.64817515151046
0.523581177627583
0.539151631728922
0.792969820746541
-1.40614627201265
-1.99931161072725
-0.119094682815935
-0.36325428497877
-0.395178815208894
1.32800604443654
-0.140857370451218
-3.031190592775
0.290556553465475
-0.983135350883824
-1.11351464907495
-1.11988688629586
-0.206584755763214
-0.0233034406769899
-0.0270478533876546
1.25587230802056
0.511109789508224
-0.327512600134092
-0.472624074755479
-0.656123362276701
0.00218237244940689
1.58659177864391
-0.450927547625331
0.39704371264157
-1.35415045970269
-0.647216781495892
-1.82977834315802
0.316719472968696
2.29403137732469
1.32507026952899
3.14300999444514
0.146039230560166
