y
0.749512492895234
0.869409636789112
-0.852740432623746
0.0632898562407903
0.531672342494482
-0.685700842736514
2.23375094277329
1.51260329765241
-0.706789875531819
0.196139412934153
-0.520469154262136
0.353443335117235
0.638528626964915
-0.00629568059173574
-1.16783480383246
0.851207286457827
-0.763718291626152
-1.10331320418244
2.11196317561718
1.88990442811823
-1.32517854677808
-0.885544542050263
-0.72462580138858
-0.709521156508147
1.57080930306872
-1.95315743806295
-2.75504218689233
-0.0621142774698072
-0.652379733116209
0.784505761633235
0.804844935066393
-0.773122568948133
-2.51894548796483
-1.48114737783986
-3.94968119929368
-1.07450840323919
0.927127501815104
-0.187934628900646
-2.30732493678611
-1.5004136996098
-0.10526906853632
-1.27124612134916
0.658686564055735
1.5551219764024
-1.17540480687011
1.32430605837974
0.220821982089206
-0.139101856178011
1.25146166064166
-0.677029392977622
-1.29895080877076
-0.549819197930747
-1.14730229978686
0.0326239586203095
0.991987726871443
0.129948197626042
-0.638645251583607
0.219256122690236
-2.25394420800775
0.465383806848788
1.90873875009379
-0.687344019228038
-1.10031649872054
0.513416643204741
0.806825101483755
-0.806794245495237
0.527469358433649
0.861725608570033
0.946178014593674
1.26746309130639
1.48940717437193
0.86678121167057
1.85522142115098
0.247421372692387
-1.19580699419889
-0.447903436676177
-0.365436998860678
-0.293422184179844
0.44633424234241
0.376853683278564
-0.861494432583013
0.689889210360633
0.109868160664641
-0.405136879130122
1.91111488548238
-0.508547514570549
-0.776998958470604
0.118750245838351
-1.30949343689933
-1.4182860791989
1.42309574169302
-1.66155844343411
-0.480736074393956
0.337722336697685
-0.926304196109462
-0.0610944157924584
