y
-1.41476674267371
-1.31439071013808
-2.10546448328953
-1.43383156647875
0.406409103081757
2.56621095882275
-0.552654475186521
-1.36839444430418
-0.722316601999122
-0.538681973993452
0.602758807484888
-0.473629224492069
-0.0287444200923114
0.937982086499141
0.123053979571373
0.356432777426716
1.09853398051771
0.519179364674798
-0.529893629809193
-1.85535070404049
-1.04350932822967
0.220870020178062
0.429530174175693
0.253934075316191
1.04293759586406
-0.718852566015802
-0.967943453950362
-2.06406853415054
-1.30188706981292
0.191754973017093
-2.67890650392211
-1.52067659662846
-2.2380854509481
0.246758360503087
0.0244828629220312
-0.465321226243406
-0.281681710886975
-0.356870012409124
-1.28940927343346
-0.78200307361708
-0.553067346599015
-0.178733867695771
-0.868472376287941
1.37042676919634
-1.93794939006226
-0.338379907242731
0.411932711097139
1.44078000277684
-0.338292528828687
-1.31744196000365
-0.846369219636958
1.45544500520444
1.14000730486934
0.502381028855828
-0.413965193621868
-0.334666340537743
0.911395026862785
1.12572502315598
0.26880127017594
-0.665451872071249
0.107086550385316
-0.333954539122628
0.309482201237151
0.818617712261264
0.909768896589321
-0.472303510601921
-0.741494988483639
-0.756190805135571
0.620663228897019
-0.0589225678002397
-0.563384701618786
-0.564279369254389
0.298997143341308
0.46764447725538
1.97872312759387
0.773242328086803
0.547836334556194
1.88962223997447
-1.78171254759065
-2.78455374504162
-1.102443141618
-1.19082695273624
0.0277469109508681
0.618340144220757
-1.63610653681201
-0.140486552148503
-0.69142107955185
0.382508655541195
1.28248262213577
2.1101273441542
-1.44346436033316
-2.63217757697148
-2.06708540331685
-0.925197411175653
0.772191499603565
1.01075116431934
