y
-1.11697202357265
-1.23475268575015
0.449772048992493
1.21246966479822
-1.16837471240895
-1.07888995553506
-0.744611046504105
-0.309628885731213
1.0366144709439
-1.52725116602197
-0.541262918038521
-0.61695709264801
-0.284033628309462
-1.94090536921789
0.253972326086762
-0.55246372072278
-0.498540413970406
1.68944857501148
-1.11906158071211
-1.76931773957193
-0.781689844194348
0.428649089902681
0.187880820751063
-1.34714059241618
0.926930910710233
2.79694841726702
0.862836348090929
-1.12833919813487
-0.598002421624762
-0.728597030620421
2.21204917685854
1.41764522331774
0.638314060203309
-1.89593966475464
-1.70557136845772
0.876038871914724
1.56668735358443
-0.242281924564147
0.0431995006525581
0.578596585624492
-1.90127048821404
-0.886592781963597
-1.08715306871106
-0.955360461250368
0.0290003759197081
-0.235435184014971
-2.56072537066958
-2.48190160193185
-0.899094906338711
-0.374716177649161
-0.201850637309817
-0.325100345919092
-1.39138217339214
-2.1339357823304
-0.0271192085310985
-0.0506146318707021
-1.02032732994839
-0.881614975469909
-0.20430520520873
-0.575048388646393
0.934272036815272
0.642445276194734
0.00714009853808217
-0.00419136489973962
-1.8131379954395
-2.51617314061885
0.41984133470124
-0.0294096162643951
-0.125196189389047
0.184126332895391
-0.126197578598662
-0.36972133278731
0.0186563750861779
1.21615134366966
0.743682306821341
0.309994900897892
-1.87366512301951
-0.0849196916405031
2.44231405465015
-0.317499220536069
-0.428953737841052
-0.695959384854679
-1.15546213453594
-2.29012642490608
0.833686633170483
0.382675114803527
0.342186752735724
1.19285075477123
0.112895609397858
-2.23978582433445
0.949267593071067
1.79908555866179
1.19400025410547
-1.42483067768307
-1.81052129726665
-0.484913208927145
