y
-1.50471979205688
-0.702228340852171
-0.717152417550371
-1.54925309864335
0.125177396292999
-1.87533819510612
1.4021454381951
0.868984782681816
0.307560999653928
-0.35411730662557
-0.686676835034181
-1.78855885198274
0.925666701381899
0.427732692057772
1.51104201042005
-0.882952967119653
-0.426768319831907
-4.06323184327553
-1.25619365573817
1.87806351876618
0.0511517967920209
-1.23374054204706
-1.73347618202138
-2.06158181953958
0.281042664428626
2.19716533857947
1.59961193049372
1.05637570164455
1.08895876279809
-0.349678717268654
-1.11437011369414
-0.382816506131935
-2.73397224385404
-3.42721469756096
-2.15722830931616
-0.924404765332631
0.23139378255098
-0.074581396639039
0.0138531142311532
1.151434081072
-0.541306810187451
-2.62286948465137
-1.14549471551317
-0.479437525244183
-0.596014831591015
-0.930423587063331
-1.10795385626472
-2.59021377653132
-1.01737830165491
1.05663772673703
2.46532358437246
0.709077661261527
-0.53134762169017
-2.16267233616807
-0.501826268063862
1.60089004979805
2.12877059650015
0.209713380223632
-1.22100010073702
-0.838863328802262
-1.0838278422424
-0.00827637508542989
-0.374434508036919
-0.707981113615625
0.237025989429693
0.705145244831358
1.17604906295146
1.04633002542411
1.41548769474614
1.40569618854497
1.05131753207723
-1.8126551819666
0.101087477935749
-0.413967119017092
-0.296777148922047
0.354271959632837
-0.658878091476502
-1.57378077981395
0.1579973877191
0.393953347909575
-0.0671832521806078
-0.335443667284623
-0.96320871182477
-0.238108530757072
-0.503185940545125
-0.49843255601477
0.828715616885231
0.294383084545745
-0.904375940205497
-0.461845425156075
0.0948213622888996
-0.0753538266325264
0.306961691809055
1.37289757037712
0.771719471940593
-1.81077418292
