y
0.0178095872854632
-0.632770643279747
-0.373254024707663
-1.77858168789666
-1.70525043643035
-1.17268386226378
-0.394870691043255
0.640637594064471
-0.330979549444545
-1.49883788659523
-1.03319769553113
-3.26658603300561
1.45135892522208
0.666625951585117
-0.123097918377574
-1.01225373762429
-0.113947082800477
-0.797415542310724
-0.776876125298196
1.41797899345373
-1.26957940178458
-2.05574149610975
-2.36730748467562
-0.686009419133816
-1.66026928798425
0.207021097067139
0.0304221454284688
-1.4732650315954
-2.47205001855668
-1.53021870353827
-0.127778173379313
1.35411937501789
0.239904987643897
-0.339190540713958
-1.40775666773549
-1.26438993921532
2.14076434538186
1.37132987999618
1.46860760154659
-0.37532490235955
-1.96678598224935
-0.364770912380267
0.166455534734378
1.94220486149029
-0.275170469461146
-0.908458426976834
-1.17824500310857
-2.50136542366469
-0.563721585618734
-1.4357313973104
-0.458307186474164
0.127841859150145
-0.245611611279738
0.0254545745401754
-0.245150288461415
-0.753433495413557
1.0598010406062
-0.584768261577606
-1.16728641281927
-0.875310186954091
-0.863619223110217
-1.46636458848659
0.890638315511455
0.217008412971476
-1.23173684210406
-0.163544705850881
0.746521372943704
0.378558199834742
-0.427099120514045
0.286177011357075
0.125480277988202
-0.435320888553579
0.701609220025277
0.7228165338658
1.18370499113586
0.224485723055625
0.618838337974888
-0.495805379138443
0.581682377849434
1.67850136464367
1.41696738914069
1.16065917039868
-0.670191231409382
-0.272123195843975
0.566429166921473
0.754091628030295
1.07352274256155
0.161597874590009
0.0592578706776262
-1.22940441359764
-0.690067354854251
-1.09832138663869
0.116465266188765
1.61244958630306
1.44838650160261
-1.21485673601888
