y
0.744690611723561
-1.37529501588304
0.355134979312647
-1.40643207293369
-0.45324092043635
1.54423328340937
-0.241553801517913
0.000282461590513788
0.944160058943582
0.67197291370945
-1.12988206157133
0.68740054660985
0.127321938654467
0.0816217768956004
1.57261217938752
0.313930752538451
-0.676268805267186
1.76206187612351
-1.58160998502509
-0.0143375194760932
0.790472122992556
1.4844904985536
1.3986976390712
2.2266405172162
0.910813137935043
0.177689538398602
1.06171371310354
1.5498664928117
1.02038191072359
1.41374984893577
-1.60196157142568
1.1414495625267
1.44533954651715
1.87185230605623
1.06706834551159
1.16801024927643
-0.853714550714916
-1.03393543585128
0.582102896552015
0.479910285908502
1.21824201443281
0.481455529989658
-0.907040849030708
-1.06836796993835
-1.17181655236847
0.890040438126445
0.673840549751793
3.06370245465373
0.565158666439832
0.329492979844449
-1.41205465867742
-1.00570385155381
-0.813991408750108
0.527909322613761
-1.20291661654385
-0.843064941687775
-0.471544898257383
-0.998975267459914
-0.129697931286852
2.52960283133215
1.01442655089093
-1.10118212167711
0.488807034530601
0.780026509368203
0.58017331886212
1.04415465077808
-2.72544352496242
-0.753628555824147
1.2339882090666
-0.545308783733664
-0.228150763353659
0.788079609226333
0.206845657713748
-1.42086443620051
-0.715062691050814
1.12141487169089
1.56592489446146
1.29084262728796
-1.49534420980009
0.137021322273325
-0.602145522920272
-1.06191349142722
-0.663474268784991
2.26569707169257
-2.34559979514682
-0.278705701428683
0.402970330193809
1.48478449890549
0.814124948840576
2.11614905678704
-1.11000369077177
-1.88356657882912
0.208323737746703
-1.11328151141614
0.144399232763542
1.88206031664332
