y
-1.92387253374931
1.52864325699493
-1.10834088260294
-1.18155623201867
-0.576878821381542
-2.67082751499884
-0.914366767427543
0.786412127969595
0.728031172471385
-1.42177210849795
-1.36746534586303
-1.7866904751909
-0.381863907737563
0.00734468674696626
-2.27699326423761
-0.871018100047221
-0.366655475963851
-0.0419159982692274
-0.623777386014504
1.50563616074228
0.210853147818537
-2.46225488077145
-2.03732071624541
0.181800626782954
-0.255815730132908
0.26272805410013
1.31824844242064
-1.33559988627525
-2.18136543195866
-2.25369540034422
0.705191167925138
0.185821066520277
0.992263424935084
-0.154673959008074
-0.675863032330096
-0.27688448495492
-0.278724531930455
2.72822013915247
-0.109444465089407
-0.321503160508061
-1.14108487731008
-0.128288937672912
0.798939956502948
-0.16161664165902
-2.79214094858992
0.083016322962451
-0.0472064889749087
-1.84952010167884
0.979421363594959
-1.15993252449846
-0.399323380268673
-0.948968494749509
-0.449230490654519
-1.18818176125761
-0.669062427460317
0.7439146106007
1.81298691222732
-0.333413169509445
-0.737208358473485
-1.6802587304464
0.656117442584261
1.47906186633542
2.72396148185677
-0.399328772009889
-0.400152189356564
-0.678443710248757
0.954869013650397
-0.223534370369599
-0.22656917812371
-0.765033821914784
-0.868676933889506
-0.534225658832026
0.191358129731661
1.33396600465484
0.602093613689063
0.0534643347897198
-0.315784043022013
-0.419429082538223
1.10279847458252
0.8514602674744
0.795418322430131
-0.744879012590947
-0.741127300406492
0.0338096098262017
0.207979020859247
0.446158098492841
1.60343115847755
1.09195927609165
0.0210263205372822
-0.978295919186867
0.613849492914511
1.98330926279925
0.613080221001331
0.194337747999546
0.544408731400367
-0.480973227542569
