y
-1.28664823990105
-1.41183241157304
0.689582028958212
1.78431076698207
1.54987376517184
1.46942652164651
-1.21622360463731
-0.373091583482504
-0.119116977611432
2.66927616434486
2.4730259635278
0.678505938217357
-0.889908419054618
-0.25217604675466
0.642210153869073
2.35316007944687
0.405502670308589
1.8980730624177
-0.366158543857849
-1.03919475099373
0.320117708045344
0.70672361236894
0.193482877034336
1.46791105519587
-0.468393111193919
-0.698857410258377
0.379266245606169
0.495970735616621
0.664701325892079
1.04561550397011
-0.906221818658285
-1.63720142574716
-0.768375976085891
0.239105535480923
0.85689687004246
0.729329225887977
-1.77869470399533
-0.751702591726121
-0.0193768946086731
1.05628785750889
1.73033939296147
0.35574345538359
-1.99309163133176
0.0196852593300542
0.560491176247176
2.84141133393383
1.93541830227673
1.63523803336015
-1.45740261753641
0.0509889947356697
0.961165379235639
2.75208495424431
0.282000393391649
-0.61911927412275
-0.863466515174527
-0.299311953653232
0.319681483466848
1.77934715841031
0.895860572895654
0.0519972188422314
-1.88669230561636
0.318376169283734
0.930821852563989
1.06939708788858
-0.322994657275619
0.445288409339975
-0.957640043021582
-0.52238172808077
-1.34554974106053
-0.0896478988890001
1.97632388054688
-0.22971449294
-0.0550750372058597
-1.35569620535359
-0.819342381086649
-0.561038716456234
0.478898855023971
0.551463563264828
-2.38550158687298
-1.18585612710581
-0.255382939000644
-1.16444830448348
-0.3750781085862
-1.12054313014405
-1.46017153645258
-0.131242106635593
-0.0120518214141828
-0.00360469621354498
0.517059600193495
-0.692365421399439
-0.712947354028741
0.267094480654538
0.818838772362521
-0.917242799612398
1.14989044732935
0.165635328174351
