y
0.232375933757202
-0.292177936047123
-0.800477048738609
0.800007632830194
1.42387464619468
1.10075769318388
-1.11945281004095
-1.85040140666429
-1.89372926162512
-0.846403526253735
0.10046531810634
0.664230637269597
0.534223954254629
-1.09044002802979
-0.464550174265416
0.898218897195942
0.390555061884918
-1.1944005697637
0.416541398442287
1.23308138525455
-2.52142890825779
1.09846064741395
0.419248247379235
2.07871280461993
-0.05443575227758
0.857035152502825
-1.83580825350265
-0.498646265106799
-0.0967692771941194
-0.288948885794351
-0.738763240257619
-1.80976830827415
-3.18622560039161
-0.502383298191208
0.0492488450582664
0.422185561411469
0.534848787739703
-1.10235212927682
-2.31831148585704
-0.0126486417211826
1.50402304000649
0.561914924541399
-0.665280588938796
-0.347412350854121
-2.32095994854694
-2.32284121691423
-0.17695831352214
1.86606740532803
-1.20714531592753
0.333988881624828
0.364223973063954
-0.664838712068198
1.35550464163008
0.529825861645112
-0.605005291332384
-0.845398930647879
-0.110011138107947
0.351933761307434
-0.042540359019481
-1.68352254849997
0.333336732107112
0.309520517823656
-0.712674592457244
0.53843514079296
0.579251093350341
0.161782483272922
0.885779978241501
0.316018935742326
-0.886537583801489
0.386097572968828
0.0280746078780222
0.754958494931736
-0.277635363565977
-0.621014454556359
0.378928640307662
0.737580137184988
-0.243362493993382
-0.522692865758235
2.45836582738155
0.171899602299475
-1.51296885558101
-1.06586482164108
1.21821718380069
-0.0301437573427622
0.932005594545483
0.681576515490171
-1.6638409259519
-0.260714503068112
0.65237835131145
-0.243373864095392
-1.24131127155154
-0.739242195906703
-0.245732685293784
1.67901601488507
3.16827213546007
2.36714465612775
