y
-0.761218201518803
-2.03280986629784
0.338967242576456
0.512721634771854
-2.2615972016484
-1.34019298781831
-0.823850396340487
-0.617507768332604
1.28627190445905
-2.30374450587201
-1.79201941110863
-2.80481561733716
0.180863030041539
-0.808514028231253
1.19573662151639
-0.139671226579217
-0.272549870637943
-0.684009082599852
-1.83536646995689
1.06146855327618
2.59232681295469
2.72939029957467
-0.547154709049911
-1.82006391233095
-0.0432381174645163
1.1249168059339
1.48260841726089
-0.529918317311918
0.00546352355841728
-1.87226900780425
-0.796839464102463
-1.26010575528209
1.09034622262351
-0.888857664776104
-0.91988557085942
-1.71241165097805
-1.10357456482017
0.817222424304374
1.58919067875498
0.336651892382053
-0.143729653936816
-1.25310155837655
0.678624803923359
0.231822587783918
1.40069938003617
-1.82632432064628
-0.420763046114083
-1.08009182990572
-1.24533706898547
0.36222093341147
-1.26478158585292
0.163865310789945
0.596958516116833
-0.807829900377604
-0.37347930765056
1.34864793543129
1.43118457180148
-0.105279063513193
-0.215134228841016
-0.0787602977601414
-1.24145218958085
0.35427129597494
1.4108785608853
0.39643541112715
-0.809517986408718
-0.385093921470386
0.791239312498845
2.40570514489151
0.160975227855677
-1.61547433057311
-0.809857249268413
0.703472990088136
0.572784002407652
1.28822826360206
-0.628201563510052
-1.48636451765495
0.671258917712314
0.635396852890056
-0.0620141877579815
0.0358081086611332
0.920437726593516
1.44551414161449
1.11926832164187
-0.222484981023204
-1.33057208077775
-1.06720334143915
-0.0449702809862665
0.13245227724653
0.436828439852379
-0.128107320024656
-1.12237270292559
0.638714739953693
-0.78239431929816
-0.129964372430873
0.49250543093782
1.4253281646329
