y
0.163518370103158
-0.754380584588094
0.00106473535486007
-1.4827326869203
-1.54258843225915
-1.21487604366466
0.854306425330699
-1.02169159205712
-0.241770389872225
-1.81773734988741
0.235492399526805
-1.88325952584508
-0.103764910325984
0.0440990415819477
0.952968996684484
-3.37778685506684
-2.57345027395157
-0.503851790720997
2.04689351103306
1.1917382055259
-0.405838936587232
-1.59540248513048
-0.276828451252876
-0.460293530606016
1.45418651614226
0.806383678357177
-0.205874410993372
1.06926737305771
-0.010660839230707
-0.105874854105557
-0.0794268606581022
1.47517307552133
0.565237321138583
-1.66402596134488
-1.26932538108438
-1.08152105432586
0.673746330101119
-1.45338118882288
-2.97161928623097
-1.78229810833008
0.374676304588335
0.247693816746176
-0.249390776096832
-0.29617636304458
-0.207429155298573
-1.83142155052265
-1.49821727484379
-1.4527809793189
1.12061075651382
0.772538059846562
-0.163093149137298
0.599450830725807
1.54963273044321
2.40470181121998
0.859074180779539
1.19902904801971
0.581824233835444
-0.773042777858614
0.681990362256212
-0.487482669399817
-0.340348519697989
0.677535124811673
0.475053535793463
-0.858808749930392
-0.761491543764634
-0.446418814639648
1.54577446840766
-0.917011620998409
-0.228142742898185
-0.229566408084924
0.0568733848335362
-1.22763033961728
1.81345863757713
-0.432575870922048
-1.01417099819535
0.38655432797925
-0.17215142374362
-1.42435074685178
-0.534210560442615
-0.0536872511390326
0.722530706683821
-0.557244870483197
-1.17117796598101
-1.00786502610238
-1.08064319354753
-0.821457203702227
-0.401119952547737
-1.21045369226221
-1.43473953286797
-1.89761013126449
0.645212100292252
1.31699335319075
-0.411182291853803
-0.119297097826836
1.8042260797734
0.0415975000402635
