y
-0.0656195795688436
-0.729299075679568
-0.554041448346029
0.213913539714594
-1.21816951149667
-0.252308381632394
0.896685668281573
-0.449836736410269
-0.212968639820102
0.348661206362876
-1.44559811470025
-0.303337908480801
0.359793608783954
-1.15927934519561
-0.468715568861437
-1.71532227401344
-0.705097705265981
-1.22315684389034
1.89950054732456
-0.184655471639919
0.43499919174889
-0.0769012850636854
-1.46033328414958
-1.4548874202116
0.443680045037894
0.527980761991765
-0.134843227174474
0.860532028879144
0.354505647564926
-1.53014988123162
-1.84942094818146
-0.988402710576489
0.207149869353762
-0.748285000771665
-0.746798126662139
-1.87861164018405
-0.708428940411714
-0.534830065187401
1.00897631507179
-0.283636472734476
-1.79878100417383
-3.58045365352938
-0.38807666694182
-0.51033871380106
-1.19388883867963
0.765687992531474
-1.63860505508355
0.840940029676863
-0.0237681363317167
-0.955959853956995
0.0919515014921306
-1.03527710747005
1.44739348787655
0.453549843360927
0.117467875612735
-0.46439580402586
1.61727201202
1.35054026133878
-0.0774499507857375
-1.40797137058933
0.00984766968840851
1.24433974991378
1.14646906828189
0.524208287423477
0.707964196346083
-1.28497984796945
-0.625374577798825
-1.72995941583478
-0.805901587599773
1.86705466283568
0.75370646710866
0.809120924067613
0.415671123509771
0.35715813636371
0.4024905867125
1.02557542106781
-0.622225548168692
0.0380240634069097
-1.3415009572726
0.618585403125523
2.64116686030273
2.90244551969343
-0.501271212727315
-0.999795048506112
-0.606089569876346
-1.23759565321353
0.194519921513305
0.422543683876355
0.366100406232641
0.153419851491595
-1.2527999425647
-2.19682959667742
-0.551825741704145
-0.376030229210571
-1.12489888684858
-1.49269279717096
