y
-0.823945866254056
0.118721016338091
-0.949048544239
-0.616458438006082
-1.47975482603407
-1.44702204800481
0.723378020901188
2.20064387865821
-1.78320869298169
0.248068393292364
-0.277367180766019
-1.67368831859845
0.0283715719686894
1.20838148329159
-0.783728738232042
-0.0125953419094639
-0.453211495790395
-1.14485187231935
0.00156109239377822
0.340545283948334
0.0252972041305823
-1.32301171967344
-0.969379166790317
-0.405705437813371
1.2783892670664
0.365528493050814
-0.267360652109493
-0.00368540316483396
-1.47384566295949
-1.92593616590557
-0.25541397545175
-0.11661322303548
-0.604536022905147
0.278160530693831
-1.34500199721098
-2.26698940355436
1.84630336510344
2.82389577988268
1.72043682261474
-0.463633982841323
-1.51128330109069
-0.35378163798264
0.772430472405189
0.545891776230719
-1.5560139467679
-1.338604631796
-1.30777398833384
-1.23280969235925
1.34067015554945
2.19994449368506
0.0809615303615001
-0.0373724182841311
-0.236731325743372
0.301550633961929
1.91313048482503
1.5002390782464
-0.163662793202361
-2.07899209580755
-0.383241379757935
-0.675940486489496
1.36496519378365
0.700149971839115
0.598466272605803
-1.65188696353776
-1.36991363617941
-2.03428226566232
0.529669552644025
0.835069444585904
0.849797854748017
0.158381059954572
-1.00685105096287
-0.834353189080064
1.62517952083656
2.93604507507275
-1.09608016266757
-1.34554162783863
0.667216376632151
-0.684376494598739
0.774698146764627
0.54134684952075
0.716079570404721
-0.503627233312863
-0.802815169698556
-1.27224953302488
1.40527242492618
1.92529584114163
1.85992733062977
-0.100175308488078
-0.855518412341611
-1.66799122839342
0.64450446627407
0.536778310001979
-0.190191719306561
-0.339109360505202
-1.34562320801971
-0.713046530275587
