y
0.381683650743511
-0.44391564884851
-1.3565716538051
-1.50659493770937
-0.946679045056697
-1.11979381833627
0.613383150017487
0.0482945217245065
-0.979903442049183
-1.96149677218553
-2.35661325256373
-0.24757362123271
-0.760069335322113
-0.613211569016947
-1.49035894643616
-0.71126191016238
-0.523968134041938
-0.628069969477143
1.67770727364028
0.425167901153991
-0.58549943725924
0.266611152341819
0.300135959995126
-0.575021633890386
2.17048956629333
0.0302320118703646
0.0325581881662785
-0.501829387775025
0.686125496937797
-1.48154313587645
1.06928633945862
0.557632929262838
1.15788065908208
0.116785235710802
-0.130039101066699
-1.85384265589866
0.874008901891978
0.640529693741156
-0.44801107037094
-1.70816217774405
-1.70789260928925
-3.02190096390159
1.44754038397554
0.505420925110421
-1.23965937192519
-0.909035461501621
-1.07117273294682
-0.940938787257929
0.570334978376352
0.507277291289258
1.33030720999286
-0.409941337545119
-1.08021564660106
-0.614236261554225
1.73690100663188
0.00543922098807759
1.2362205437308
-0.68082457238624
-2.37949779124697
-2.14126098924319
0.347271223245232
0.163100192994021
-0.243757056874249
-1.39633304216941
-3.14456587768304
-0.65584849582202
0.695326101615763
0.505753036643851
-0.630374213208157
0.20345238163317
-0.614139829805236
0.519031823180066
2.20571969968575
-0.353896904944585
-0.0358271822924796
-1.87064300799797
-1.05325783985017
-0.65651130420839
2.38791940993833
2.0241882296143
0.525628948834087
-0.645931969297656
-2.60615558013103
-0.792398488840687
1.4217960538034
0.237304061615217
1.19303467714914
0.567310659840908
-0.369560842361567
0.181290600469961
1.30448496597379
1.20800680231753
0.211507721026966
-0.16502315204696
-0.178827497247286
-0.217680520907571
