y
0.735523030845731
1.60564806114085
0.653138886550406
1.23817949581751
0.419309228105134
2.14904666262315
-0.180165384393342
-0.476785099858527
1.17103935953368
1.83563945037044
0.228027031180134
0.332404931462468
-0.613909514349548
-1.84624381991462
0.0975684891436035
0.30343029086722
0.327805455340148
0.951789154470003
0.436782980024875
0.501125654514606
0.197251396864685
2.22859897810505
2.54217168636209
2.92397519576215
0.0505582496964933
-2.15519181007132
-2.04964432184019
0.707276567650552
2.3511509411007
1.63052362159168
-0.733136750489452
-1.34248968901642
-1.53783527973576
-0.498391595026792
1.56297904280245
1.55454096849757
-0.828383989559467
-1.53991628552802
-0.940118376030309
0.103563168315671
1.56941570112428
0.549167083594534
-1.32409911729674
-1.38409406533417
-1.29270201380326
0.48127030217805
0.538656699958457
2.56652119990928
-0.0848359399024353
0.182789440121499
-0.848199495621792
0.825450496384041
0.756937388864815
0.187254104816042
0.88696282747261
-0.0640697033594358
0.22543065268387
1.52005999936419
0.0494333745866201
0.134652222182408
-0.273360058399621
0.173335513248378
-0.932247892742744
-0.552227255588946
-0.0589083515469798
0.758606379888412
-1.34181316265591
-0.253085412236705
-1.83929506008248
-1.36183845588632
0.129885213948237
0.804431235181585
-0.450266201146246
-0.661693777746353
-0.223916029849131
-0.818922396922763
1.03243532304299
1.34222630274445
-0.356489199714799
0.862919628292832
1.84764530474843
1.02679911419146
-0.477693708259954
-0.246794583227081
0.0850705602781017
0.290920073490433
2.04670246601389
0.242420295219315
1.2800461717911
1.12133394448886
0.0372535985743095
-0.662589279201355
-2.92357765693343
-0.959964499965878
1.33768184028799
0.724701596289916
