y
-1.60888285501222
-1.5494650296932
-1.12801978832986
0.443657814306138
0.395852095478434
0.366172920687221
-1.71693626804867
-1.34476658834621
-0.196258620712505
0.249240920516668
0.504524369108157
-2.78857491847327
-2.04192492994323
-0.430160246283247
-1.58277464554771
-0.215708150964645
-0.912679040017973
0.333865838617621
0.954459946276745
2.07094055521036
-2.29329861574966
-1.13463387243803
-0.79309711127477
-0.39964174866307
-0.257887896009059
0.983479319743285
-1.05711409358723
-0.239852361338071
-1.0745517430271
-1.17891693631958
-1.1939608320326
-0.980933758234432
0.156247633118559
-0.102234591053607
-0.00294203962131706
-0.466325988637955
-2.6126468714975
-0.93219211129764
-0.186813811107355
0.424405900296625
1.43566123027707
-0.933079240146459
-1.07683620332101
-0.673998676332475
-0.265134569186982
0.562683779170878
0.85390652063951
-1.24906743056837
-1.89036429328636
-0.719119226845528
-1.04696132831482
0.304436752613405
0.174522491482591
0.295324930760258
0.0447317826176176
-0.566620808434474
0.207684403028816
1.21061255992179
0.255624488433639
-0.0852288530501243
-1.29584351622527
-1.49820436372223
-0.191312603885841
1.66682450305024
2.96038790831473
0.852744219085591
-0.731639766043462
-1.15608573553583
1.42324004796678
1.5420209112075
0.967740475205872
0.974231127285726
1.3832639980595
1.33223905490161
0.465584483935643
0.221804366214504
-0.740902279667615
-2.7435214521233
-1.95759651719376
-0.87507641215376
1.03654798802895
1.48213535404498
0.84714147754176
-0.697023852520675
-2.06901845222829
-0.129077719604017
0.238455808329682
0.135406318703303
-0.601406472030281
0.0678948040998563
-1.29492475424317
-0.944066871820214
-0.366562336817207
0.79364295159156
1.22791113312688
-2.46461886134403
