y
0.564220186079183
-0.378868024093991
0.820805913581033
1.90883530239569
0.875522486673488
2.05246607538674
-0.608096649344322
-0.504108368719543
-1.91899833447109
-1.52111999222165
-0.151973959956879
0.927909585131985
1.32872643275588
-1.26697337573547
-0.174128719074668
0.996601297669779
1.44833980572674
1.98563749689246
1.10731944570636
-0.153400661395168
1.05096509480528
0.717971855983246
-0.13943718651862
1.41188532106932
-0.0880018746251819
0.296750246468556
-0.819190537298041
0.667531352505531
-0.439318129767316
1.52123837282497
0.186304757006537
-0.676463437783853
-1.01244504531411
1.47836222301429
0.469506373274662
1.19184274192314
-0.217426265279165
-0.499945365611135
-0.611672037929073
0.0132276060441724
1.06358141093574
2.56202419240238
1.02953670711672
-0.852715235073658
-0.973703779307385
0.314961719885495
1.06326632901611
2.21322177132359
0.149942848195457
-0.697043561918784
-0.520775795454056
1.65864899006784
1.51039932115396
1.28312945075504
0.497131998128811
0.959475648685121
-0.0795990885288822
-1.42146844537094
0.451310165920177
0.831085747348842
-1.71959927605335
-1.80228428398684
-2.06351734733185
-0.606370889398337
-0.313493555596506
1.17445742844367
-0.758564410793734
0.183476030469112
0.325539725186517
-1.92244421130557
-1.34794737212552
0.53498106839382
1.35398703720941
0.313153013204171
-0.544992801246334
0.431687490750268
0.634264127778527
-0.412611305458394
0.476373473446514
-0.41328426727532
0.0954273686119176
-0.785917558234563
-0.240731270435446
1.49883491517116
0.597351453573737
-1.24106831539218
0.0567459131899281
0.612969244971283
0.109463824451871
0.893850060830276
-1.53283499780401
-1.16495863586506
-0.446498615966613
0.917542045863965
-0.391378326231501
-0.315238828934008
