y
1.77001780196183
2.40541530491627
-0.680139993416641
-1.2335631838475
-1.62464034808496
-1.20279924543939
1.02306998547432
0.864225102405521
-0.620331951200624
-2.21224007253871
-1.03020213979914
0.581407953810197
1.63887763660567
-0.0950553163674547
0.43990960543879
-1.83234584554817
-0.694266950705278
-0.370385942367178
1.36785139249664
0.481782295109108
0.419460700767017
-0.861006844342967
-0.8491647478999
-0.554371426084526
-0.174451662585852
0.0239048164538696
-0.866602307261511
-1.66798244275227
-2.47328038562838
-0.775555495009915
1.68931169475097
0.364829326245442
-1.27460935177052
-1.1517794619171
-2.24506331390605
0.328309424857906
1.59763105476284
0.892692700775929
-0.126788446352985
-1.02296328653734
-1.65846928164325
-1.78367522105695
1.2856812128422
1.50189853137493
-0.552623623395398
-1.28263058682661
-1.98922435510299
-1.46445793205242
1.17889046045943
1.0666007091052
-0.378909574688336
-0.293522853989026
-0.526423023854586
0.443613625587373
0.691474727589537
0.666329102072677
0.535420497931424
-0.716241419339536
-1.46393753676342
-1.04533391386855
1.52102359453508
0.280583914506488
0.854960202513675
-1.09211619659066
-0.935967393165364
-2.0222316123461
2.48727271094119
1.25607608724578
0.214787765837775
0.660040527891887
-0.189988034887579
-0.991953819995694
0.515714122590195
0.480388628901735
-0.592358667251514
-1.17046282022409
-2.96611257291047
-0.264979886703425
1.67222319889075
0.774203777967409
-0.897464283227075
-1.78742269014992
-0.526179170770113
0.115021827863851
1.26428531789409
0.180554169191744
-0.184260716740416
-0.530753224337689
-0.967265847115278
-0.450457446831324
0.593101810607425
0.360269902874967
-1.3763884111182
-0.266279419181913
-0.464177877610911
0.184923625655833
