y
0.725928673672987
-0.851146128941593
0.808492929983731
0.467428167279767
0.747576641091006
-0.0281553493281918
-0.268214750190154
1.24753096826271
0.856772728506378
0.00703961704957246
0.0727342380960491
-0.895573947897032
0.833091043827155
1.63328062345498
-0.362375268807569
-1.41736853847037
1.59370076394632
0.810942063450777
1.82354556159774
-0.00877611893556102
1.13945080650809
1.48191528467533
0.180425745334783
0.555321682007476
1.31078696500243
-0.125755771122804
1.05930738479113
0.992498683537961
0.7317536089976
0.660275350748032
2.73049054057715
-0.801310890604946
-0.584884134942319
-0.541026461274255
1.22043355733507
0.248832878867693
2.48842323977017
2.54109943155526
-0.909357440420953
-0.976804061037415
0.981297886547907
0.462062728854219
0.26130801399601
-1.12725432483391
0.387138050069627
1.27801117179263
0.0478324166208797
-1.77090268759341
1.25432236816284
-1.12356259349486
-1.48010942630476
-0.744283929425728
-0.375529414403755
0.642340233966445
1.07805486641846
1.83995106209393
0.0705076687212332
-0.793417904974249
-2.33358048498551
-1.02297563614641
1.99586631375252
0.530616467514106
-1.37325810143592
-0.0601765624833903
-0.832265611272791
-0.117176655103202
3.05663988990613
1.39671986152725
0.41482129407383
-0.605459937592882
-0.0889314386374525
-0.335417798063632
0.810018926021188
-0.599213919374267
-0.492973888139682
-0.636897557365738
-0.74320941906427
-1.05739910159268
1.28111704056835
-0.138009805454983
-0.635356405438345
-0.228088115683755
-1.25063198686832
-1.05241215916625
3.37220511351172
-0.754063906754632
-1.0263456912061
0.150503687246205
1.98537632625238
0.170421297515042
2.25097630766402
-0.340178128068267
0.140749066264586
0.244910207684766
0.921500838507184
-1.17744103473195
