y
0.0400094847394458
0.272996710260531
-0.102622247857719
-0.254612391796786
-0.10401669121471
1.69531865063423
-1.04681054016639
1.38153470563548
0.0246213076774284
1.23102118932097
0.320830078136388
0.642205037352022
0.784291738132859
0.54329290377955
0.0244807444276641
0.678937632074429
1.17748750588587
1.79825839009984
0.28564260003381
0.935493311533719
0.0280357348388032
0.602650268853231
3.59668685220984
2.71224324615295
1.84017541772038
0.970096578338557
-1.18223595348202
-0.430768993650672
2.58652266967043
2.68725474067282
-0.685241559329037
-0.346770219091305
0.876572624781131
-0.595450691279976
-1.58469655648153
0.514680077331353
2.06254072562578
0.384098931286249
0.371059362424317
0.52998564743413
-0.838830983355336
0.966270667751928
0.715272820094158
1.19304053279959
-0.289899998598272
0.929018149906837
2.95757083869591
3.55803304108447
-0.0422433882032855
-0.424478236344762
-1.6373338691773
-1.62440020477347
-2.28899983531388
-0.609624397651532
0.0139325560979036
0.56330700161412
-1.21671087701153
-3.18424278978061
-1.48112893476821
0.175013225826737
1.42978213778374
0.985491863434836
-0.103192464436378
0.327099918852384
-0.705446984147689
-0.493605456398641
-0.179632369610012
-0.314874962451178
0.971776957045741
-0.30931673847529
-0.267087662382632
0.536617834672447
0.367791985911489
0.787564696986767
-0.474112249038052
-0.0923666426537848
1.60372857417405
1.05658297397767
0.813717541013428
-0.145083629046644
-1.48498641824468
-1.47983823416241
-0.0748635723226787
2.21640165813612
-0.15553092218625
-1.27883459924128
-1.81768670192409
-0.554478137220011
1.07404742650868
1.26062881645217
-0.583365194329551
-0.996513089634683
0.0194618761432049
-0.711102093559333
-0.602966322351284
-0.645373544908259
