y
0.334848982039412
1.476476422767
0.494944257803118
-1.13070668290633
-2.67040355781571
-1.50894976424635
1.71405911335088
0.892167312071413
0.850447484738823
-0.516662030916453
-0.00730907916001655
-1.7022190549538
-0.43848392638013
1.05531893099624
1.1385093635956
-1.64885310421137
-0.649012655121443
-0.850700420598086
1.02602685730925
0.321434887611737
0.163438122677328
-0.0985295387780512
-1.21373118615199
-1.16540023158032
0.432883705644452
0.538822238818818
-0.622317662215321
0.0186950922402872
-0.396217579864886
-2.01168210242964
-0.15613113097241
0.629842337625567
1.28162219088883
-1.42402844915527
0.353410711920287
-1.06298801810017
0.687091870991879
1.64757558208311
0.729038981872314
-1.41768635775603
-2.24293654653312
-0.23452002203817
-0.288693398416596
0.108090557066156
0.0171586786424473
-0.20879134656979
-2.21913197996034
-3.95121838578063
1.03131456734508
0.519259104998627
-0.324352486557428
-0.754199372183649
-0.901591697350598
-2.70433461794079
1.92642820702763
0.664968375068322
-0.247817713704422
1.12454683547901
0.0753394340624195
-0.271810015925154
0.334338775042246
0.994574103388014
-0.436307961407223
1.08433670968457
-1.05543570946672
-0.0107713650413115
0.273404561745176
0.566410442944883
-1.12775160210919
-1.33150873238857
-0.317020815306902
0.425107498773281
-0.0308762504818501
1.27313203789856
-0.830678744420487
0.497527349754913
0.959106218611692
-0.374599648009319
0.57424561439133
-1.490088420316
-0.74339537558868
-0.798681617657477
-0.443762678379294
0.0073103715219735
1.92359734406657
1.54732526399977
-0.99520884008469
-0.514133683669389
-0.692160260119385
0.766903258604095
0.0525901341356829
0.304526766726622
0.244454735234169
-0.436436202427887
-0.585696416849163
0.0516530909484509
