y
-0.198454258627947
-1.174295725912
-0.510997768343163
-3.46925441321973
-1.31222497655345
-1.42582103408693
2.10911248279365
0.86663079561245
-0.68272523126131
-0.844162010374524
-1.59328307734922
-2.10977299014593
0.825723850919278
0.613858476771579
-0.387242897873207
-3.37474113827006
-3.0476339973282
-1.9061609129226
1.36658495852388
0.300850539789956
0.967710417891722
-1.06038331179338
-0.831472885209597
-0.696508297971805
-0.471453923999187
0.766636492676292
1.5123387865126
-0.612795934837106
-1.55174831755785
-1.85709310727373
-0.381013272535937
0.366830069877373
-1.04070354714017
-0.853848235837054
-1.83608012099773
-0.93410104608167
0.307422603500459
0.18318964611345
0.854121757970095
-0.342541409262517
-0.713625172463931
-1.49838858361739
1.28235002012789
1.04519354933443
0.996308966699606
-1.12814539861955
-0.41144843517618
-0.77029662783294
-0.100575388062112
-0.214826777780365
0.547567232704927
-1.19262872448164
-0.614635915254196
-0.482060803562094
1.42402653613326
1.47099749729487
0.58591737629264
-0.674668108264823
-0.509475305658347
0.876630017233168
0.465544612361129
0.176756561518298
-1.0306825003522
-1.07279739030122
-0.91189449077717
-0.0412374400062848
1.95703986140819
0.439293264318503
-0.961395847024393
-0.370847205531325
0.00178101884034712
-0.609401592343106
1.58300116682078
1.7871047819979
1.40359709697395
1.04375663182059
-0.628360084631521
-0.225282210390986
1.22051271826344
1.84061452396125
1.52919498663693
0.363292204666186
0.965959171409837
-0.959103707053832
-0.181900483642516
0.695152628396305
-0.648764370709511
-0.169556368106328
-0.0241024251996295
-0.956009821193807
-0.0489037903775595
0.324433561215499
-1.190112323452
-1.28794219881503
-1.3535235018098
0.191851605845024
