y
-0.238821917024631
0.811374507391966
2.31096431460678
-0.775306581802266
-1.25792514081176
-0.714469734689121
0.869184235175744
0.640890820541671
0.827071448937407
-1.51908017047866
-1.27342534643338
-0.547518176775511
-0.417303608176016
1.70415729706564
1.1491356221928
-1.7943411019245
-1.14362899642403
-0.60265758317122
0.787225054198744
1.2965770683943
-0.466913789305307
-1.54203795220993
-1.34268921702113
-0.826903120912986
3.33705496208023
1.41504318357361
-0.529126217290476
-2.32288359620433
-2.03598797978304
-0.849198470472264
1.54312110766346
-0.171395335689745
0.846158215356437
-0.0699887734101233
-0.585256781623293
-0.425884784990436
0.519721265851512
1.53706158177308
0.0604314712526599
-1.623464095899
-1.59241498866804
-1.63043065655742
0.948842079145341
0.609078944102787
0.0365541925078546
-0.437423094584814
-2.39002697952828
-0.406307656882209
0.300434059249085
1.84340879973446
1.01839413754126
-0.502150425498897
-0.584645698481664
-0.531747598274419
0.398837115853149
1.04244667700838
1.12605506174534
-0.260129383353781
0.0271935530573076
-0.16363468151086
0.742988345030955
0.975390889223085
1.58389654508041
-0.393428151279663
-0.85356936859258
-1.69848029973356
0.71193014894008
-0.0292951842843199
-0.117786365264066
-2.36258256499705
-1.32060239358599
-0.428105892194197
0.22786918070795
0.846311198780906
0.973534358464509
-0.98759659538851
-1.57990420128535
0.986174633930944
0.771982485161512
0.359421913905276
0.0993731562982206
-0.545149785417872
-0.748557223295604
-1.497840633669
0.650582321367836
0.59694435153306
-0.174438354427485
-0.448427486718098
-0.74947908291402
-0.806395479798496
2.89591693058326
1.43351209587312
0.651446224574373
-0.177707416072647
-1.30752632031474
-2.2793094359652
