y
-1.24238595199035
-0.100570032676636
-0.937529724605663
0.497994508215389
2.43222781935019
0.979645617903548
0.689659515986843
0.692204012241882
-0.518051346547844
0.669723230528651
2.04586681456305
1.67180505301158
-0.339027438630405
-0.529827735701781
-0.53071573314626
1.99270332387763
-0.016902095391268
0.055843711825138
-0.214843425853795
-1.30155688420148
-2.87838517873391
0.149628028475298
0.0891681886010437
1.16729187999241
-0.0011605244945499
-1.85065471635881
-0.679753034665422
1.70093877986538
3.49802360324369
0.274607670713433
-0.574672376583414
-2.29378828054665
-0.985765094466563
0.903726758586478
1.79459996393223
0.470062142843485
0.266949195767675
-0.486940981876411
-0.144049545895753
1.34138325371114
2.54186970383383
0.52494611581923
1.07871576560175
0.426205766590701
-0.782643102823937
0.284240802971254
1.693251751306
0.895843917427607
0.569039985872583
-1.02495695529519
0.167978911072446
1.53784359938562
1.31272276373084
0.409667255149308
0.766811283492498
-0.844018903114551
0.624187137473104
-1.0053792032037
-0.423188898858584
-1.86140885437886
-0.180530991362291
-0.411291063518642
0.252109803144029
0.854330635398328
-0.547120227573343
0.0606675213448476
-0.679544280912643
0.16338016491893
0.129419004976222
1.62647189041464
1.26818887917293
-0.0970954884039743
0.0169370683477453
-1.08647997064472
-1.30817975909661
0.834085104146412
0.547018254027237
-1.74431769272173
-0.752486307762824
-0.00836769562257927
3.06507288829721
1.35163563561923
0.0505062478733172
-0.243167202819133
-1.03453390453875
-1.2875747458588
0.407055785678755
1.95221444457738
0.710869781329065
-0.339973251419733
-0.892727815329408
-1.11929988477795
-0.512820882846896
2.05275832700192
0.215829519283083
-0.307281201259496
