y
1.09626447328825
1.15613890378305
0.803448150410959
0.209635945360346
0.064656701512454
-0.111800410454521
-0.361977333629068
0.761841670866921
0.391435963483948
1.05764396807173
1.13056079670487
0.771057513784799
1.73147951293817
1.73965080934959
1.5055210434578
0.83248786027033
-0.189736291684907
0.70708728205615
0.115327341590408
0.753909210414202
1.72122430192705
1.62775868538421
1.36621863176401
0.95239235941115
-0.732755564137386
1.33757120151821
1.14353806785806
0.294342143761272
-0.893566010994788
-0.646639957015542
-0.536967868068856
-0.987970596082683
0.654048415687955
1.23307284973064
1.27771952369251
-0.542308900148762
1.18803436816858
-1.14475849237002
-0.503524138775403
-0.833148231768218
1.0885759416105
0.409499023883817
0.889562857908422
-0.290280977610777
1.05327431211058
0.292561796320431
-1.00433965309962
-0.72523236235789
-0.666549821680818
-1.14765154352013
-1.00266727449639
-2.46751781120557
-1.09383981586328
-2.67285516770849
1.23195831610754
1.78713380111146
2.07528775837531
0.738901040672784
-0.0818427886445453
-0.80167278100073
1.85766506321608
0.181387598714965
2.90862358831257
1.78972832542159
0.819586895538656
0.78716411662391
1.43440400145486
-0.366738798388112
1.04233323012038
-0.633257128704867
-1.25613330582633
-1.46505835377015
0.107764096148191
0.7020454133336
0.621293595108961
0.28822342896966
-1.44446330517409
-1.61333877676041
-0.124212419974122
0.00702144159013274
0.560002461824145
0.0973163489345861
-0.558161932844768
-2.2971287534477
0.636080320498003
2.1704393162345
-0.73006844096075
-0.950502507688337
-1.41806591579875
-0.7461340947848
-0.478169352385483
1.57458304688109
1.71710051240359
0.907746253544607
-0.465732756476377
-1.57739043724233
