y
-2.26779667194363
-1.62443134026102
-0.672606531595807
-0.445685746894743
-0.069949807191978
2.18362984235499
-1.27831134632008
1.04124292416252
0.784004027988951
-0.84175048813797
-1.64418939410334
-1.31220362220081
-1.20101011172353
-1.28980221149166
-0.427363540396773
-1.91204076985851
-0.194358930594441
-0.857304203733708
-0.572649505093396
0.789501309011344
0.813052574697523
-0.745363509827367
0.375354675181208
1.29414988097325
-0.252987714186393
-0.741902798019483
-0.978199204204081
-2.73130016680299
-0.825977220477443
1.35094016008114
-3.2951415130226
-1.60080648771823
1.43295296330216
-0.355776070449134
0.947005199643341
1.0822967767475
-0.88250678072781
-1.02807904755605
-0.0237740053807111
1.31114447041834
-0.144280625917696
-1.53544722307762
0.177373874952464
0.771058728793164
-1.39406590838849
-0.639520078544734
0.514673724013715
-0.595961480856889
-0.828823452723477
-1.48590074252561
-0.796483420762816
0.600753641400068
0.0454832080739393
2.27896986525071
-2.56552460652892
-1.51089801477331
-0.112148791380573
0.699350193407174
1.009113018774
1.43820158378352
-1.12217511086412
-1.83275616309022
-0.606464279034437
0.718372400338559
0.985119293712575
0.963343370334141
-2.1766080451279
-0.382482665165966
0.724404456819054
0.6147817522351
0.885202242534032
-0.553856245998954
-1.2055882287969
-0.347996653472804
0.144339186425666
0.513938964612752
1.41756444588072
0.790060981892062
-0.850547434737314
0.306840157549293
-0.321115329720412
0.917046228014623
1.02963027627635
2.08054871839027
0.680340506036868
1.10633885447956
-1.83546291232509
0.628730129754443
0.839087542317541
0.284941821902137
-0.640032003329178
-1.461396917715
-1.43119622709155
-1.11554278507681
0.747292762787429
1.27128983943419
