y
-1.31031222753486
-0.988943896823963
0.259210123202517
2.26275014511775
2.23227207247598
2.88545300588872
-1.04996031897719
-1.85903096524579
-0.080521383700906
0.93183215015238
1.20120078970657
-0.0369915220554373
-1.56786366242859
0.417045952224545
-0.602980936256306
1.45188448240813
3.00109538996762
2.29594698972876
-0.536898707016322
0.237653050868412
0.51168400212426
2.60340818655174
1.49447737167804
0.372956552808671
-1.41593262214033
0.0343419115760097
-1.31402554714633
0.958288933192547
2.18842309756649
1.73907808241468
0.669661012160603
-0.323379763178035
-2.38094362309991
-0.396277027080854
2.5133831705229
-0.560076008375413
-0.307006938466071
-2.27635515917701
0.223229346551111
0.592650648991505
-0.632226944207674
0.694308131900692
-1.09801462102933
1.3588539517502
-1.16523443897334
-0.102758624268536
1.31987764625469
-0.887985783991425
0.302724987895881
-0.681145232651362
-1.3818995700566
0.64464187108524
1.01185173978071
0.850105231529099
0.35243796900855
-0.0864427274008342
-1.25083375227848
-0.704826312519083
1.14397866782294
1.37570687504225
-1.99101681825915
-0.38400602971847
-1.38823654532943
0.952315434765037
1.26997001835244
0.116905292457574
-0.423463709287148
-0.957797553679012
-0.795353424143997
1.68649938495114
0.257886466928955
-1.11895752676561
-0.524657490865987
0.696200229375866
0.0928269949762008
0.812867144043086
0.385848614383906
1.16279781310646
-0.742458642134328
-0.401539698577785
-1.35838183248935
0.365379639856594
1.44528942669575
1.19893059388389
-1.66569153926644
0.411804763580564
0.0843624863976036
-1.12086901571935
0.0591097057367795
0.55495278668866
-0.980280705004343
-1.08153161743201
0.238162380481416
1.19915483797719
0.514849518282546
0.249294454906264
