y
0.750228602048309
0.0314969483082326
0.952381091586606
3.07847712756124
2.01041812025374
-0.319950750029871
0.287827288474818
0.474931263636043
-0.811710061656218
1.6411026337837
-0.668259339498258
-1.95906869208621
0.020157724719581
-1.05040070665435
-3.1741631901827
0.290054357263889
1.66474980827648
0.548657843544065
1.67991127890883
-0.211879723797651
-1.95649953968354
-0.14410534834259
0.878052415342554
0.696375260519792
0.527042459135926
1.31677513907834
-2.27812063505195
-0.51717888934178
-0.762586160390779
0.810745632141633
-0.526709460836513
0.456004803790343
-1.20914067055133
-0.469343670008264
0.906202857161958
1.23480417707752
0.00221924251699512
-0.352673152811392
-1.52033143322994
0.844407120595752
0.596124529154467
1.75747391905463
0.655016578166593
-0.965891156400903
-1.82314850115922
1.50778404779528
-0.348157199690445
0.48626549613897
1.11750147685979
-0.247744050014924
-0.155030237402117
-0.141245404243877
-0.0113989281939887
0.236603360802646
1.01026769126181
-1.02703014961869
-1.03523624387599
0.129642010960026
0.174043624072508
1.13062793499461
0.3871070954623
-0.738117132204968
-1.89944803198254
0.112976067073529
-1.01914541731817
-0.37303174383886
1.91284780109315
0.0890398728659586
-1.58344514841458
-1.48835144012822
0.0194693322802191
-0.529363093757182
1.12607191479436
0.334554560326859
1.17718843570081
0.405057383480168
0.0814615008136314
0.14736762611943
1.94042113115928
0.322027204796821
-1.22578035138158
1.46130711877258
1.39325090119499
-0.0830815929459858
-0.736023290050777
-0.616525598217703
0.277530956265572
0.912231282760035
-0.706608182239016
0.223352814151646
2.03000178953066
-0.0541501937814899
-2.26067401097351
-1.08861890779891
0.751421352915643
-0.0540110913717441
