y
-2.35140077503018
-0.165539646834213
-0.501673488986929
1.02395668992486
1.76247109667684
3.33473612868149
-1.95974841251283
-1.71930383613306
0.0648513362087619
-0.210889938092823
0.709340050652351
1.2329067678218
-0.664316004746399
-0.0261602318021103
0.807846663640953
0.684305412046528
1.40200575179367
0.783496093824672
-0.736389051949529
0.286519586876522
-0.969758082498277
1.23268523290559
0.722664814109165
1.66979511594573
-2.26331878999322
-1.25708558075622
-1.08526512124184
0.926337253535874
0.398544953678856
0.739034702289173
-1.12191154813559
-0.453439745097819
-1.28505645968096
0.470001405068426
0.209477172109638
1.64339334993812
-0.547571204292099
0.197045074403875
0.255990762174986
-0.0658816600971658
-0.0536112281992086
1.79813618160948
-0.697179169563415
-0.425151467284063
-0.524820631860689
1.31267008423573
1.07126965661272
0.0795962806619164
-1.39896492899904
-1.13326975612957
0.436826038506083
0.0637638693952852
-0.0631377583936068
1.34615107035591
0.0726677941495405
-0.299961650492997
-0.312824122083835
1.53515263763142
1.27709970622803
1.26954699772021
-0.736888671383741
-1.23153016673862
-0.0327446135875918
0.621715335697968
1.45752725644552
-0.044614936401506
-1.29823096853081
-2.29681036693021
-0.565895039751831
-0.789367185394149
0.772449143588999
0.924405600358323
-0.791698539118916
-0.803625798770738
1.10594340451547
1.01870055652203
0.575468526882271
0.805943514724045
-0.745737112144417
0.154497595199324
-0.464098555194047
0.0433181255908852
0.927101933080114
1.75277288483847
-0.244275295737516
-0.646927595483246
0.068327203263301
1.11709934816082
0.170540843140114
0.386493407145785
-1.17442631895822
-2.87261176287711
-0.866261429568513
0.943205175751111
0.852390241670711
1.22230962849525
