y
-0.76016578238769
0.475337913864521
0.799563653125058
0.280332213925454
-0.175899242625054
-2.43722799176566
-0.265241907865385
-0.553252601435743
0.928578297214327
0.578075699613254
0.191103859309516
-1.16450243285345
-0.381697731250633
0.26536627066414
0.89000677091503
2.02999453373165
0.0383434595781107
-1.9299444370491
0.979835850290112
-1.34554264475084
-1.47442110551931
-0.121777946175488
-0.381978579671916
-1.43388816137001
-1.77547460505382
-0.329387068954241
2.62780717725577
0.47680730811885
-0.800048787221617
-1.84039577964334
0.840341882614265
-0.404262071083264
2.51158558180255
-0.320571313552033
-1.80604203423203
-2.9047407164998
0.230008377695717
0.889345188399023
1.86412399715439
-0.300818953541183
-0.610921882185067
-1.81896389205067
0.154496158857727
0.546326747064152
1.30482035013083
-0.900547335987443
0.624937165027408
-2.35530298736558
0.78472278673592
-0.424006617726482
-0.00392112654610666
-0.142075908919514
1.80501384029568
-0.689138441450613
1.02316032808423
0.464887281693215
0.384000547370344
0.519219291560826
0.50067711340283
-0.917790890013684
-0.45927773226033
1.45123718641076
1.8654046345306
0.217585272171883
-0.95653896709945
-1.53922259382119
0.52486924729034
0.753977882983891
-0.511350558400642
1.31783522279587
1.14697005752546
-0.552662777793793
0.584827028628133
-1.19599186000475
0.076899132398535
1.26879285778342
-0.619999490712371
-2.97090563616257
0.715309377964024
0.252771242527352
0.719187515944003
-0.438128411165628
1.43481412506459
-1.18922567554912
0.636998011841981
-1.0333486415394
-0.563433553654077
0.414910027105219
-0.651730072434958
-2.52386714406075
2.02594950537508
1.09481970876538
-0.631492782757744
0.520315050367763
0.99382769939
-3.3911982296945
