y
-1.01852403685065
-0.494687611571729
-0.436661475790886
-3.3494885499444
-2.3643071237475
-0.819305816579579
-0.375217852405842
1.59452194187818
0.327837449503388
-1.12394209509302
-1.62441412734079
-1.42949065659595
0.157748222435845
2.03246331121066
1.20167401553925
-1.18507371287393
-0.671541259407561
-1.64623473043987
0.32743021132284
2.61714443561343
2.129917794354
0.269811118005862
0.647670254192988
-0.896079260280712
-0.289687824332294
2.7788660457858
1.52562702764861
-0.0904309676361102
-0.187666194435735
-1.82142176420123
-1.24561305867652
-0.829622678981959
-1.61487436645658
-0.767283772069435
-1.19908234346617
-1.98699903391051
-1.65056426296932
2.09088953592952
1.6106626138955
0.993835987398337
-1.36597789692264
-2.97378590492905
-0.491280630501069
0.102914898628401
0.130635085054977
0.803653635752718
0.159432870222599
0.566020471857916
-0.965089948135916
0.956549883559549
0.658758762180502
0.327388868379428
-0.844374075393856
-1.23526369891492
0.418668469397968
0.631291847866042
0.74404749676034
0.283284411759248
-1.65504010962599
-0.0398595223532738
-0.816469352356205
-1.50341217157201
-0.921285526351343
-2.69334303987703
-2.46532018771864
-1.19957717549973
-0.3484339618941
0.561818089412876
-0.0999169629874904
-0.473935323098252
-1.06925483163103
0.453732581489047
0.227735682466023
1.00787270401684
1.51242743131197
1.75111773054556
-0.101283278528241
-0.711301874307681
-1.36770008276124
-0.0711192270746059
0.226827527567498
-0.419241566817568
-0.152514136522179
-0.621398004416713
0.175937450857596
1.04847204861621
1.61797120956281
1.03151583709025
-0.644971003430776
0.0687883504854461
0.036288011091407
-1.06542851651355
0.0616898099194855
-1.25993683271032
-0.466781369837948
-0.180592583997923
