y
1.24071289706081
0.444732549325523
-1.58684046855604
-2.52077679551166
-0.686250855036479
-1.97229570953528
1.07374160437229
1.33310746184587
-0.453829413037644
-2.32380103962481
0.752249872065651
1.21760293046513
0.0205455200256874
-0.799979196285631
-2.62686344912752
-2.17353678938384
-0.966770104624999
-0.397022798578444
-0.750786670234824
-0.666572341071319
1.13754486530542
0.2908781670768
-1.41478438695766
-0.602109542162289
0.0652032455945118
-0.295035291756547
-0.498046317256212
-0.127285072060234
-2.45535492173266
-0.154458396804295
-0.336679412724084
-1.36422904744604
-1.01899485436858
-0.926350481660884
-1.81482696885326
-1.04240236846494
0.823202218476145
-0.43054158155933
-1.07946524145627
-1.41121785144184
-1.43303779856085
-0.393925340405011
0.188399189523145
-0.286753433796242
-2.38873583826432
-1.94230050018586
0.400626931625693
0.079568968884156
-0.230268779291948
0.148101545228928
-0.126120286503532
-0.11735985983486
0.219935275309604
1.7249818104375
-1.24191682519522
1.36437234884676
0.836687593967544
-0.0309839216494263
-1.55351107485548
1.7406541220114
-1.89226569415026
0.719238832239758
1.33773682292965
0.224417460784968
0.698602639355863
1.28683122079507
-1.15641757960583
-1.9719837889899
0.666261397987916
1.15501577297374
-0.0675074215411119
-0.863737519561572
0.997948552916585
-0.939341884964215
-0.529608509326732
-0.372056255508251
-0.145765671272181
-1.56639944247483
-0.653386284111932
-0.572625868292254
-0.228445652106037
2.17085478227278
0.457404094148786
-0.0354144109792528
-0.890866177906437
1.15875064987517
1.32089112702412
2.23982840416276
1.42268476039479
0.365121947191695
-0.210281368085288
0.355628007743461
0.693418329694281
0.42652222149097
-1.253503725847
-0.468618424472303
