y
-0.168718018818816
-0.114452379885147
0.945726973693581
-1.72412735918916
0.226088902249538
-0.301310456464209
-1.19450312356332
-0.121688849986506
0.645728633585411
-1.25426981864229
-0.275010830901684
0.504523974204961
-0.612678212211173
-0.899483834800403
0.0610274676019194
-0.0329453526998091
1.50322849582946
1.16997076347988
0.607110109269021
-0.239016849781236
0.264333693980341
0.77377302270763
0.555817364410675
0.790216548678245
-0.989677840937957
-1.25335421982774
0.199975652231809
-1.6455667186621
1.00205337069826
1.31221226522439
0.149341156422424
0.482999957742697
0.68740414947063
0.235721600001121
0.115322790719541
-0.0418828071061011
0.0413593976157542
-0.0917323804515509
-1.65111767976814
-1.87132765756707
0.649835193546269
1.79445510645445
-0.664816137768668
-1.12847581764396
-0.68623376303672
-1.88509166806173
1.13176027139553
0.733679511988155
0.710922768277718
0.908690939056688
0.902865903326657
-0.947239613002276
-1.56831423574899
0.232327332214283
1.25470238102002
0.267517620611807
1.77109310526078
0.487615017392873
-0.659642043592916
1.5705641432694
-0.0907767009152703
-0.823596537557105
-1.15827630454034
-1.26309082394455
-1.73978920965057
0.180008607378641
-0.0065557303796141
-1.73317213620459
-1.07697718498141
0.101464251034975
0.471634945507832
0.568139767256383
-0.300127776873742
-0.0778285720497541
1.96441371556087
0.418927765722506
-0.213556526020708
-0.658330281538717
-0.826392584593777
0.917090792988414
-0.0951533333162152
-0.707918170122398
0.754039098362556
0.364830795183239
-1.268074055702
-1.64372338710766
0.403988511391048
-0.181226835404023
1.44786810625784
0.83561668636549
0.592756714096113
1.19712389901615
-0.541622614616009
-1.54339994108276
-1.28084227100039
0.741101518730037
