y
0.6667178290134
-0.246817458833961
0.828043718953063
-0.170406529857015
0.22829696337673
-0.966187261803054
0.761213225077147
-0.596875943301405
0.758695125010586
-1.17254807884743
-0.491673393352601
-0.303128955777144
1.45198687910142
-0.204285335364839
1.19136407690763
-0.0828791654986011
0.0838400383390234
-1.37807092242634
0.243850849107899
0.4619833860067
4.31218486763217
0.359941636302389
0.732926117810846
-1.05075178616075
0.997241641939071
0.463536076542859
0.0480626404195627
1.51471449119128
1.35713018239385
0.647802011040824
2.22763407875898
0.945697188050085
1.86049814606526
0.218305504514767
0.658677391019031
-1.4049172112069
-0.901461099082602
0.544129869813306
1.72435149704548
1.14264075980349
0.269919953185712
-1.44649771996718
-1.22646013671975
0.660789798152882
1.01782755619317
0.916638425932144
0.196895393896121
-1.86535216698314
1.31841395020784
0.275074108305327
1.45713849535997
0.456001699482644
2.32909500629371
-0.455579431394169
-0.250402168580609
-0.713706657213174
-0.617234513661561
-0.955828261936602
0.348203264155147
-1.08666448422342
-0.00119560765629592
0.196585715228708
1.5446352476037
1.04898407891492
-0.2222969227495
-2.3084801076458
-0.782780660521297
-0.63483663923802
0.140438445948599
-0.890804458648362
-0.782081237473687
-2.33611217201321
0.959856598964209
-0.0910343901448653
0.249335707197134
-0.819244296991455
0.140291258474351
-0.777861654848673
0.257798477761119
-0.604208985351971
0.208587528567361
-0.0350266981808036
0.912382236600157
1.45476097013327
1.36386063805722
-1.65565716504174
-0.881587695074899
-0.111373806180484
-0.013213213038496
1.093870749625
0.9776271911212
-1.61524764547112
-0.934352243157084
-0.822027661028289
-0.495221197005732
-0.347041626296261
