y
-2.01640248302754
-1.14424956238394
-0.0711706071595021
-0.908107603016999
-1.41051194153921
-0.628052749447664
-1.00940241315077
-0.3318571936861
-2.02950574195965
1.12914973100446
-0.525323891343761
-0.170769562424253
-0.526667784897655
-0.374512014799741
-2.17499815410457
-1.48475447353557
-0.383168315985936
-1.12673170550143
-1.10917108847261
-0.397369026979459
-0.424314890361327
0.347267962345291
0.688986370610951
-0.101607537372384
-0.989675573803254
-0.409957146629113
-1.54420070721613
-1.94731631525451
-2.49843600810788
-0.613711227160998
-1.06228636770165
-0.551147578562824
-0.486728230760368
-0.929555103151736
-1.89043792351296
-1.1032312244351
-1.23332357334579
0.966428613111959
0.309345511156967
1.74257443289355
-0.422435971522937
0.923773852143877
-2.4176477164476
0.27157465931811
-0.30874688960005
-0.703081301507439
0.440645590284039
-1.41027640542028
-0.988765333413693
-1.51027380228846
0.786842031566671
0.287833310212345
-0.958434694164354
-0.34994186837475
-1.02744806043592
0.857642271467554
0.704527006861628
0.95823492548009
0.535048847490979
-0.79631552412681
-0.716659426209519
-1.13186650379941
1.28240180287749
1.55250576893983
0.670200938702914
1.21074921850432
-2.00463157344921
0.517688784122736
1.79288974421882
1.22226240062946
0.746951157842245
0.728694291775841
-1.2209340628182
0.0305139399545306
1.67566955726334
1.63912659557165
0.715778498871622
0.757889145597415
-1.77052290970387
-0.495720940022647
-1.06052141491327
-0.232266021528025
0.133831478142731
1.35835414271328
-1.62780210440201
0.169259436315381
1.50825371711853
0.643542690112738
-0.62763957961217
-0.745248447569582
-1.87235507712561
-1.49813389738275
1.08565617791985
0.796218016520167
0.9974798852672
2.41658003682369
