y
-0.415500072858708
0.949400455136628
-0.50163116203247
-1.97263478772941
-3.33544597812532
-0.699909893006184
-0.115415457713329
-0.0844750301765835
0.209004521171679
0.512002285140908
-0.153757117446599
-0.912220933604484
0.583330561669285
1.12217363094817
-0.295433869558882
-1.98756594907654
-2.04420509984724
-2.54910650793781
-0.1071321095957
0.00236074913371592
-0.923614349626017
1.31525522072545
0.451947635763009
-2.35909385833427
0.90421384566106
1.60457006440492
0.142745697374724
-0.691601787190445
-0.335190802498109
-2.17312913524533
-1.21613940472923
1.25017340982837
2.55377258238214
-0.855652700159853
-0.947799427581156
-1.13952061522314
-0.720591581883032
-0.0977548929039591
-0.433874218772806
-1.22980400880328
-0.938896764702683
-1.2030300942237
-1.23994605977044
0.451503821791169
-0.0456575131941648
1.63855931950619
-0.339806030834229
-4.46004144098051
-0.608619600569535
1.34798861068426
-0.227661075946341
-0.647542147307349
-0.847509236907791
-2.87691163731948
1.69335303186067
2.1158385596647
1.89116402983877
1.16606667177944
-0.518422903236343
-2.59605103100334
0.959793801183342
0.209594670780504
0.634430846988257
-0.411127241780965
0.418261516294686
-1.53813336713492
-0.591114353147362
1.19638105403505
0.124369527170022
-0.260262771971671
1.2630958922283
-0.874459542005539
0.994331598822496
2.46032692233678
0.890545183808304
-0.914282748196038
-0.15172551644191
-0.880151383513694
1.03253148773541
0.29291321540957
0.61522729311431
0.897118291901501
-0.118875049981945
-1.07566064591893
-0.479487809570312
0.801530417558279
-0.190016726468486
0.626493623456636
-0.872613749920202
-1.77540080054649
-0.131457022091435
1.82607514715903
0.0273931416706744
-0.673859665481117
-0.528813443126531
-1.52397600633884
