y
-0.360477312128562
-1.96194774437762
-2.95105541167714
0.85818242835282
0.913559797122283
0.7435191080503
-1.15999145817203
-1.04954170590925
-2.55561755692297
1.0979178331333
1.62949534346565
1.35832371244847
0.00957874125624644
-0.909431716226258
-0.371676600508323
-0.660161164413053
-0.0808234136313808
1.47322530594451
-0.6888789255221
-0.299605576330989
-2.11675306758225
-0.298283678712202
1.06728277886642
1.30532751020344
-0.834377176807193
0.349299674995934
-0.636033240678019
1.10521986036252
1.23500496991385
0.922946962709303
-0.0749588091391937
-1.42778761627686
-1.12143910143078
0.574894935511979
0.940178931586293
0.748285992677362
0.150957558551683
-1.05083745507426
-0.369576562751656
0.0732608192778505
1.43218289380609
0.441566102420745
0.623414734256182
-0.0798806437859538
-0.300340460422156
-1.52633027709118
2.08242134486903
2.39304930089383
0.858463924829087
-0.313402697092086
0.829413103625114
0.236857903602768
0.760353167726495
0.735179065453209
0.650270291107187
-0.886240023175442
-0.486454621022735
1.3793580783414
0.450294328497349
1.35886250781786
-0.572575472987144
-1.03316969283908
0.92307535212193
1.12481414840475
-0.0971271661504088
0.691374530477379
0.435074464474741
-0.968159364499197
-1.90693730350405
-0.77169471679894
1.78543018435256
1.54004175571328
-0.184042516014402
-0.852042831552668
-1.12462401531225
-1.15630916795226
0.396504009221355
1.3133151191726
-0.0652845969507454
-2.61327051497917
-0.995988019828757
0.178082973335036
0.0929384647345647
1.66950033951586
-0.316701777558111
0.669881202670512
0.486221464822928
0.378015524680221
0.645925412677742
0.681578496326858
-0.336939116242633
-0.684122864942793
-0.984041581800801
0.516061641308996
0.584636874137511
-0.37269935203937
