y
0.189348661916969
-0.117247330621922
-1.95049103725813
0.541935775807401
1.48255754124296
1.0604768018757
0.298174663562023
0.0605941130316462
-0.859128702170278
1.03359055771427
-0.0031003542782812
1.31955445598694
1.36374986288111
0.883659433044086
-1.01608245146131
1.51429024028412
1.88616842791509
1.10091465600545
-0.111837273682876
1.56682467301766
-0.472193818607353
-0.701747517311104
0.206622098030623
1.65368907177879
2.42101670290774
0.916203713236903
0.0354520647191888
0.0560451751191398
-0.253653812920216
0.879556316295289
1.52059712327444
-0.910895013260254
-1.7471508546123
-2.97020647957286
0.208195570779274
-0.83699803656221
1.5714613585371
-2.03359440055421
0.0847978883687516
1.67453618963329
1.33730138843566
1.40252808212952
0.664920025377431
-0.0102365409135061
-1.00963722631638
-0.544275092266146
-0.0559607997609619
1.63813526142992
1.5886982151216
0.133498145178364
-0.354422292523517
1.56037535559265
0.696523859890142
-0.263259765197286
0.823306412440042
0.158687409441196
-1.94941563815277
-2.76107711523044
0.0846917152785182
0.643910894424242
1.27138873026668
0.622012034769203
-1.71796285885051
-0.863908862231247
-0.898284135258759
-1.31796599091177
0.974123020662341
-0.442808418659879
-0.0701485669696746
-2.14446531861871
-0.115183728413882
0.887268084950479
-0.0179289156314478
-0.316524030249627
-0.714701238678051
-1.1538287921747
-1.00840403102502
-0.739746081029604
0.133704921374857
-0.420627148467659
-0.975845439032396
0.403955279414145
0.481897791371509
2.76453962147846
0.394789548082212
0.396555234465124
1.92727782998072
0.324658132168821
0.787729993986105
1.31028986173324
1.07770185407988
0.726700734524192
-1.47397703264957
-2.37907545391004
1.08668674509902
0.14533866774945
