y
0.29290560428804
0.56582024513599
0.664124480053675
0.807654722409338
-2.36082575443854
-3.88007793153736
0.60825741515427
-1.30572956582227
-1.83856932009052
-0.950153587274117
0.9796304657415
-0.857225020303406
-0.140133321634905
-0.660930460511225
-0.468874689884858
0.118985766313836
0.441927850900984
-0.531225033490375
1.12062097260618
1.79615407180315
1.55231520574343
-0.257582667040334
0.027398686797701
-1.08290397456881
1.05205935315206
0.0140330049751948
-0.688685236504821
-2.47589378457547
-0.977500278189347
-2.03297547364455
0.187081397695954
-0.738907955715705
1.61532054102264
0.75443098174966
-3.26559614260082
-2.97251941982907
0.345047646853293
-0.0434846169982873
1.15773216769101
0.0301509720894019
0.168231467906869
-1.76107128356843
-1.27035349104828
-0.0909744144044524
0.0301350845947274
-0.120865865925415
-1.9024530444904
-1.1648691265301
-1.75664281534647
-0.131702140966864
1.52916956951697
0.812552557081165
-0.79506273453174
-2.25838247179808
-2.11939246426648
0.50920926537635
1.81441461432725
-0.376632537751041
-1.5998473132683
-1.42974962625681
0.0473496202323197
0.155145770639104
1.35460867207736
0.815333871951011
-0.806340660889514
-0.0785826824559259
0.367535211727645
0.776186002854089
0.844775262393517
1.97072252687109
0.117650280087277
0.972425727854376
-0.607366124292104
-0.239888635284127
0.802883446322706
1.9662816549181
1.73868604934674
-0.738102550736828
-0.257896640174999
0.615697843949597
0.988958524407989
0.0942823871918277
0.511481921981882
0.0178724488945293
-0.00189397500907643
-0.0488870529003909
0.165683964868872
-0.902716702541331
-2.05629192030967
-0.708017239360827
-0.248044142169936
-1.41923174714237
-0.238752723856379
0.685150110219835
-1.30458997528127
-1.36628428871149
