y
0.189013695318422
0.305000494042767
-0.410667602210919
0.853312703790851
-0.124455922682346
-0.182957256383894
0.452343078772124
1.19433229546484
0.210274454657471
-0.421605725831714
-0.792266192640331
1.55086035349883
1.09093157150952
2.83285375470517
0.75709173272394
0.451004105597839
-0.0917728838116179
2.02471311683657
-2.18936304732983
-0.533267596216157
-1.23450582115
-0.189857113674228
-1.86249416358909
-0.0457238241758177
-0.51665706032173
1.54999064752261
0.637229904608802
0.229488744871071
0.319909352964631
-0.473005002527677
0.822565740682906
-0.384630245528938
-1.79026266387663
1.79724940866262
-0.295540023929388
-0.0107320217730729
-1.99448351478525
0.228196942165475
-0.122073941024147
-0.0130876866549385
-0.641575966692465
1.71755654620912
1.21807560841529
-0.391387027536932
-1.52581452886601
2.49765899332322
0.843362681602448
-0.334584971667226
-0.141040143603805
1.98646106433368
1.02499277772238
-0.55269970867156
-0.110486470548095
0.525251886581628
-0.336769327756326
1.19373702856982
0.859033973441288
0.0226716653912075
0.0727949891318848
0.613030500316055
-1.49639959114259
-2.32352165692937
-0.711935113442395
-1.2076132803814
-2.05534968163868
1.47925619370198
-0.170744404901617
0.0586226121592538
1.21268725362549
-1.90071375931434
-1.3324211546833
-0.280655197632353
-1.68678835532092
-1.26721299658201
1.00759782141269
-0.447343280930057
0.00342776986852522
-1.340588703136
1.76915857651546
-0.0679230113909955
1.28763079608207
1.40407059086986
-1.52320714932941
-0.591499531008107
-0.730226828661846
0.026681429660485
1.41809371680678
-1.77982919697564
-2.03118968069512
0.0411743814087796
-1.10843389191161
0.886542416266869
0.895489802530789
1.50732587440325
0.443712356223178
-1.33384236898446
