age	diseaseAge	x1	x2	x3	x4	z1	z2	z3	z4	id
12.3128641856828	-34.266765913772	-0.362466101155368	-0.253537619845288	-0.550065037769179	-0.91610384385951	1	2	1	2	1
25.102719746639	-21.4769103528157	0.349431118676718	-0.541534176580052	-0.138926848693836	-0.462174992318149	1	2	1	2	1
34.1715839401141	-12.4080461593406	0.785950743326329	-0.0789224834863202	0.376994366748788	0.237665204249138	1	2	1	2	1
46.5796300994548	0	0.718304736248499	0.784876907816342	0.857889118230623	0.832704035635986	1	2	1	2	1
59.4688479000189	12.8892178005641	0.181947625179221	1.3974177572013	1.17343973690287	1.02474816819662	1	2	1	2	1
72.3672017062132	25.7875716067584	-0.542005873843326	1.29603479987542	1.23813516051657	0.71755803389833	1	2	1	2	1
11.4114722920004	-36.083730642541	-0.246949739452072	-0.416616593923874	-0.0658535304107849	-1.12604223046857	1	2	1	2	2
23.9182346766983	-23.5769682578431	0.398459321707817	0.333244047459736	0.825327577050703	-0.442521697708056	1	2	1	2	2
37.3791232908436	-10.1160796436978	0.859420393009679	0.949523850037965	1.22013174591616	0.455299332721747	1	2	1	2	2
47.4952029345414	0	0.941102933656294	1.07720793670517	0.794647079037202	0.806613441741339	1	2	1	2	2
59.6165854501664	12.1213825156249	0.608982870881768	0.642742460415135	-0.102043114632363	0.313719448925646	1	2	1	2	2
72.4349554159847	24.9397524814433	0.00343459955033141	-0.103593879081662	-0.73426113791795	-0.605707637183399	1	2	1	2	2
11.3765745786468	-37.5935256637057	-0.399993143045596	-0.161413097445704	-0.682337265342454	-0.468460113806486	1	2	2	2	3
24.285364030035	-24.6847362123175	0.236508130339009	-0.797902980872697	-0.152964381353373	0.120268108401583	1	2	2	2	3
36.5076462413506	-12.462454001002	0.844486335769152	-0.740163672914223	0.561181798792586	0.661984905564962	1	2	2	2	3
48.9701002423525	0	1.15857770272833	-0.0313628046121893	1.09587197538424	0.963312298331172	1	2	2	2	3
60.1451701800086	11.1750699376561	1.04169101860636	0.798578926212572	1.17840311647003	0.916684705123633	1	2	2	2	3
71.8161873325487	22.8460870901961	0.544843722753465	1.12917229498722	0.766682635745145	0.538746892735177	1	2	2	2	3
12.1177179874817	-37.2294774818883	-1.36325996872891	-0.523698677071594	-1.17670990399534	-1.00520912296861	1	1	1	1	4
24.6306364932674	-24.7165589761025	-0.758946496256264	-1.06097928473536	-1.11777055880192	-0.933829686435534	1	1	1	1	4
36.2287231483218	-13.1184723210482	0.168767963461714	-1.38104551540803	-0.78336432636021	-0.472786035591567	1	1	1	1	4
49.34719546937	0	0.612677273903235	-1.37516885707177	-0.272860060052793	0.17902711381927	1	1	1	1	4
59.8160986493759	10.4689031800059	0.186535089876612	-1.04534564753203	0.26204583416673	0.740416883784308	1	1	1	1	4
72.0274549672802	22.6802594979102	-0.738871454307823	-0.503618905906548	0.66240600358881	0.96919913726055	1	1	1	1	4
10.9639308880384	-36.2164045963151	-0.0909514622603427	-1.30990753671111	-1.34145956346495	-0.478834331794854	2	2	2	2	5
25.0380673886678	-22.1422680956857	0.497772245356242	-0.746473212504744	-0.806632269856063	-0.094360033609969	2	2	2	2	5
35.1072803843273	-12.0730551000262	1.06713851267093	0.124425497623271	-0.0845342014968222	0.401262486420144	2	2	2	2	5
47.1803354843534	0	1.40617739421061	0.641481532713355	0.448312646935986	0.881529507583123	2	2	2	2	5
58.9003060231901	11.7199705388366	1.3892632278	0.412074255095057	0.514067124745152	1.22385667856888	2	2	2	2	5
70.8348548872884	23.654519402935	1.02266329861248	-0.389598520077901	0.0784430203640207	1.34086770173057	2	2	2	2	5
11.716481148835	-36.1603595538047	-0.969017091739051	-0.022750401762955	-0.764380147324791	-0.620280362170483	2	1	2	1	6
23.6645859176771	-24.2122547849626	-0.861036692055205	-0.540692195417148	-0.78718971875622	-0.0650898301641247	2	1	2	1	6
34.5460934683908	-13.3307472342489	-0.0196207218752072	-0.694491063890456	-0.0234338523595117	0.465614659606904	2	1	2	1	6
47.8768407026397	0	0.804119412310809	-0.417576147430435	0.855214616270491	0.800679155467316	2	1	2	1	6
60.0513703522832	12.1745296496434	0.874851089423079	0.17019169770298	1.07604239695627	0.83204425027447	2	1	2	1	6
73.2713045551707	25.394463852531	0.12943387552399	0.814400906757842	0.44484604307672	0.549594597306444	2	1	2	1	6
14.3649061444809	-33.5217672815902	-0.0204616411364531	-0.555510009080694	-1.11120992720049	-0.120358746265474	1	2	2	1	7
24.7343398318545	-23.1523335942166	0.820155987535689	-1.15595772253484	-1.37868321649517	-0.521887656495938	1	2	2	1	7
37.1037901469351	-10.782883279136	0.927912625809045	-1.20101110030507	-1.08770640620498	-0.582791787435254	1	2	2	1	7
47.8866734260711	0	0.206723395815758	-0.662716723952603	-0.40079888010107	-0.280453591253748	1	2	2	1	7
60.2007120928607	12.3140386667896	-0.700338754049746	0.124940060913884	0.298380651217428	0.272849677494441	1	2	2	1	7
72.7083895056403	24.8217160795692	-0.984460953555857	0.673256724468204	0.619319189611694	0.871641592954132	1	2	2	1	7
10.7066254125534	-39.3746903619536	-0.710787886098905	-0.773027149582643	-0.5788098583565	-0.638857352510521	1	2	2	2	8
25.0017450339482	-25.0795707405587	-0.968561655805049	-0.718762425326162	0.27593334730076	-0.702213195781211	1	2	2	2	8
34.748662304767	-15.33265346974	-0.676782726398076	-0.429984432153144	0.664723369978132	-0.405816455217223	1	2	2	2	8
50.081315774507	0	0.00415210205124402	0.0209011529662401	0.291145148548859	0.141464825408757	1	2	2	2	8
60.0219679101988	9.94065213569183	0.699919132619372	0.52084320841449	-0.559983793692556	0.738611423342164	1	2	2	2	8
71.9935179445832	21.9122021700763	1.02804110581163	0.944490620788371	-1.23975936269585	1.16628832889692	1	2	2	2	8
10.7975492998506	NaN	-0.0471583002241075	-0.477760026593217	-1.18605428891673	-0.422001320602854	2	1	2	1	9
22.6616324919222	NaN	-0.604173995228314	-0.0180328442170335	-0.706442918669938	-0.455112977796361	2	1	2	1	9
35.7970354344418	NaN	-0.672824696950746	0.584806068245638	0.00174908257428658	-0.0174118071539401	2	1	2	1	9
48.8255818720611	NaN	-0.215465643742006	1.1097511967939	0.579487294590997	0.674553451114724	2	1	2	1	9
60.5147215655971	NaN	0.517109332517655	1.36435350478025	0.733873882289164	1.27843917310061	2	1	2	1	9
71.0305452330183	NaN	1.12319114976949	1.25527377209283	0.386638971245844	1.49547829785499	2	1	2	1	9
11.7773284544747	NaN	0.194598398430392	-0.462625993859446	-0.654752195986214	-0.742142838268394	1	1	2	1	10
23.5979976880848	NaN	0.819786527029776	-0.777490604399327	-0.123445704302636	-0.51432690683011	1	1	2	1	10
35.4960803217251	NaN	1.28362295339503	-0.806455378632419	0.534279967396293	-0.0532284941485434	1	1	2	1	10
47.3089462752399	NaN	1.4029396190003	-0.540763339674498	1.03345116057447	0.499959385182932	1	1	2	1	10
60.5654298076343	NaN	1.13061861600909	-0.0607416816805438	1.15779132213891	0.975844987078512	1	1	2	1	10
72.2230894744371	NaN	0.57419895295634	0.488483707981847	0.853427428322024	1.22870730950208	1	1	2	1	10
11.5915443836873	NaN	-1.07277830445506	-0.868884738400659	-1.08953006294243	-0.708774962285987	2	1	2	1	11
22.8762988419286	NaN	-0.596603510785066	-0.469568392753481	-1.49143445284961	-1.10060229305149	2	1	2	1	11
35.7373358052904	NaN	0.0874550927546108	0.129328573989882	-1.26576219068777	-0.836484685316407	2	1	2	1	11
47.8384576023695	NaN	0.655817203583589	0.700185866848604	-0.555184315102575	-0.0903145003509819	2	1	2	1	11
60.6636159424384	NaN	0.839630441444364	1.02604011381058	0.19106858359234	0.646637359894043	2	1	2	1	11
70.9472867875821	NaN	0.551945613946844	0.983045237949485	0.501212001935083	0.889169245216536	2	1	2	1	11
11.9693755706004	NaN	-0.335371136492394	-0.48635622945645	-0.840581871258227	-0.780640825591915	2	2	1	2	12
23.8486772165228	NaN	-0.646901076636849	0.0128009503681603	-0.0969096518199292	0.15134375422095	2	2	1	2	12
35.2374019728774	NaN	-0.530512996521399	0.501394287070479	0.667691768798399	0.804105461342895	2	2	1	2	12
46.8126643324407	NaN	-0.0366366428641019	0.85170869473146	0.927658926524443	0.592686520277657	2	2	1	2	12
60.1891993647876	NaN	0.620736487952676	0.972174290357876	0.504298405056358	-0.293454722821819	2	2	1	2	12
72.8604901640222	NaN	1.15677344350406	0.831302159263421	-0.311384814168218	-1.06022265131096	2	2	1	2	12
9.60643880097275	NaN	-0.490918619589069	-0.524016919602386	-1.11705198278748	-0.983627562141775	2	2	1	1	13
24.5878722869616	NaN	-0.486298107101209	-0.938461957698638	-1.47809583299373	-0.179014728331584	2	2	1	1	13
36.5918248781765	NaN	0.0953397336024958	-0.920258325372131	-1.31948226132417	0.559481224074666	2	2	1	1	13
48.2876264979558	NaN	0.887409226380509	-0.477695270567674	-0.724576657172151	0.688826973852871	2	2	1	1	13
59.9780132576662	NaN	1.39069709754037	0.187700674718944	-0.00605426528745157	0.113911570347958	2	2	1	1	13
71.9803315939692	NaN	1.28799887441614	0.772933280228694	0.45843816974935	-0.74251626321291	2	2	1	1	13
12.2932932091383	NaN	-0.943975357233426	-0.305242417655599	-1.06618928201255	-0.513782405489437	2	2	2	2	14
23.9828507058099	NaN	-0.0352046017603402	0.449265757311649	-0.30624904524455	0.218685618824152	2	2	2	2	14
36.154773099637	NaN	0.566178179145969	0.790297762776511	0.430261038868881	0.786789181522122	2	2	2	2	14
47.9271603955258	NaN	0.358868750951177	0.503642607511019	0.64683653632207	0.884410281627265	2	2	2	2	14
58.3661698534587	NaN	-0.484322660457772	-0.230644218190512	0.197477145011982	0.458946580447207	2	2	2	2	14
72.9686674276486	NaN	-1.26052354445585	-0.951338236101308	-0.614889944979372	-0.260344254498639	2	2	2	2	14
12.0198394191683	NaN	-1.03539503800578	-0.607063512977243	-0.369959662915752	-0.0715236884251026	2	2	2	2	15
23.1444223311735	NaN	-0.369068361009991	-0.848751597183525	0.377176383215005	-0.591881064919924	2	2	2	2	15
36.9921239335041	NaN	0.361060489173338	-0.767708906595425	0.917487937633057	-0.836776258436492	2	2	2	2	15
46.8211268365188	NaN	0.733917437330779	-0.390376611153188	0.949363178492841	-0.716179771833382	2	2	2	2	15
59.7513424849621	NaN	0.534471404231763	0.160136008400772	0.455008761586049	-0.274425840054108	2	2	2	2	15
72.2783720662646	NaN	-0.122254687907901	0.704217470485003	-0.28961760849732	0.326085925184804	2	2	2	2	15
12.7349152076797	NaN	-0.708099139380442	-0.0661161221243976	-0.224344742538769	-0.937177733453717	1	2	1	2	16
24.5300157956311	NaN	-0.296184643787989	0.501943509519917	0.550782576541283	-0.331408846820849	1	2	1	2	16
36.7151234952308	NaN	0.311737274917237	1.02964452472335	0.787387892822419	0.350532398287497	1	2	1	2	16
47.3932704566287	NaN	0.880327757643948	1.34164859391701	0.315944301648864	0.778890551624082	1	2	1	2	16
61.2518424232227	NaN	1.18947393894379	1.33428664932389	-0.525760466814895	0.746531293723979	1	2	1	2	16
74.7084294284598	NaN	1.11949908507687	1.0100048319029	-1.13464780776641	0.269102074767182	1	2	1	2	16
