age	diseaseAge	x1	x2	x3	x4	z1	z2	z3	z4	id
11.9556999676103	-33.4865600526712	-0.10026025098912	-0.965076323289598	-0.156739472224527	-0.916254746117105	1	2	1	1	1
23.3498987203677	-22.0923612999138	-0.618275716896759	-1.21326054764624	-0.558909501088601	-1.27188641601293	1	2	1	1	1
34.7492572168061	-10.6930028034755	-0.957551011833964	-0.675423672040541	-0.20168398486359	-1.36072072123473	1	2	1	1	1
45.4422600202815	0	-1.01496176049666	0.218575498143089	0.643550240198981	-1.15657070553399	1	2	1	1	1
59.7964079628504	14.3541479425688	-0.7730576867229	0.754220289281245	1.33466255404913	-0.719616583254066	1	2	1	1	1
73.5742102308107	28.1319502105291	-0.305366709767894	0.50340388967619	1.34660987932694	-0.178665558483381	1	2	1	1	1
11.7216162087289	-36.9875086214591	-0.93450880533327	-0.81644946691297	-0.538638040686014	-0.767300664839175	1	2	1	2	2
24.3299519687013	-24.3791728614867	-1.1155310650122	-0.291330542635395	0.230466460393019	-0.957321956824599	1	2	1	2	2
37.2808713556433	-11.4282534745447	-0.863324236484415	0.418847302343506	0.935404978155642	-0.787335207589759	1	2	1	2	2
48.709124830188	0	-0.28733098946231	0.955847193154002	1.11370503831238	-0.318546386862301	1	2	1	2	2
58.8380769526426	10.1289521224546	0.362502078420784	1.0487888650153	0.648393503619503	0.280250911155534	1	2	1	2	2
73.1079228875846	24.3987980573966	0.804186306383273	0.650789506377921	-0.155263604358681	0.793451826317602	1	2	1	2	2
12.6496024284386	-34.228605841194	-1.11314308706304	-0.397871493791483	-0.792648479477081	-0.579419316799267	1	1	1	2	3
24.3194904850082	-22.5587177846244	-0.562348715930534	0.182485729251342	-0.758946919525316	-0.831140772197506	1	1	1	2	3
34.3397746788046	-12.538433590828	0.260100994408672	0.640267150533272	-0.428292085283437	-0.713101391908553	1	1	1	2	3
46.8782082696326	0	0.797819163488922	0.820414367762688	0.0949895500651211	-0.269239223498225	1	1	1	2	3
61.9519660734101	15.0737578037775	0.687039677828492	0.661908435254438	0.645794918776792	0.335225981620522	1	1	1	2	3
71.8277827374487	24.9495744678161	0.0027048125249988	0.218438025169238	1.05033680960471	0.875292864838599	1	1	1	2	3
9.93939085228706	-37.5220267550627	-0.841216698915479	-1.33937598185707	-1.21887038577516	-0.650911476407078	2	2	2	2	4
23.463862484238	-23.9975551231117	-1.20253994097547	-1.28866395990331	-1.46208351482173	-0.859365502684484	2	2	2	2	4
35.6369157826534	-11.8245018246964	-0.795044002051553	-0.709311385917434	-1.34722120831436	-0.515792827407337	2	2	2	2	4
47.4614176073498	0	0.0678459493057166	0.0568377577331042	-0.915673605081103	0.189232762781537	2	2	2	2	4
58.5956576995303	11.1342400921805	0.722438811882126	0.55772114128071	-0.322947030494224	0.864645836692055	2	2	2	2	4
71.9146305584041	24.4532129510543	0.66525502014682	0.497795121317371	0.217372039993947	1.13580651081378	2	2	2	2	4
11.6630125908596	-34.1569597660307	-0.756237774491186	-1.1237524649997	-0.51083226218407	-0.514367476391872	1	1	1	1	5
23.6833901348077	-22.1365822220826	-0.505455216284391	-1.32164909945972	-1.08974571170849	-0.0369986857949574	1	1	1	1	5
36.3920733826946	-9.42789897419581	0.0345575885926958	-1.17779331943313	-1.44482735682289	0.611306338710407	1	1	1	1	5
45.8199723568904	0	0.654011694645524	-0.741405645612943	-1.44312816940697	1.15611771836216	1	1	1	1	5
61.2633896381341	15.4434172812437	1.1122560978286	-0.161796926165747	-1.08528435614349	1.36681481131027	1	1	1	1	5
71.9003505342479	26.0803781773575	1.23126796376776	0.362718645595393	-0.50527915116134	1.15420877050334	1	1	1	1	5
11.7970568669231	-35.5013373900858	-1.46869671722321	-0.624390132486343	0.119111840589645	0.186263856455614	1	1	2	1	6
25.8632504647519	-21.4351437922571	-0.925307451913289	-1.28871268468728	0.719045258159647	0.750429999407369	1	1	2	1	6
36.4030917894261	-10.8953024675828	-0.019097995837059	-1.36117091447884	1.09903721283109	1.15207979935373	1	1	2	1	6
47.298394257009	0	0.505617287681201	-0.792550039025687	1.1108802164843	1.25722633227399	1	1	2	1	6
60.9166171644221	13.6182229074132	0.2178639483533	0.0309335935558232	0.749955166526042	1.03079361775112	1	1	2	1	6
72.8243037529799	25.525909495971	-0.646012054153061	0.549956794408496	0.157032925065826	0.548317664817424	1	1	2	1	6
12.2687383808761	-37.5062217852291	-0.0670519152791773	-0.6548387913282	-0.0872821636542441	-1.23087885452021	2	2	1	1	7
26.3052468647744	-23.4697133013308	-0.545619099830982	-0.0286239766124231	0.633698438447624	-0.937949982848124	2	2	1	1	7
35.5598485218431	-14.215111644262	-0.486038225315784	0.865287835486982	1.14124395282368	-0.264055004195364	2	2	1	1	7
49.7749601661051	0	0.0780691008391747	1.29993259003578	1.17079591317196	0.427411728925985	2	2	1	1	7
59.1217224506854	9.34676228458028	0.828375978917516	0.921840169572814	0.706950338796143	0.763580387052845	2	2	1	1	7
70.8652202712921	21.090260105187	1.3414827272265	0.0384901211846545	-0.0085129293201085	0.563173774591488	2	2	1	1	7
11.4961100419983	-37.9314465885019	-0.500658669969217	-0.285431054732159	-1.20613550178926	-0.493656822372755	1	2	2	1	8
24.3878087860284	-25.0397478444717	-1.10235090849124	0.638657820618937	-1.36093967548751	-1.1330189461867	1	2	2	1	8
37.9614244286566	-11.4661322018435	-1.24315635213563	1.07494346730651	-0.831235813970555	-1.03668480524141	1	2	2	1	8
49.4275566305002	0	-0.845970653877522	0.645885060301701	0.0089120331573459	-0.280079520718953	1	2	2	1	8
60.9632096102043	11.5356529797042	-0.128290688263515	-0.277230684465175	0.566211785557231	0.544410400249133	1	2	2	1	8
71.3464058110693	21.9188491805692	0.516885634332708	-0.895583355361389	0.447111843229136	0.791247959126394	1	2	2	1	8
12.2108284681841	NaN	-1.45755442771317	-0.473471931790702	-0.169166527624691	-1.26407868830534	1	1	1	2	9
23.6488385947909	NaN	-1.37220587963752	0.45832513202237	-0.731213364098079	-0.905340588211603	1	1	1	2	9
35.8820903676375	NaN	-0.866585676654841	1.10995416817976	-0.477050533217768	-0.0862785463163405	1	1	1	2	9
46.4563178916491	NaN	-0.17969188105383	0.898061713466972	0.382035292037051	0.60515127727461	1	1	1	2	9
59.9145135657795	NaN	0.363792503641618	0.0123388197355819	1.13188230762529	0.672612337504779	1	1	1	2	9
71.2807822881945	NaN	0.506971661045717	-0.754294785935555	1.14913940977512	0.067678332212956	1	1	1	2	9
12.6531455024198	NaN	-0.377576086809813	-0.641674900610163	-0.608280201085356	-0.877969696257967	1	2	1	1	10
23.990205766105	NaN	-1.02817231884171	-1.08402495451046	-0.518799756480413	-0.74790809047233	1	2	1	1	10
35.7714470101878	NaN	-1.11771773681555	-1.36367098942991	0.179697128868458	-0.127299833125004	1	2	1	1	10
47.1994538721159	NaN	-0.588123901436444	-1.41172586436619	0.990810644032978	0.624029839371636	1	2	1	1	10
59.4684292105972	NaN	0.21705973436486	-1.21635188976814	1.338107874258	1.07046413682972	1	2	1	1	10
72.5200534497516	NaN	0.775507608791905	-0.825676887438073	0.974775579519551	0.953162921813641	1	2	1	1	10
10.7466969348663	NaN	-0.117690110827418	-1.02822668404216	-0.525073140219989	-0.471736909678855	1	2	2	1	11
24.203911493426	NaN	-0.563223380026091	-0.259914803045778	-0.0873758006071872	0.103570045922482	1	2	2	1	11
35.8592558317363	NaN	-0.816630720193797	0.406994290672924	0.405789517598906	0.516866968828049	1	2	2	1	11
47.0227349775062	NaN	-0.809890520241606	0.554277478222642	0.834434864787384	0.62611481722128	1	2	2	1	11
60.504101903781	NaN	-0.5448120381788	0.0895724951846546	1.09427010858136	0.393768042499476	1	2	2	1	11
72.7225001544204	NaN	-0.0925497457068994	-0.695701079369508	1.12207689807795	-0.100322015001602	1	2	2	1	11
11.3521039052044	NaN	-0.00497805989870354	-1.24287871377824	-0.472357767410919	-0.633180638597445	2	1	1	1	12
23.5103052551839	NaN	0.896320883079343	-0.48489611096211	0.321296571607729	0.00530455769765048	2	1	1	1	12
37.1765444634857	NaN	1.29616290244456	0.371786660086518	1.02901228203817	0.474946382274339	2	1	1	1	12
47.5852643365898	NaN	0.860326969732014	0.611374572285175	1.16097581327561	0.582501436184658	2	1	1	1	12
62.7161841693279	NaN	-0.0468791969639931	0.033681696960463	0.625854551343666	0.283714069475807	2	1	1	1	12
72.963058677364	NaN	-0.667137653610883	-0.878604906788433	-0.205991426331102	-0.298473758077716	2	1	1	1	12
11.7167884516134	NaN	-0.750160286490029	0.0238858260157866	-0.50715561585356	-0.819175188282883	1	1	2	1	13
24.6247319429049	NaN	-0.65781583549351	0.849926881017786	-0.64424507247602	-0.197337730042545	1	1	2	1	13
37.1160893083507	NaN	-0.131941193159041	1.25395259450895	-0.473172513458901	0.571782209513369	1	1	2	1	13
47.9955787674136	NaN	0.569046945142591	0.948858693316181	-0.0466827681094268	1.02222796212477	1	1	2	1	13
60.9590073781766	NaN	1.10068048072178	0.151447622993256	0.503729498682931	0.881105546860784	1	1	2	1	13
71.9329226257721	NaN	1.20171277730265	-0.571633202395517	1.00836202007092	0.233911291473882	1	1	2	1	13
12.3322839220222	NaN	-0.335832000864138	-1.28361419395856	-0.531103852709277	-0.227493621802159	1	2	1	1	14
26.5663291815115	NaN	-0.699774320305871	-1.17676141569151	-0.395253432246643	-0.690213850803734	1	2	1	1	14
34.8951722480093	NaN	-0.67599673923835	-0.393756349800581	0.424664283353309	-0.663741660745007	1	2	1	1	14
48.4384773184967	NaN	-0.274108806241678	0.429884117662806	1.23669782900261	-0.161770511431465	1	2	1	1	14
58.0895485796956	NaN	0.343469188540997	0.625661853148648	1.35554941088366	0.556041376891812	1	2	1	1	14
71.7985039419712	NaN	0.927147275212628	0.0346761518797754	0.680916858856813	1.11838629531033	1	2	1	1	14
12.001330597069	NaN	-0.836481038285021	-0.374968583561314	-0.538726022299239	-0.755777960443485	1	1	1	2	15
24.8382742866929	NaN	-1.08637456499072	0.504196306981884	-0.282924320427763	-0.380581946882648	1	1	1	2	15
35.8532109529354	NaN	-1.0701866843536	0.827360212283009	0.373339341312503	0.159551313969124	1	1	1	2	15
47.7829890650699	NaN	-0.792344954881008	0.326673866209345	1.07683193015586	0.695047622571629	1	1	1	2	15
59.8679044026864	NaN	-0.328842061507818	-0.582876811838429	1.44889950688164	1.05778854506874	1	1	1	2	15
73.9238643249777	NaN	0.193548996586281	-1.14742519991006	1.28927719902667	1.13389199710978	1	1	1	2	15
11.9205691830735	NaN	-0.482860999140075	-0.125200223711629	-1.00197009344419	-0.151484141916763	2	2	2	2	16
24.6671760434939	NaN	-0.587453825437145	-0.613032206387673	-1.2576631090382	0.627421807047042	2	2	2	2	16
34.9291906735478	NaN	-0.142356862732614	-0.381030675144884	-1.18212544975371	1.07133888651876	2	2	2	2	16
48.5648292388372	NaN	0.6001334316771	0.401464057323614	-0.800714272112131	0.903740187576339	2	2	2	2	16
61.8776562341486	NaN	1.21914770447561	1.16330100780182	-0.241465088758187	0.229027077729804	2	2	2	2	16
70.2901229346036	NaN	1.36380711098598	1.34840752140649	0.307888336631815	-0.532504988524958	2	2	2	2	16
