age	diseaseAge	x1	x2	x3	x4	z1	z2	z3	z4	id
10.152046397171	-38.7155707528564	-0.859434167676983	-0.708163330253362	-0.03841847823614	-0.0995376085932507	2	1	1	1	1
23.8710249245225	-24.9965922255049	-0.722100535033105	-1.2022983921092	0.633126227415876	0.458994668796047	2	1	1	1	1
35.8629858233252	-13.0046313267022	-0.0986857636939126	-1.37821821744449	1.1548166536669	0.914767767897986	2	1	1	1	1
48.8676171500274	0	0.650512946580255	-1.16795723410339	1.29138165226005	1.12522411369586	2	1	1	1	1
60.6533559647337	11.7857388147063	1.09250265146763	-0.652748515206516	0.981233349594512	1.02453677089459	2	1	1	1	1
71.0202203322815	22.1526031822541	0.971839206371291	-0.0316398672916554	0.364241951497922	0.644198917685056	2	1	1	1	1
12.1887206887132	-34.6281091171383	-0.109273143927096	-1.10932848582986	-0.415134735802659	-0.813559646774719	2	2	1	1	2
24.8646626053827	-21.9521672004688	-0.626845749524594	-1.01533890217705	-0.883151155609554	-0.776443188147017	2	2	1	1	2
35.1057491648057	-11.7110806410458	-0.673987719088724	-0.640776329653505	-0.713142392850819	-0.149951419621437	2	2	1	1	2
46.8168298058515	0	-0.226258121673391	-0.102470872660823	-0.0158561705687265	0.653087400914677	2	2	1	1	2
58.7972757029138	11.9804458970624	0.484215953545284	0.431674193477201	0.754478798708077	1.10350891097011	2	2	1	1	2
71.3622368731395	24.5454070672881	1.08908655734156	0.795053264196098	1.09604812351605	0.904506773011033	2	2	1	1	2
11.3787762280842	-37.5481933487973	-0.775521168947431	-0.453445897637851	-0.952592968533808	-0.064881623642458	2	2	2	1	3
25.0392862933774	-23.8876832835041	-0.0852570453646037	-0.908558054910576	-0.896408203272492	-0.874515972055623	2	2	2	1	3
35.2565347592866	-13.6704348175949	0.61696484485878	-1.11724898385554	-0.105870898114127	-0.95227195586257	2	2	2	1	3
48.9269695768815	0	0.934606341410287	-1.01413070955222	0.741355368950015	-0.230632193406045	2	2	2	1	3
59.2962737789547	10.3693042020732	0.688298249972499	-0.631512710750269	0.919012166141235	0.663786238719617	2	2	2	1	3
72.4858313755423	23.5588617986608	0.0171284554556074	-0.0892785695310214	0.274808715967438	0.954338409970648	2	2	2	1	3
13.287820481262	-34.2971633679433	-0.190074372509756	-0.522649277646666	-0.319320277398365	-1.37941496271259	1	1	1	2	4
24.1660563581036	-23.4189274911018	-0.887425779036999	-0.51374260320582	-0.887825856604038	-1.40815485658138	1	1	1	2	4
37.1514549928304	-10.433528856375	-1.00511231055707	0.0291103571347767	-1.06285704736815	-0.876126143416751	1	1	1	2	4
47.5849838492053	0	-0.462097227567143	0.790885999583918	-0.760441373468526	-0.102144674784555	1	1	1	2	4
59.4912937023293	11.906309853124	0.367709462916775	1.32951745576877	-0.12566493570175	0.449984579936045	1	1	1	2	4
71.3102204851894	23.725236635984	0.912918429032379	1.33243090765914	0.536933691441208	0.449400608618256	1	1	1	2	4
14.2093316273254	-33.5586031757393	-0.749145822725809	-0.414906615065624	-0.63666311149437	-0.609249251576006	1	2	1	2	5
23.7006803279671	-24.0672544750976	-0.932847543530916	0.465102607504583	-0.124364259062226	-1.10547335581307	1	2	1	2	5
36.5104192594187	-11.2575155436459	-0.815143354644709	1.1432160331003	0.485140513419077	-1.41261637867158	1	2	1	2	5
47.7679348030646	0	-0.431579380527617	1.06903148211061	0.964946079447543	-1.4399835536355	1	2	1	2	5
61.2298191702978	13.4618843672332	0.102009820241617	0.302762094427727	1.13643145429677	-1.17949376096961	1	2	1	2	5
73.515336013991	25.7474012109263	0.624482759660209	-0.533636679384497	0.935756431244509	-0.708065762186941	1	2	1	2	5
12.2786191515175	-35.7580537117025	-1.35320760625021	-1.03030063192353	-0.745609653009856	-0.411379231225779	1	1	1	2	6
23.6950245238398	-24.3416483393801	-0.839926975813064	-0.199673353156661	-0.837793750482164	-0.731628895435841	1	1	1	2	6
37.4109335410674	-10.6257393221526	-0.100578950669511	0.602116291215914	-0.607640943103219	-0.530842218016692	1	1	1	2	6
48.03667286322	0	0.459814811859794	0.696892459275355	-0.12993641890379	0.0859507564779538	1	1	1	2	6
62.3731615749408	14.3364887117208	0.534265447622944	0.0044908485532133	0.440095894707834	0.796110127710708	1	1	1	2	6
70.9388622403228	22.9021893771028	0.0819882126835308	-0.889436121275145	0.917231345282078	1.22815671509277	1	1	1	2	6
13.538822436995	-35.1938691166741	-0.784567332712114	-0.45316355549499	-0.0904180055387528	-1.42297559133482	1	2	1	2	7
23.5808839891841	-25.1518075644851	-0.543479493951976	0.15239257767874	-0.625352240733856	-0.88764365902664	1	2	1	2	7
35.3501071254541	-13.382584428215	0.220397667740402	1.0130574769264	-0.650768697685559	0.0353142822128947	1	2	1	2	7
48.7326915536692	0	0.974178934615258	1.4849808649822	-0.152506468109487	0.559633515531828	1	2	1	2	7
61.7797484662951	13.0470569126259	1.19202204475135	1.21512405685557	0.591825112121836	0.238648277404804	1	2	1	2	7
71.2339953170142	22.501303763345	0.721958358422663	0.40536281265508	1.16751791666142	-0.654195204455291	1	2	1	2	7
13.2816469103391	-34.592899562557	-0.944647201591403	-0.851983828777295	-0.0490761164277193	-0.26642774981807	1	2	1	2	8
24.0520979174912	-23.8224485554049	-1.44509254744378	-0.19721617515521	-0.796283144574736	0.397445857617975	1	2	1	2	8
35.6094003392086	-12.2651461336874	-1.24514057208223	0.409452330278094	-1.0260317859429	1.02061385023286	1	2	1	2	8
47.874546472896	0	-0.48761152789329	0.692708831838335	-0.581900135162748	1.30820451542077	1	2	1	2	8
60.9142079308438	13.0396614579477	0.286412212290394	0.524008406495447	0.233729523212451	1.12413520295195	1	2	1	2	8
71.1102979196092	23.2357514467131	0.52406656334878	-0.0200908329750745	0.865544459239529	0.555504149656727	1	2	1	2	8
11.5868114878443	NaN	-0.905558828348898	-0.67836604543512	-0.00544008424527753	-0.487941145111714	1	2	1	1	9
24.376872119292	NaN	-0.166676041399206	-0.652228221961084	0.656182396725334	-0.606671712712005	1	2	1	1	9
34.9372485188585	NaN	0.503292745467675	-0.0996803652484507	1.24324592903548	-0.221779561533609	1	2	1	1	9
47.7328915753215	NaN	0.708970111819483	0.660124223228656	1.49055224919825	0.468944698036537	1	2	1	1	9
58.9263458576369	NaN	0.328976990237607	1.18832013128609	1.28638396540356	1.11054767842955	1	2	1	1	9
71.6269904584066	NaN	-0.412436321147425	1.17981981612785	0.722971426398135	1.37331871984248	1	2	1	1	9
13.4662398477711	NaN	0.146537280537045	-1.09721758526735	-1.02985968093979	-0.260010507027665	2	2	1	2	10
24.1673188260932	NaN	0.954469846250684	-0.795846564500202	-0.255650419851679	-0.628849038459562	2	2	1	2	10
37.7723331778782	NaN	1.42820585819463	-0.27651705790325	0.455381106757437	-0.664789394665915	2	2	1	2	10
45.8796310831572	NaN	1.25463437101241	0.290332489405892	0.628246474463185	-0.355031814630778	2	2	1	2	10
59.3467396143947	NaN	0.548475674207763	0.718668058116289	0.147466909721347	0.190106959803795	2	2	1	2	10
72.8548059553763	NaN	-0.22354190345895	0.867914450030648	-0.665783744387975	0.77648177344719	2	2	1	2	10
11.6042941075484	NaN	-0.663726512975757	-1.31500872674918	0.141975762582591	-1.06237155663136	1	1	1	1	11
24.1153114054965	NaN	-0.721872906937031	-1.1222562579714	-0.541861884023514	-1.03920582882538	1	1	1	1	11
35.5445689891032	NaN	-0.447332566983002	-0.388541453534581	-0.380588175411592	-0.61309550626908	1	1	1	1	11
49.800837739177	NaN	0.0667858673724667	0.383000274057538	0.48223818427123	0.0317842601732292	1	1	1	1	11
59.5854053940189	NaN	0.646122344051598	0.663294190277996	1.27856742940499	0.616700893545081	1	1	1	1	11
72.6064070915863	NaN	1.09419851975016	0.260132376863351	1.29954257710134	0.888839328142261	1	1	1	1	11
12.2007741691996	NaN	-0.154478764966353	-0.769493500777445	-0.101151249744646	-0.905867349559443	1	1	2	2	12
22.6281296288421	NaN	0.760774787990411	-0.673463462266822	0.492882756372548	-0.601672519390627	1	1	2	2	12
36.278755798269	NaN	1.17135920831471	-0.337281458064324	1.00427221620826	0.20042283392191	1	1	2	2	12
48.6895102411781	NaN	0.725586886550125	0.149470417460445	1.25174868630018	0.924410029686006	1	1	2	2	12
58.9497418196997	NaN	-0.194714240238907	0.657087861570397	1.1475910107576	1.05037219299664	1	1	2	2	12
73.4382555833848	NaN	-0.801256825433531	1.05030654359504	0.728719191268336	0.487852124212832	1	1	2	2	12
11.5696766893999	NaN	-0.251202157371952	-0.998767864590066	0.334962503913215	-0.205001958995213	1	1	1	1	13
22.699456594954	NaN	-0.626677708231149	-0.410339128678532	-0.413250103820859	0.426972716966886	1	1	1	1	13
36.7356008579173	NaN	-0.346574297985434	0.352879033603833	-0.454436459469448	1.01445846011712	1	1	1	1	13
46.5237509186592	NaN	0.405096720546374	0.842600764228539	0.244824698566147	1.310646255548	1	1	1	1	13
60.8305970649087	NaN	1.13453200211616	0.771181799657903	1.11710783043201	1.19110445726601	1	1	1	1	13
72.7431651517922	NaN	1.36253576386043	0.18057097365174	1.45458622315166	0.70605384733819	1	1	1	1	13
11.3124842379075	NaN	-0.818857808087263	-0.629622292092155	-1.39847590395428	-1.15923242855243	1	1	1	2	14
22.0410788282218	NaN	-1.09237470068005	-0.407792921019936	-0.963398928402799	-0.624897288578894	1	1	1	2	14
35.0860356902439	NaN	-1.03182195063201	0.0587538246194257	-0.16729788983409	0.0971910708225536	1	1	1	2	14
48.2334499253226	NaN	-0.657807082740861	0.621949629273296	0.470325304261863	0.630527006233983	1	1	1	2	14
59.3675152150148	NaN	-0.0976161518706822	1.1030525878682	0.533384693002203	0.69702268130468	1	1	1	2	14
69.5152026748595	NaN	0.458104694772816	1.3493746678493	-0.0192696168410169	0.262006443180753	1	1	1	2	14
11.6906677537321	NaN	-0.203573252666437	0.0708601181365206	-0.370042427639028	0.269413173001611	1	2	2	1	15
25.6783854705424	NaN	-0.520411833922887	-0.418865770555341	-0.73830210475895	1.01693622399396	1	2	2	1	15
35.850481943986	NaN	-0.440860996757053	-0.672122612008039	-0.794925266207203	1.3808510615679	1	2	2	1	15
48.1614673536068	NaN	0.00291715092213674	-0.607066385845754	-0.520815591401239	1.14040167018431	1	2	2	1	15
60.511405732438	NaN	0.631504752788073	-0.244721057577408	-0.00841733973933709	0.44144813605048	1	2	2	1	15
72.557568213209	NaN	1.19076617681364	0.297815653897207	0.569461736095608	-0.292014195463768	1	2	2	1	15
13.6616643689136	NaN	0.12652051819661	-0.126692800275952	-0.521930683378291	-0.791355487276487	2	2	2	1	16
25.535870792761	NaN	0.639792279041536	0.503609998290164	-0.759050921458002	-0.0822500836553337	2	2	2	1	16
35.8230598676408	NaN	1.04329351709917	0.928477715133126	-0.666229251705773	0.540015868777917	2	2	2	1	16
46.9560662648046	NaN	1.22809502548699	0.972592840609559	-0.274356083228384	0.749141225060764	2	2	2	1	16
60.588654495989	NaN	1.14430778320403	0.617751699482371	0.28615590636828	0.435465729913366	2	2	2	1	16
72.5949670407023	NaN	0.814550996805113	0.0103760195394293	0.828772207264315	-0.236526809036613	2	2	2	1	16
