age	diseaseAge	x1	x2	x3	x4	z1	z2	z3	z4	id
11.0546058855614	-39.2974785122892	-0.588294720423041	-0.71324252076575	-1.41466281033626	-0.363738274554954	1	1	1	1	1
23.1256608275689	-27.2264235702818	-0.207964728838394	-1.00601820425986	-1.2599855448174	0.457575048159999	1	1	1	1	1
36.4043961044835	-13.9476882933671	0.327162624553067	-0.628966914394376	-0.866240989271768	0.855133790198939	1	1	1	1	1
50.3520843978506	0	0.85370594765108	0.16494970003287	-0.344828863156027	0.548468681755176	1	1	1	1	1
60.4243659303692	10.0722815325186	1.21090466526987	0.843097323236484	0.156730915470003	-0.246074540188384	1	1	1	1	1
73.6012645009326	23.249180103082	1.28970132898876	0.950510422662231	0.49653513082152	-0.967962465787774	1	1	1	1	1
14.1837725866655	-34.3817766954764	-0.00691171046579217	-0.328328572135785	-1.25559493414205	-0.387926706541392	1	1	2	2	2
24.5400750370997	-24.0254742450421	0.710913125263786	-0.958450675606156	-1.27919598672649	0.460045172113518	1	1	2	2	2
36.2987031539066	-12.2668461282353	1.13527583005496	-0.94841250001709	-1.02555335640617	0.664736213251524	1	1	2	2	2
48.5655492821418	0	1.03825951210168	-0.305251657820727	-0.566817323957501	0.0537482542374611	1	1	2	2	2
61.4400801968624	12.8745309147206	0.471969734387533	0.520121552432264	-0.0334783101020509	-0.858322653530325	1	1	2	2	2
73.1913115503835	24.6257622682417	-0.259450361993932	0.94905050827096	0.422751965603861	-1.3032975618284	1	1	2	2	2
10.6984377888073	-38.2528713130448	-0.581991155661095	-1.39517919429086	-0.531626846637134	-0.832897773016612	1	2	1	2	3
24.1205064057295	-24.8308026961225	-0.601129981193993	-1.44624253941734	-0.88161695351936	-0.83411366596534	1	2	1	2	3
34.7029812072926	-14.2483278945594	-0.31955080933392	-1.14332773933137	-0.903819085868863	-0.459095619771825	1	2	1	2	3
48.951309101852	0	0.175401644635828	-0.596333809572417	-0.590522481601893	0.143604661136051	1	2	1	2	3
60.1877200297699	11.2364109279179	0.730195140084044	-0.00371290358270315	-0.0505345083676607	0.735246255096539	1	2	1	2	3
70.877984953444	21.926675851592	1.1727349883985	0.419529128352819	0.528607946648868	1.08146879442774	1	2	1	2	3
13.1049204789308	-35.7189234436457	-0.46370429009368	-1.32804889484137	-0.731815927573907	-1.42203815319197	1	1	2	2	4
24.3289245356663	-24.4949193869102	-0.521070323065992	-1.04443293969841	-0.163639369676993	-1.13761862994885	1	1	2	2	4
35.4997695677211	-13.3240743548553	0.0153455799334247	-0.522705301006279	0.778090043502727	-0.618411409886099	1	1	2	2	4
48.8238439225764	0	0.808248722206029	0.0583086408127498	1.2553850450009	-0.0404334131483264	1	1	2	2	4
59.8690323030126	11.0451883804362	1.35906696338698	0.49946275764307	0.843530076140512	0.400374504733148	1	1	2	2	4
72.9360451404563	24.1122012178799	1.32144951380672	0.64954874285788	-0.0909903772900107	0.554573643596416	1	1	2	2	4
11.8979529761356	-24.4522903400322	0.110430913263492	-0.153358489591201	-1.13263424770789	-0.318716729066776	1	2	2	2	5
24.5109161845856	-11.8393271315822	0.948281045581539	-0.808856939220859	-1.47680682555066	-0.920717253589953	1	2	2	2	5
36.3502433161678	0	1.27649923095186	-1.12157827605036	-1.30729550661813	-1.21750032242826	1	2	2	2	5
46.3827774128984	10.0325340967306	0.84528933750362	-0.934524699212965	-0.711921272517215	-1.07876686599708	1	2	2	2	5
59.3547464209886	23.0045031048208	-0.0171688805357481	-0.341604096496131	0.000862435462855804	-0.565426155044236	1	2	2	2	5
71.9042255809588	35.553982264791	-0.654486666024777	0.359515225681131	0.461774289665442	0.0971456888109591	1	2	2	2	5
11.961143389731	-35.4282613075117	-0.629306097301782	-0.764109551183084	-0.737941008849165	-0.626116477410281	2	2	2	1	6
24.3637166420341	-23.0256880552086	-0.486343519444034	-0.390615746522274	-0.899725539497661	-0.00837942965965094	2	2	2	1	6
35.7602790948477	-11.629125602395	-0.0145091663822172	0.0904015516399257	-0.592452283764749	0.423427310326948	2	2	2	1	6
47.3894046972427	0	0.604406468054488	0.562504000639867	0.0388251050619114	0.499469221296589	2	2	2	1	6
60.9364340385771	13.5470293413344	1.13194474241123	0.911411247278141	0.696101220463007	0.189838151410125	2	2	2	1	6
71.2301240275206	23.8407193302779	1.3648533017317	1.05266441305471	1.06909750750787	-0.383684464144954	2	2	2	1	6
12.7739950552922	-34.0973137116916	-0.547008400964556	-0.745588820756096	-0.684311967272313	-0.644299237730586	1	2	1	2	7
23.9822067212236	-22.8891020457602	-0.839724758418769	-0.268248892623275	-0.978587388438306	0.186008766138824	1	2	1	2	7
34.5285214587336	-12.3427873082502	-0.638488958482858	0.269312450846921	-0.618221638888416	0.721055335298716	1	2	1	2	7
46.8713087669838	0	-0.0429423988572514	0.711124559888197	0.160639602700441	0.591897489647418	1	2	1	2	7
60.458779738924	13.5874709719402	0.652031546745834	0.928997930997675	0.847612880853164	-0.1124035876868	1	2	1	2	7
72.3964259964316	25.5251172294478	1.10231828575724	0.859717729865746	0.992528413327938	-0.906194958552208	1	2	1	2	7
11.9820155793908	-34.5858395199504	-0.876043841901343	-0.433315669508344	-1.14573812350846	-0.988565525153199	1	2	1	2	8
25.439896751322	-21.1279583480192	-0.295488624075509	-1.1170476945229	-0.59792024479149	-1.15509787335546	1	2	1	2	8
36.8854389412542	-9.68241615808704	0.337592489377581	-0.98923662246357	0.326235932451767	-1.0546328208723	1	2	1	2	8
46.5678550993412	0	0.758712865595514	-0.160091801942606	0.836968448683865	-0.714053084494402	1	2	1	2	8
60.0127379967714	13.4448828974302	0.791938160670733	0.65542906343493	0.497817403780384	-0.224491932670696	1	2	1	2	8
72.2443899864282	25.676534887087	0.423387615513186	0.754115978597259	-0.401386759745011	0.283052506683713	1	2	1	2	8
12.0942455371239	NaN	-0.945547905492875	-0.861353902256468	-0.978583240557183	-0.126514608193975	1	1	1	2	9
22.5959932120556	NaN	-0.980306386017794	-1.26237407620792	-0.363997321787015	0.369823109828662	1	1	1	2	9
36.2450068520175	NaN	-0.715343404940401	-1.46205829712435	0.541477663610982	0.868753273309185	1	1	1	2	9
49.8198378177374	NaN	-0.231997890126512	-1.40944716026927	0.985446718382759	1.23793316849949	1	1	1	2	9
59.0785658339441	NaN	0.321351672478971	-1.11796702554402	0.598998385963816	1.3794367272503	1	1	1	2	9
72.7270371246225	NaN	0.774836797949085	-0.662003611008575	-0.296752121521703	1.25572970861803	1	1	1	2	9
11.7750986044787	NaN	0.0240561344991814	-0.774694208364682	-0.48022814459715	-0.297277488066852	2	1	1	1	10
24.3884722150163	NaN	0.714357737348019	-0.174605649884558	0.29779595858252	-0.869615315249481	2	1	1	1	10
36.9461147429886	NaN	1.05649621452367	0.705385953912906	0.870979374189068	-1.18955084927373	2	1	1	1	10
49.2457886778984	NaN	0.867631625715585	1.17815291872391	0.891265977534458	-1.13374333383321	2	1	1	1	10
61.5993055350548	NaN	0.248693835432156	0.874542552245379	0.34633706512653	-0.723707544343565	2	1	1	1	10
71.3848179394016	NaN	-0.469554742331098	0.0316242618998039	-0.432908316902224	-0.117519464901342	2	1	1	1	10
11.5640530821514	NaN	-0.97309131284368	-0.0320827934335569	-0.741570803524285	-1.05645200047023	2	2	2	2	11
24.1667285716375	NaN	-0.408777149360254	-0.402074560520669	-0.863765639170243	-1.35329244573361	2	2	2	2	11
37.6827645474644	NaN	0.321708400877662	-0.509573695875485	-0.450774456530072	-1.23990293815813	2	2	2	2	11
46.7849393804802	NaN	0.827209575241664	-0.322861583351759	0.271259946162212	-0.763334510278164	2	2	2	2	11
61.2003885912898	NaN	0.837043815666773	0.102970637875788	0.906971064464011	-0.121339468144676	2	2	2	2	11
71.3976313314199	NaN	0.345945145554134	0.642277224488028	1.10826068900871	0.419686026373289	2	2	2	2	11
11.1549520513236	NaN	-0.360175536178251	-0.484791317787142	-1.00683872814712	0.149782101066046	1	2	2	2	12
24.0682877661774	NaN	-1.05062280197955	-0.750756144297541	-0.856907534423036	-0.591195282305957	1	2	2	2	12
36.1050501979567	NaN	-1.23158141817523	-0.545819759319306	-0.379250210462018	-0.573432987529684	1	2	2	2	12
47.3145837139543	NaN	-0.788206230023108	0.033404827531679	0.241408729995043	0.188038903219713	1	2	2	2	12
59.5462537172087	NaN	-0.00188473463532804	0.713854194232354	0.76504172906603	1.04887880929694	1	2	2	2	12
70.8647673760368	NaN	0.628345134821802	1.17474459506008	0.989144090853161	1.28066201469775	1	2	2	2	12
11.2302400598277	NaN	-0.943236983623728	-0.634742397210981	0.0429563948606905	-1.29208815822262	1	2	2	2	13
23.0288609214244	NaN	-0.50216516775104	-0.134950623146661	-0.723405637682662	-1.20344341601588	1	2	2	2	13
36.5214430198494	NaN	0.0969948956251924	0.46928922243114	-0.934645180415066	-0.680321770861801	1	2	2	2	13
46.9481755237677	NaN	0.634923469137622	0.957302523973574	-0.438757460293492	0.0203890417648255	1	2	2	2	13
59.2651198627561	NaN	0.914714315744455	1.1508617969995	0.407424235803606	0.554593120756099	1	2	2	2	13
71.3171375143902	NaN	0.833951305355481	0.97927720125176	0.995000385539427	0.659960513978159	1	2	2	2	13
11.9667461103874	NaN	-0.475418942084775	-0.711150661182948	-0.65562682425251	-1.11479760750195	1	1	1	1	14
23.900475668106	NaN	-1.11506908867705	-1.02610602864002	0.196351568546608	-0.301410909087134	1	1	1	1	14
35.5976093783206	NaN	-0.925537926585367	-0.731464734061516	0.603857297874611	0.516321020206046	1	1	1	1	14
49.1202441083366	NaN	-0.0702190098985676	-0.00685705940969156	0.260751740764889	0.649308905076491	1	1	1	1	14
60.5979912846819	NaN	0.713522912839966	0.705954474905951	-0.575207100314776	-0.0145139623129384	1	1	1	1	14
72.5521260547858	NaN	0.750029143443594	0.972398954179673	-1.27600526127383	-0.915754947002929	1	1	1	1	14
10.3605016679108	NaN	-0.419256990793473	-0.571177596652121	-0.200911494156951	-0.833749253508643	2	1	2	1	15
23.3667767634768	NaN	0.370935846058806	-0.576480591111929	-0.698064811682305	-0.130162492172697	2	1	2	1	15
35.4366233263418	NaN	1.03025372238307	-0.34942596732424	-0.605027503593361	0.499678029886155	2	1	2	1	15
48.8210639391189	NaN	1.12740356639578	0.0557232012551024	0.0210006737556857	0.727255228298313	2	1	2	1	15
59.6241854034019	NaN	0.598834765938324	0.542141583661899	0.795134775273846	0.43386763011476	2	1	2	1	15
72.4031227359279	NaN	-0.209689171302899	0.993581574035927	1.2414336661426	-0.227457395084664	2	1	2	1	15
13.2366952560603	NaN	-0.539733495071921	-0.717843320639185	-0.570283175015662	-1.27286791792901	1	2	1	2	16
24.0307692236714	NaN	-0.589998098750176	0.143596269558439	-0.840786118934146	-1.03814739125564	1	2	1	2	16
34.7340634509654	NaN	-0.193302514640027	0.538982175555599	-0.818600946202433	-0.577387823839145	1	2	1	2	16
46.9102527651993	NaN	0.466185796824459	0.163499617162185	-0.510408544460211	-0.029130023292911	1	2	1	2	16
60.9677787653435	NaN	1.08229683432902	-0.69338070935796	-0.00901859485554485	0.441776306026605	1	2	1	2	16
71.5967739941517	NaN	1.36899866389804	-1.37106421928196	0.534579322431792	0.693739436485867	1	2	1	2	16
