age	diseaseAge	x1	x2	x3	x4	z1	z2	z3	z4	id
10.3906657718446	-38.3998253313687	-0.639407583555466	-1.24165937056514	-0.348957888097806	-0.595943243721054	2	1	1	1	1
23.6302375339405	-25.1602535692727	-0.103371876136783	-0.868927464036925	0.0290049900146889	-0.0966856104949175	2	1	1	1	1
36.1587686885895	-12.6317224146238	0.531825494715775	-0.329513374940023	0.52373371158209	0.614614663429543	2	1	1	1	1
48.7904911032133	0	1.00835610666652	0.207117382088689	1.00828809366146	1.17650407796029	2	1	1	1	1
59.6498101507858	10.8593190475725	1.13279482681699	0.572373720446155	1.35833854060676	1.30345357737763	2	1	1	1	1
71.143155430324	22.3526643271108	0.854631624165613	0.651504552600054	1.48406720712753	0.930952655245014	2	1	1	1	1
10.366031381665	-36.5852617073126	-0.110431958022011	-1.21939467195041	-1.39131086641868	-0.747859043499851	2	2	2	2	2
23.6507880379177	-23.30050505106	0.52327326607405	-1.16521153703326	-0.733418540546818	-0.304747095390303	2	2	2	2	2
36.2353147046592	-10.7159783843185	0.937692424401751	-0.716887542451195	0.166537518534233	0.541712933470064	2	2	2	2	2
46.9512930889776	0	0.958296732866884	-0.0676961884375352	0.554993350916851	1.17255634643722	2	2	2	2	2
59.8948196139584	12.9435265249807	0.576408878099012	0.502494646358031	0.106681614550624	1.1264857538839	2	2	2	2	2
72.9203472477586	25.969054158781	-0.0471426125192603	0.747874387945064	-0.803010954822976	0.437189775912314	2	2	2	2	2
14.1365035202295	-34.2423877387788	-0.214736193830384	-0.704924772930701	-0.506520968361133	-0.90506046286973	2	2	1	2	3
24.7478077197974	-23.6310835392109	0.38456527598024	-0.118561306264207	-0.146287502179858	-0.697862308280746	2	2	1	2	3
34.1147038510541	-14.2641874079542	0.821306857700019	0.430358513187316	0.480441910790479	-0.157924453789508	2	2	1	2	3
48.3788912590083	0	0.935024581730969	0.745437637203298	1.10031397081029	0.488137984397809	2	2	1	2	3
59.468136152792	11.0892448937837	0.683937225090383	0.713944465065637	1.44296627025022	0.969168773599177	2	2	1	2	3
71.9558287038792	23.576937444871	0.160297221823491	0.347146882953263	1.35894812947592	1.08327644188524	2	2	1	2	3
11.4384556030936	-37.1707807918102	-1.42610460725806	-0.103222497932389	-0.634054306683102	-1.12700081444251	1	1	1	2	4
25.0165629297898	-23.592673465114	-1.45145994825556	0.511657210046336	0.0746781187519664	-0.557566728567133	1	1	1	2	4
35.589009205062	-13.0202271898418	-1.24002506336519	0.924186856748374	0.689766334402737	0.313284677673956	1	1	1	2	4
48.6092363949038	0	-0.842849056966555	0.970904583772705	0.891048364258571	0.82389105235645	1	1	1	2	4
59.4706587861158	10.861422391212	-0.355826603291069	0.633298833124119	0.573754110674375	0.586299855748869	1	1	1	2	4
73.0619623409828	24.452725946079	0.103454984263196	0.0451434168160533	-0.0969603517909207	-0.218969998339555	1	1	1	2	4
12.0123637876963	-35.6779657524708	-0.355490765166271	-0.84464100164022	-0.868810909522755	-0.938213778530767	1	2	1	1	5
22.9438475440626	-24.7464819961044	-0.953553975849445	-0.716771454113774	-0.769021369101012	-0.306423576525378	1	2	1	1	5
38.0459855616139	-9.64434397855311	-1.30054047257844	-0.0588872590970212	-0.439932769267296	0.254631058246511	1	2	1	1	5
47.690329540167	0	-1.25616153212966	0.714900499038549	0.0344816202870443	0.515803196864381	1	2	1	1	5
59.7088424940356	12.0185129538686	-0.838359826486789	1.1175242025844	0.533165866601602	0.370424451305341	1	2	1	1	5
72.036442080003	24.346112539836	-0.21605509286674	0.895548764131592	0.928871117155326	-0.122129333351429	1	2	1	1	5
11.3606030415052	-37.2029608330731	-0.900500887200425	-0.845990923113635	-0.783595347067498	0.258300432239069	2	1	1	1	6
22.0280518219922	-26.5355120525862	-0.121840486484452	-1.41594070282525	-0.803127436941704	-0.251395424092372	2	1	1	1	6
35.3860326741494	-13.1775312004289	0.42967910812564	-1.35881165477345	-0.570944890084014	-0.617997263915184	2	1	1	1	6
48.5635638745783	0	0.419578579688585	-0.712753423323833	-0.146911127390049	-0.738992659091529	2	1	1	1	6
58.4340655680316	9.87050169345332	-0.146016418445514	0.0908091278199041	0.359645600788704	-0.580547813918093	2	1	1	1	6
70.3150355596598	21.7514716850815	-0.924090279052334	0.515272876479879	0.818120220828603	-0.186968468411082	2	1	1	1	6
10.8625605057167	-36.5290626926186	-0.753828591066293	-1.22489052379505	-0.62894514920782	-0.543635172763853	1	2	2	1	7
24.5607573761258	-22.8308658222095	-0.361009910350846	-0.888561079030716	-0.513518455571497	0.0198771427523231	1	2	2	1	7
35.7201718228684	-11.6714513754669	0.368207211074609	-0.0101619384676381	-0.158910044225607	0.563645546765945	1	2	2	1	7
47.3916231983353	0	1.02076188525212	0.688415887168046	0.338912566340572	0.905091170654056	1	2	2	1	7
60.6481674058509	13.2565442075155	1.2270182311289	0.633063169700467	0.845223861854647	0.929568229105103	1	2	2	1	7
71.1583139468108	23.7666907484755	0.870143515529014	-0.130729803694668	1.2230010389681	0.628858161411581	1	2	2	1	7
12.793586190263	-35.1042224591913	-0.369723424681651	-0.302840201669777	0.155192096443763	-0.383705884607649	2	1	1	1	8
24.1812873031655	-23.7165213462888	-0.844323785146742	-0.894345913465537	0.679094908017246	-0.611292285883594	2	1	1	1	8
37.0875288228931	-10.8102798265612	-1.13348315200541	-1.19029767558471	1.08789690545636	-0.583182992217281	2	1	1	1	8
47.8978086494543	0	-1.15631464614768	-1.06474175629895	1.26670109800573	-0.306716560187193	2	1	1	1	8
59.4522103041447	11.5544016546903	-0.906431587706841	-0.571113338630594	1.16525317236193	0.145929296401807	2	1	1	1	8
71.3336445334276	23.4358358839733	-0.453734049294464	0.0805048908119172	0.812065859499531	0.656581304751512	2	1	1	1	8
13.2869381917816	NaN	0.0446811694017675	0.151050987449252	-0.517906314935977	-0.874657214097285	2	2	1	2	9
22.9735595879806	NaN	-0.704912861893988	-0.444345461838243	0.160938880791789	-1.40330486095489	2	2	1	2	9
36.7908992720007	NaN	-0.797237791525722	-0.532391119451989	0.683368983560101	-1.21472139435269	2	2	1	2	9
47.9322977143759	NaN	-0.16061788701867	-0.062000191662296	0.808632111287999	-0.447545873973212	2	2	1	2	9
60.2736957265621	NaN	0.710711999290236	0.693897405840941	0.479003156643347	0.334224788507117	2	2	1	2	9
72.2174445001504	NaN	1.14030176798085	1.29671526467149	-0.153614705578673	0.555863913775021	2	2	1	2	9
13.7740566122684	NaN	-1.17305895755321	-1.15075906906694	-0.925783878287498	-0.643240355517982	1	1	2	2	10
24.7278982973292	NaN	-1.13307030701228	-0.800171912275935	-1.32074668105593	-0.287278916552137	1	1	2	2	10
36.2836277405559	NaN	-0.728868659121328	0.0530798199565591	-1.37642714848314	0.26957356882898	1	1	2	2	10
47.45734115593	NaN	-0.119137676886324	0.747458959912006	-1.07231301694274	0.835226052820831	1	1	2	2	10
60.7263188729772	NaN	0.456751162079708	0.744604327394415	-0.520437635415279	1.21455185251229	1	1	2	2	10
72.3927457492812	NaN	0.772712311297162	0.046729156129809	0.0758922740496122	1.2766992751572	1	1	2	2	10
12.2097896633041	NaN	-0.796059504438043	-0.845609414711481	-0.190815510318908	-0.840648469273729	1	2	2	2	11
23.5360357707645	NaN	-0.730228330586103	-1.03306862486745	0.697664420632617	-1.31789629461478	1	2	2	2	11
35.5268861469244	NaN	-0.407217473627399	-0.649877879290732	1.12643698936774	-1.35068945892244	1	2	2	2	11
48.0982088007325	NaN	0.083081197460187	0.0831406161229184	0.750115097757598	-0.923189719536027	1	2	2	2	11
60.9656235119171	NaN	0.604220678026684	0.743568619314952	-0.128164496897728	-0.241868295465135	1	2	2	2	11
70.9921833445817	NaN	1.01117116211646	0.950819776925773	-0.800925471104256	0.364214343762975	1	2	2	2	11
13.1202896288888	NaN	-1.02101910970133	-1.09213112452385	-0.662406152107708	0.0708268701617376	2	2	2	2	12
24.2767316497718	NaN	-0.851535150941458	-1.28652929659882	0.187330466301376	-0.519766371609431	2	2	2	2	12
35.8183093365915	NaN	-0.306243062926015	-0.834773478485429	0.549574643961699	-0.518044028316566	2	2	2	2	12
48.4548800966754	NaN	0.366908898006803	-0.0332758104778396	0.147290782712699	0.0748808073430277	2	2	2	2	12
59.2584412862967	NaN	0.861833666535046	0.59207421206107	-0.711864136314071	0.875820702667552	2	2	2	2	12
73.2866231176352	NaN	0.953485370781536	0.630963470447288	-1.37082918133917	1.36715506938053	2	2	2	2	12
11.6162847374624	NaN	0.0683453654145365	-0.872446451321935	-0.818089798768669	-1.21295231110328	1	2	2	2	13
23.1936377427782	NaN	-0.695692860120422	-0.611598476355848	0.0139839799290516	-0.727758728955514	1	2	2	2	13
35.5306450401925	NaN	-0.664717284138252	-0.165750201283444	0.490196540931046	0.10990775313109	1	2	2	2	13
47.9622903481946	NaN	0.13382878484711	0.347603185828269	0.277380273597989	0.707707383338873	1	2	2	2	13
62.1245963477617	NaN	0.992460645134868	0.793176754800449	-0.475574404011119	0.642917643617558	1	2	2	2	13
71.5209156948662	NaN	1.15045962420267	1.05354771135275	-1.24188569023422	-0.0386466469281711	1	2	2	2	13
12.2560677392195	NaN	-0.237704284279867	-0.949246992596669	-0.416733659839037	-1.28550143223884	2	1	2	2	14
23.858013673006	NaN	-0.658815278990829	-1.25741858528892	-0.961953869348171	-0.952344265092631	2	1	2	2	14
35.9185333803276	NaN	-0.441957875768878	-1.05630921302104	-1.28062120471016	-0.339147865175651	2	1	2	2	14
49.5789925511878	NaN	0.273165189520315	-0.448670926349651	-1.26094179983535	0.288942853097101	2	1	2	2	14
61.224129449322	NaN	1.02586109653853	0.25503794427493	-0.909819521261548	0.660342701417555	2	1	2	2	14
72.0323749330219	NaN	1.33123204644182	0.695274088483035	-0.350433975544242	0.614459117582143	2	1	2	2	14
11.2287744627629	NaN	-0.425487321955989	-0.525967805811286	-0.82201189831677	-0.926071680931641	1	1	2	2	15
22.7820374827111	NaN	-0.570634798625066	0.0298649138126971	-0.490951014643403	-0.585129299261526	1	1	2	2	15
35.563108854408	NaN	-0.450253970236531	0.615879362905988	0.166497924562419	0.0312090290124065	1	1	2	2	15
45.5991275770108	NaN	-0.0963192421339768	1.02064511950007	0.825383374950456	0.656501706395328	1	1	2	2	15
59.7796517319523	NaN	0.39716062520954	1.09812517913625	1.16004378033639	1.02043619151033	1	1	2	2	15
69.7601225246222	NaN	0.899112224852359	0.82036521111779	1.00506946541616	0.965684469614186	1	1	2	2	15
12.6356867918112	NaN	-0.95428399939827	-1.05038306341292	-0.97996427549539	-1.09769092175851	1	2	2	2	16
24.4875558952957	NaN	-1.27035423782347	-0.288116898596479	-1.22072391421101	-0.827076035030976	1	2	2	2	16
35.1929120480583	NaN	-0.714762471104981	0.543376993220216	-0.688816486471099	-0.135915466631552	1	2	2	2	16
47.3563252638257	NaN	0.223066516458016	0.779163171948957	0.197696531332818	0.577110831520563	1	2	2	2	16
61.4785162695217	NaN	0.716992422861887	0.230686330012964	0.742045510248248	0.900710168173152	1	2	2	2	16
72.2158424509126	NaN	0.331912363790527	-0.663443346920522	0.516390330116386	0.648221767413457	1	2	2	2	16
