age	diseaseAge	x1	x2	x3	x4	z1	z2	z3	z4	id
12.3484313327732	-35.2351142816935	0.229975440469382	-1.21437316399411	-0.274315240397723	0.0672429308651082	2	1	1	1	1
25.6119797521573	-21.9715658623095	0.869061403057925	-0.650025115781357	0.440507538776969	-0.625115573434417	2	1	1	1	1
34.3434423362661	-13.2401032782006	1.29430619530979	0.203664560979226	1.15276945448915	-0.474864492327238	2	1	1	1	1
47.5835456144667	0	1.32517699934234	0.723840645423932	1.43597584461935	0.384092391421696	2	1	1	1	1
60.6061928301843	13.0226472157176	0.948567968020356	0.530980696571331	1.1205458134266	1.18625259278247	2	1	1	1	1
70.4354201540232	22.8518745395565	0.324364162615421	-0.234203936585612	0.395355421259242	1.21673083735842	2	1	1	1	1
12.3122095126841	-35.3840316931787	-0.482534460039517	0.131774949404929	-0.426309500799057	-0.551840559658448	1	2	1	1	2
23.0890984845472	-24.6071427213156	-0.0965478034823772	0.619903568085975	-0.677107699459223	-0.0478128257705037	1	2	1	1	2
34.2644745334834	-13.4317666723795	0.414916214853555	1.06571559886781	-0.59279476307928	0.662205113318563	1	2	1	1	2
47.6962412058628	0	0.911883654524908	1.36247306577279	-0.201945856458046	1.21915000027091	1	2	1	1	2
59.5355255681555	11.8392843622927	1.25834789862601	1.43912519137317	0.362973322995836	1.34136916934778	1	2	1	1	2
72.5203596968291	24.8241184909663	1.35949100546206	1.27731963841458	0.910501543542515	0.967055149861662	1	2	1	1	2
12.9431846885549	-36.6820692925204	-1.126426783611	-0.784948846893537	-0.67228214721598	-1.37505684384384	1	1	1	2	3
23.9296834859889	-25.6955704950864	-0.979113888462617	-0.267552893794605	-0.220422453480414	-1.2868297715154	1	1	1	2	3
36.9430320352213	-12.682221945854	-0.462732163195952	0.328534738932706	0.47436327135071	-0.601134336351864	1	1	1	2	3
49.6252539810753	0	0.197573866442866	0.790085066033109	1.06856144591081	0.205531831829394	1	1	1	2	3
60.0559611856509	10.4307072045756	0.713908094499335	0.951995001167473	1.2683906413511	0.572607152068527	1	1	1	2	3
72.0057417386536	22.3804877575783	0.861146704203538	0.756347068320585	0.975051990432363	0.245006770232475	1	1	1	2	3
13.1552712785024	-34.5277031570383	-0.160700645268397	-0.375640274658341	-1.15716175509492	-0.308506309332738	1	2	2	1	4
23.2545238896236	-24.4284505459171	-0.567660493502075	-0.543706706559608	-0.728391577861615	0.419034280390711	1	2	2	1	4
34.7074566306894	-12.9755178048513	-0.687545181977197	-0.215216921990092	-0.0891195431922116	0.865105842218089	1	2	2	1	4
47.6829744355407	0	-0.481111711511807	0.445503178047686	0.489879798685349	0.786976888537645	1	2	2	1	4
59.7687961701143	12.0858217345736	-0.0159339200633916	1.10793060364867	0.76336142237238	0.227161578007497	1	2	2	1	4
71.2392453501721	23.5562709146314	0.555717106531578	1.44068828108342	0.615487531698497	-0.509714520873544	1	2	2	1	4
10.7583330132373	-37.4234555080278	-0.0171387886271052	0.194893825431357	-0.686159813700652	-0.973473682391437	2	2	2	2	5
24.8071305599736	-23.3746579612915	0.777099206960753	-0.274277658910057	-1.00463441217907	-0.0484917341902188	2	2	2	2	5
36.6508290984124	-11.5309594228528	1.09860256374679	-0.577449208046806	-1.08224697584683	0.611522633128692	2	2	2	2	5
48.1817885212652	0	0.723158766790548	-0.634573417306977	-0.898603693987475	0.421805158331735	2	2	2	2	5
60.0244387128825	11.8426501916174	-0.0874022646938611	-0.430567589424842	-0.501959464424256	-0.449556910051339	2	2	2	2	5
72.3179002644412	24.136111743176	-0.767805165625872	-0.0192960698721555	0.00346177077444133	-1.23054795930771	2	2	2	2	5
11.7444713553116	-46.1153421213396	-0.151069996119977	0.457999466954188	-1.31266171349032	-1.18492450676486	2	1	2	2	6
23.6282776708409	-34.2315358058103	0.728019944556044	-0.103347600773606	-0.759322627757012	-1.04269365766	2	1	2	2	6
36.675306065969	-21.1845074106822	1.36696884249269	-0.454113587167947	0.0672280381476546	-0.63772273098871	2	1	2	2	6
46.6885063625252	-11.1713071141261	1.26035103393812	-0.470277155088578	0.602179126930424	-0.0940873950322817	2	1	2	2	6
57.8598134766512	0	0.492504056417605	-0.146123305407219	0.479979734074169	0.421652448824377	2	1	2	2	6
72.2515734657913	14.3917599891401	-0.329184598633463	0.403735954338297	-0.215866994943472	0.7514835666146	2	1	2	2	6
11.2846656154371	-35.5604569896958	-0.996133114775164	-0.756274379025578	-0.765679227863479	-1.23792031463318	2	1	1	2	7
24.401605209176	-22.4435173959569	-0.344151329064557	-0.44635390780496	-0.665863118056028	-0.867113285675968	2	1	1	2	7
36.6066379093538	-10.2384846957791	0.36594279256708	0.425570590871469	-0.149514183100931	-0.0443597825553728	2	1	1	2	7
46.8451226051329	0	0.748664182079777	1.14162697293567	0.538704991707729	0.639252171104474	2	1	1	2	7
60.3600255135386	13.5149029084057	0.596246887915373	1.11227230084394	1.07269422263995	0.69259754565371	2	1	1	2	7
72.4645343267951	25.6194117216622	-0.00856711358582979	0.361674838505473	1.19943238983919	0.0773516036196921	2	1	1	2	7
11.5784396988243	-37.4065884545069	-0.744677222496137	0.219429772194648	-0.954710813177152	-1.07071072904165	2	1	1	2	8
22.9411231507615	-26.0439050025697	-0.442212065392164	-0.541542415610989	-0.791750770902455	-0.557605329433389	2	1	1	2	8
35.8188805535115	-13.1661475998196	0.393056319637695	-0.672089139477402	-0.121041001748584	0.30522747375959	2	1	1	2	8
48.9850281533312	0	1.11832321714509	-0.072324714754092	0.640975988174168	0.874311449946628	2	1	1	2	8
58.0008854357074	9.0158572823762	1.17543870785625	0.798850945805837	1.02116520132075	0.725239911608128	2	1	1	2	8
70.9926649593247	22.0076368059935	0.520447929582817	1.27487207380421	0.783467829544395	-0.0308138163389207	2	1	1	2	8
12.9599038438291	NaN	0.143618722816611	-0.396356805169888	-0.224652925501334	-0.85212776776959	2	1	1	2	9
23.4354367018893	NaN	0.885044598982841	0.111647205634055	0.423285498889695	-0.52992976911479	2	1	1	2	9
34.6888898518318	NaN	1.3156754090385	0.690365879402726	1.08181728712616	-0.0523743225421481	2	1	1	2	9
47.6950131341617	NaN	1.19006510383363	1.14462418416736	1.43092385040521	0.454968443239496	2	1	1	2	9
61.6845526858631	NaN	0.579807615862442	1.32122181177623	1.3009541685057	0.858696015797462	2	1	1	2	9
71.6071193939249	NaN	-0.167269435742677	1.16060055342001	0.755068008247731	1.05265083036466	2	1	1	2	9
12.3166070285345	NaN	-0.745800352302633	-0.364515403227644	-0.833540733773168	-0.726650063316854	2	1	2	1	10
24.4626996993153	NaN	-0.238668528373776	-0.753407162449152	0.104518532825484	-1.31130552706793	2	1	2	1	10
36.3613739097296	NaN	0.46118173883422	-0.689331140451641	0.599635745348391	-1.09679395297652	2	1	2	1	10
47.8688125056404	NaN	1.0102557090105	-0.202284541773091	0.215497807415168	-0.259230678820554	2	1	2	1	10
59.944889690582	NaN	1.13906142132524	0.479721655616361	-0.709380664843632	0.513739633040126	2	1	2	1	10
73.5388577244351	NaN	0.784379517616863	1.03740609245791	-1.35996723102759	0.587503544415728	2	1	2	1	10
13.4148551589107	NaN	-0.197277570630859	-0.995550366704243	-0.475976708902489	-0.689571899256448	2	1	2	2	11
23.7414570405371	NaN	-0.635224518074482	-1.19029416538533	0.211318917967208	-0.135940079937776	2	1	2	2	11
36.75347204841	NaN	-0.818809213479433	-1.12043237179186	0.918066139218236	0.337740032347601	2	1	2	2	11
47.0275252874032	NaN	-0.690740009077062	-0.80459730379724	1.24375213180227	0.586241128443197	2	1	2	2	11
61.4557710072136	NaN	-0.290983720905315	-0.327022976587119	1.00381102493139	0.533374353101783	2	1	2	2	11
73.1183322937233	NaN	0.255706896429988	0.184920323233185	0.334217163022691	0.195348323336161	2	1	2	2	11
13.1707828421745	NaN	-0.762577181413748	-0.935044346609474	-0.471494629106367	-0.426445313095744	1	2	1	2	12
23.1137514851918	NaN	-0.655568467721718	-0.714052201785234	-1.08003284680377	-1.01979450718085	1	2	1	2	12
35.9427082453742	NaN	-0.318704201901807	-0.11006093083242	-0.841202574104747	-1.01063035158472	1	2	1	2	12
47.0059664212303	NaN	0.161211873649068	0.579703426956705	0.0373379155279897	-0.40496171651309	1	2	1	2	12
58.9642746186302	NaN	0.660514189082286	1.01580562148785	0.791714766479288	0.400078876914292	1	2	1	2	12
69.9377341869703	NaN	1.05054169612204	0.983638365800278	0.766011990216986	0.876632163814492	1	2	1	2	12
12.2623980737945	NaN	-0.750362780273756	-0.357550706813153	-0.49265562493298	0.18962792768761	2	2	1	1	13
22.9681786878258	NaN	-0.488687995893462	0.375522051611159	-1.1566781247883	0.73040025688293	2	2	1	1	13
36.6107800381266	NaN	-0.0321601899010957	1.17619362173614	-1.48070867886781	1.16215425201747	2	2	1	1	13
47.1919802430161	NaN	0.493195489145371	1.4643987236292	-1.30034919681011	1.35729322567948	2	2	1	1	13
60.1631956226381	NaN	0.942353860679585	1.03134041813901	-0.707105723509904	1.25814756298457	2	2	1	1	13
71.7204443288912	NaN	1.19132411898137	0.190757941894235	-0.00196251153857113	0.894017880194954	2	2	1	1	13
12.791099963364	NaN	-0.603723902016842	-0.983073708263353	-0.659800620171967	-0.639497763682797	1	1	1	2	14
24.0542510032036	NaN	-0.0719569087727382	-0.582595673605005	-0.242471135994781	-0.616883527966693	1	1	1	2	14
35.4781412988611	NaN	0.454150582759699	0.221343109232819	0.43813559668971	-0.00238899784213864	1	1	1	2	14
47.0609075227428	NaN	0.81529673287386	0.884487111348835	1.05143286383926	0.801080710966824	1	1	1	2	14
60.9755759078559	NaN	0.902128895880233	0.957896939204449	1.29952774353349	1.2667152850424	1	1	1	2	14
71.8309439520048	NaN	0.688354871923749	0.391875146253949	1.06191471164201	1.08921249180815	1	1	1	2	14
9.47186949714872	NaN	0.295058244990991	-0.83356275205196	-0.268799857514245	-0.207341514998098	2	1	2	1	15
24.2915568595874	NaN	-0.216744891473904	-0.119026464665262	-0.88681326797963	0.387038858366028	2	1	2	1	15
35.1698669455367	NaN	-0.578570536177007	0.585339927321017	-1.09682119540001	0.897019839949558	2	1	2	1	15
47.9145517049372	NaN	-0.687485363963334	0.863465136786222	-0.790003055833143	1.14173542309237	2	1	2	1	15
61.3090757272131	NaN	-0.512504933716424	0.551059789337339	-0.125343938660464	1.0343966256777	2	1	2	1	15
72.7900875151143	NaN	-0.103408241994532	-0.167337362899926	0.552747284787732	0.613071415628206	2	1	2	1	15
11.2756905526585	NaN	-1.00743960673506	-0.86584177184212	0.289619931719917	-0.522490644400304	2	2	1	2	16
22.2666023477079	NaN	-1.45158303844808	-0.145601996344578	1.02991896488027	-0.468153637218538	2	2	1	2	16
35.6198934866927	NaN	-1.22050876300237	0.406396510124897	1.46999284869189	0.293181733654567	2	2	1	2	16
47.8783943697424	NaN	-0.471831110677275	0.503373107166731	1.36114537007918	1.13776951147985	2	2	1	2	16
60.6483743838125	NaN	0.283781534784709	0.0949453928767862	0.764888826703044	1.37365680442506	2	2	1	2	16
71.5382468714245	NaN	0.530930473829616	-0.606695548732499	0.0181819652967155	0.807586145610656	2	2	1	2	16
