age	diseaseAge	x1	x2	x3	x4	z1	z2	z3	z4	id
12.2108320255187	-36.5066909249128	-0.507531583856139	0.107629660667621	-0.266623830746693	-0.706193803007596	2	2	1	1	1
25.132737102465	-23.5847858479665	-1.01789710250809	-0.527431921872492	0.334763845121638	-0.465847049584033	2	2	1	1	1
36.7671989879887	-11.9503239624428	-1.06790614203573	-0.721014190498013	0.937361095428308	0.108702768042882	2	2	1	1	1
48.7175229504315	0	-0.632178979639753	-0.366231394995791	1.29832089603045	0.764511449813217	2	2	1	1	1
60.9818833051489	12.2643603547174	0.0681516714305304	0.341024425919969	1.27217624825386	1.21286077267034	2	2	1	1	1
73.6224327348442	24.9049097844127	0.677666111858576	1.01024452603017	0.869463459568555	1.25636600627716	2	2	1	1	1
12.8312188962197	-36.5429784215356	-1.01183577335435	-0.522611070619967	-1.27244052216306	-0.702480639137912	1	1	2	2	2
25.2471947100844	-24.1270026076709	-1.30555893162471	0.350382544187696	-0.887121249220977	-0.399710176907443	1	1	2	2	2
36.1669807599767	-13.2072165577786	-1.07544329402834	1.00297219458932	-0.291572279701292	0.14927895206411	1	1	2	2	2
49.3741973177553	0	-0.442166372138505	0.922260913464512	0.286891307018712	0.743839779558058	1	1	2	2	2
60.2905373553798	10.9163400376245	0.262168010642359	0.171683006392342	0.627475751127523	1.16666959198199	1	1	2	2	2
71.804649086482	22.4304517687267	0.668191994236121	-0.658851570366058	0.600183380041301	1.26323068456518	1	1	2	2	2
14.0485105447335	-32.919736148433	-1.23660860438701	-0.521332534081895	-0.267591682261689	-0.610062735025044	2	2	2	2	3
24.1072639815994	-22.8609827115671	-1.20736022884101	0.294492597809015	-0.543418386468175	-0.297720070160527	2	2	2	2	3
35.6023173875108	-11.3659293056557	-0.931337954204791	0.592281804117001	-0.43059527333099	0.247464592306346	2	2	2	2	3
46.9682466931665	0	-0.480182030662884	0.151006737771365	0.0266115381878569	0.832163806618822	2	2	2	2	3
59.4153828004692	12.4471361073028	0.0290121976594094	-0.701804616828704	0.648817075043668	1.24903790711659	2	2	2	2	3
73.3259085259341	26.3576618327677	0.464085824537554	-1.33316933055908	1.19189915741511	1.35025954171181	2	2	2	2	3
9.42992851442921	-37.8711469933359	-0.0757445555336323	-0.380695951845958	-0.251033582334543	-0.848279042236559	1	2	1	2	4
22.5859575346114	-24.7151179731538	-0.834845676911557	0.0674161307384945	-0.794250148483368	-0.0107044965404879	1	2	1	2	4
36.6782290557209	-10.6228464520443	-0.905726823426877	0.570898963092412	-0.729574209327141	0.692025852910448	1	2	1	2	4
47.3010755077651	0	-0.231371696233249	1.00196837634162	-0.0985895584968868	0.729158681082821	1	2	1	2	4
60.221204347012	12.9201288392468	0.645773153634408	1.25121875988843	0.693008334458999	0.0726485619668124	1	2	1	2	4
72.6465744544741	25.345498946709	1.0201385395832	1.25539025449557	1.13625672622546	-0.781660075758553	1	2	1	2	4
10.6448137084697	-37.0762588715472	-0.797148218063366	-0.353475463533203	-1.33682041848808	-0.790697221909242	2	1	2	1	5
24.364422898889	-23.3566496811279	-0.531318861811306	0.458009217303271	-0.944395155437664	-0.116487775201595	2	1	2	1	5
37.6834256511387	-10.0376469288782	0.059090965339486	1.0712948418491	-0.0967424792563363	0.702494050488416	2	1	2	1	5
47.7210725800169	0	0.712158461020683	1.0766784912058	0.570760922992877	1.08749862149978	2	1	2	1	5
59.7143990569776	11.9933264769607	1.13816407664355	0.470563640740352	0.557773210551512	0.766454876618264	2	1	2	1	5
71.5435521355327	23.8224795555159	1.14811945270355	-0.342137196544355	-0.12597039136921	-0.0337653001765302	2	1	2	1	5
11.9842225185917	-34.3384786057115	-0.961991574156233	-0.692467639811783	-1.21428629540283	-0.574606145410297	1	1	2	1	6
24.0960941274019	-22.2266069969012	-0.213566179431558	-1.11281574845764	-1.37645784097957	0.353392433216714	1	1	2	1	6
36.487596220651	-9.83510490365212	0.638150938137031	-1.2572741405126	-1.29829677598061	0.820019502517506	1	1	2	1	6
46.3227011243031	0	0.896776857551779	-1.07923287698063	-0.998661278045854	0.421000882024025	1	1	2	1	6
60.4609818731663	14.1382807488632	0.350853255981374	-0.636137512349447	-0.549845390857453	-0.497963539842743	1	1	2	1	6
72.9529484532622	26.6302473289591	-0.553260547897465	-0.0709541119413963	-0.0601364020608277	-1.14070566017746	1	1	2	1	6
12.3339203280697	-25.2975770510716	-0.0932692440660175	-0.473315093247609	-0.303956931143982	-1.22320446943025	1	2	2	1	7
24.0059197133873	-13.625577665754	-0.490234821555013	-0.614241802903026	-0.581282298001028	-1.08557738598126	1	2	2	1	7
37.6314973791413	0	-0.645763890650689	0.0790893691220793	-0.262889728138246	-0.581353090675521	1	2	2	1	7
48.6656199758338	11.0341225966925	-0.515374599897482	0.993309219353029	0.461469724097362	0.0732636905983737	1	2	2	1	7
59.4220541202796	21.7905567411383	-0.136358737231914	1.31963498428155	1.16010266257171	0.597581918009479	1	2	2	1	7
71.3300880336167	33.6985906544754	0.382883850292209	0.769376089210348	1.41664781122177	0.766780852670005	1	2	2	1	7
12.7380498118832	-35.8288439972107	-0.965763720635566	-0.71669505335588	-0.15341299118118	-0.0812153927064104	1	2	2	2	8
24.0441379849227	-24.5227558241712	-0.613335759510837	0.0761790031437448	-0.820544836727612	0.517117821677009	1	2	2	2	8
35.9267520250034	-12.6401417840905	0.00110770230955534	0.52024881145535	-0.938572681086595	1.01052270349846	1	2	2	2	8
48.5668938090939	0	0.617354231673617	0.329215376997545	-0.430928283847832	1.22235182150408	1	2	2	2	8
61.2421356751996	12.6752418661056	0.974427809156847	-0.37375895234422	0.373064046289995	1.07676670927592	1	2	2	2	8
71.2171352675052	22.6502414584112	0.921110315949871	-1.13545524580704	0.951830113370283	0.625889340169777	1	2	2	2	8
12.4894526970689	NaN	-0.648144549839949	-0.828347841370598	-1.04216171256398	-0.0712429367714272	1	1	2	1	9
23.4732798437071	NaN	-0.39913940686968	-0.598872097287303	-0.270411719902779	0.785834099137272	1	1	2	1	9
36.3056123674086	NaN	0.0768335116324581	-0.144372614558563	0.450735562960994	1.2938881433635	1	1	2	1	9
47.8369165352966	NaN	0.632663128810591	0.400215463951346	0.63532007947691	1.07876738394054	1	1	2	1	9
60.1801111002166	NaN	1.0965567011011	0.873210831731952	0.158955724038089	0.298895561107163	1	1	2	1	9
72.6466916413398	NaN	1.32513656915956	1.13418715178848	-0.657349500401673	-0.471397765258209	1	1	2	1	9
11.3820837588591	NaN	-1.3199886998375	-0.947811469678384	-0.308340391924336	-0.742703149036014	1	2	1	1	10
23.2135381973216	NaN	-1.0032885985324	-0.394841224918991	-0.581401478052437	-0.432308219784318	1	2	1	1	10
34.1902661640637	NaN	-0.201569095673202	0.243600352484559	-0.0630239866082221	0.269092301133423	1	2	1	1	10
47.2744245292373	NaN	0.515040163433839	0.703554430688167	0.831623414920184	0.963378954405619	1	2	1	1	10
59.4343667787017	NaN	0.636934284232927	0.794856481751304	1.38601739036429	1.25647015787674	1	2	1	1	10
71.5824174130519	NaN	0.0774302664873712	0.479758364580768	1.15614366084922	0.982005454183228	1	2	1	1	10
14.6492562321306	NaN	-0.832312346658139	-0.842805052528625	-1.08229072380506	-0.498838184326255	2	1	2	2	11
24.9281946422891	NaN	-0.418468341183154	-0.608943564873244	-0.374661462983643	0.123167138496588	2	1	2	2	11
34.1742192087236	NaN	0.503140292694085	0.240802246522488	0.488657548704198	0.708050268713947	2	1	2	2	11
47.4224095674262	NaN	1.13378241645248	1.00267357645626	0.815373466997876	1.01660128075083	2	1	2	2	11
60.7335645992782	NaN	0.926899021210162	1.04568919538674	0.343493807915672	0.92262664839286	2	1	2	2	11
71.4503079704509	NaN	0.0617898701733715	0.334223601925658	-0.548582589976288	0.464560827432827	2	1	2	2	11
11.4905254980377	NaN	-0.355816014290644	-0.43322688243758	-0.85856050702653	-0.566907334159861	1	2	1	1	12
26.7388916113194	NaN	-0.762273721323549	-0.932316741531035	-0.202455551492781	0.175210326760513	1	2	1	1	12
36.9022902428718	NaN	-0.5542604345069	-1.27090494727956	0.332009966637588	0.936338294797134	1	2	1	1	12
47.9030411131248	NaN	0.139188078110289	-1.35401899308079	0.514211961859413	1.19778243744217	1	2	1	1	12
60.1971419412856	NaN	0.887908614949094	-1.15834575364093	0.265529518323448	0.78137357886262	1	2	1	1	12
70.6947927137597	NaN	1.22745137569353	-0.738770714364108	-0.30672985922744	-0.0291136192027477	1	2	1	1	12
11.9534301029456	NaN	-0.829028370056877	-0.188280573866348	-0.42578484208548	-0.600103347612007	1	1	1	2	13
24.2459506286046	NaN	-0.237436382391259	0.380970550355842	0.404774469005856	0.255258569425904	1	1	1	2	13
37.3710156368836	NaN	0.368967265414619	0.901724626149435	0.789357854072659	0.894961665505263	1	1	1	2	13
46.4787817683873	NaN	0.748156711705624	1.20165115786798	0.449080706028387	0.83939645561633	1	1	1	2	13
60.2236073633708	NaN	0.748791091694458	1.18149698500607	-0.369301492655006	0.130222268692511	1	1	1	2	13
72.5872413056442	NaN	0.370617213692763	0.847931625403493	-1.07233045233562	-0.700866319052136	1	1	1	2	13
10.7879902990791	NaN	-0.408152612712547	-1.41178137154427	-0.342319492266689	-0.991924739100397	2	2	1	1	14
23.6368415163551	NaN	-1.02566812520502	-1.38478391182431	0.164996489116011	-0.927970333383216	2	2	1	1	14
37.4697188790881	NaN	-1.14893236988904	-1.1272325738148	0.783710887233611	-0.595503328304146	2	2	1	1	14
47.97625645603	NaN	-0.706332022963248	-0.701345813149075	1.27688586543287	-0.0911150527197157	2	2	1	1	14
60.3517274006105	NaN	0.0449936126038782	-0.210008036206412	1.45565914285923	0.438655038163782	2	2	1	1	14
71.9289321416697	NaN	0.668543861713533	0.228084896560877	1.25156915835671	0.839893334017673	2	2	1	1	14
12.3696917338719	NaN	-1.24705339668826	0.305035737085562	0.199255632997986	-0.333056145663145	1	1	2	1	15
26.0167433324834	NaN	-1.16234349532147	-0.432569491261166	-0.262284925305276	-0.925389194413205	1	1	2	1	15
34.9903771676224	NaN	-0.626071587481776	-0.447364031769562	-0.588049441905469	-0.657404647349286	1	1	2	1	15
47.6578160990602	NaN	0.0881680109131681	0.272742107929498	-0.699428436652565	0.235787323843273	1	1	2	1	15
61.5573401938433	NaN	0.615985721614981	1.1392833564328	-0.569545302578818	0.970564976807213	1	1	2	1	15
72.2698880341764	NaN	0.688100377033862	1.44412842193097	-0.229741837607308	0.902287782707495	1	1	2	1	15
12.8221049244061	NaN	0.158942811087201	-1.06494919464939	0.0574573947625308	-0.895467403853434	1	1	2	1	16
25.6077760151377	NaN	0.754172031297007	-0.530282385988831	-0.519889259316417	-0.485959607903776	1	1	2	1	16
34.8631667016512	NaN	1.13281770021913	0.195817768557034	-0.224709195936576	0.0542840249339309	1	1	2	1	16
48.4837698972025	NaN	1.14934454923476	0.730535702930997	0.681644640327085	0.562822980880609	1	1	2	1	16
59.7259698190807	NaN	0.797400361460596	0.791956659992786	1.39668497705499	0.886749711823669	1	1	2	1	16
72.0943761587705	NaN	0.212257493377973	0.347698194568443	1.28731384904602	0.928665893372354	1	1	2	1	16
