age	diseaseAge	x1	x2	x3	x4	z1	z2	z3	z4	id
10.1926580527304	-25.8653457448454	-0.525969899350379	-0.695597488604381	-0.619625337267442	-0.547221429438557	1	2	2	2	1
24.9360953476752	-11.1219084499007	-0.119177707573277	-0.368206993779063	0.206329136783913	0.00748341635269101	1	2	2	2	1
36.0580037975759	0	0.593297403238338	0.448068726410597	0.830432292685271	0.566784069491292	1	2	2	2	1
48.6483980982011	12.5903943006252	1.22957855240777	1.1589466627553	0.819049785172161	0.94105112205324	1	2	2	2	1
59.4475874347745	23.3895836371986	1.44862777693667	1.24687781956366	0.180090316750319	1.00339031924997	1	2	2	2	1
72.7060762543854	36.6480724568095	1.13303769892738	0.647844621427223	-0.642489423498179	0.732665721066855	1	2	2	2	1
11.7465873062911	-26.3854911865563	-0.269326754191739	-0.711225237989265	-0.673163025670656	-0.830071245165221	2	2	1	1	2
26.7183496034469	-11.4137288894005	0.643568924122089	-1.00154785668009	-0.838345283435899	-0.167719354118536	2	2	1	1	2
38.1320784928474	0	1.35615682198376	-0.946035012603272	-0.578946154840302	0.592077669931522	2	2	1	1	2
48.9504694822261	10.8183909893787	1.22995489537098	-0.564309281232183	-0.00542427434287343	0.983896595615284	2	2	1	1	2
59.8737161494487	21.7416376566012	0.378040652763853	0.00869764552432883	0.638000402133281	0.767723807807675	2	2	1	1	2
71.6879867740634	33.555908281216	-0.436266814138558	0.570440359409299	1.077341560426	0.0759786688527323	2	2	1	1	2
11.0988470745228	-37.9807482630028	-0.196943514400522	-0.415833194646087	-0.406673222365523	-1.35745984177998	2	2	2	1	3
24.5323961085946	-24.5471992289311	0.644516298300605	0.189776313491797	0.11073989972558	-0.679602326386143	2	2	2	1	3
33.8587950272132	-15.2208003103124	1.3504662795795	0.885641702986266	0.523328683009224	0.135249299693112	2	2	2	1	3
49.0795953375256	0	1.38157394031942	1.3236391316984	0.718717173666278	0.514727021168651	2	2	2	1	3
61.1831263233696	12.103530985844	0.714073613628424	1.28464957167798	0.643687812488951	0.192278126680638	2	2	2	1	3
72.0128770883	22.9332817507744	-0.142077023282006	0.788178512984611	0.318676191447629	-0.605602856591412	2	2	2	1	3
12.8299550820329	-34.3748184025206	-1.33949716747327	-0.140901734322266	-1.16835106427086	-1.27188056599551	2	2	2	1	4
26.2660245154273	-20.9387489691263	-1.03681005953652	-0.741299914058408	-1.35015154014752	-0.812765158384535	2	2	2	1	4
35.7211526186449	-11.4836208659086	-0.458557462551875	-0.935810062356749	-1.12224107618708	-0.206552681963369	2	2	2	1	4
47.2047734845535	0	0.161740468952983	-0.625957467713049	-0.578064595811089	0.321818363736518	2	2	2	1	4
60.1944225797633	12.9896490952098	0.573584092480021	0.0313887032337465	0.0592616444781779	0.576292973517515	2	2	2	1	4
71.0706630105625	23.865889526009	0.610655457865622	0.70343360605673	0.528429319106357	0.462446932901352	2	2	2	1	4
13.2127990417409	-35.067762187573	-0.386436214082736	-0.203566037465873	-0.886562266323845	0.373762752630149	1	2	2	1	5
24.0073352426336	-24.2732259866803	0.17865105972296	-0.901966402823578	-0.691469685030792	-0.345281061000574	1	2	2	1	5
37.0412260308836	-11.2393351984303	0.784167134118422	-1.20323462186112	-0.296912211161865	-0.596643881340879	1	2	2	1	5
48.2805612293139	0	1.19811862489999	-0.936068404841251	0.198014273548528	-0.222545631762704	1	2	2	1	5
59.8744424013309	11.593881172017	1.26190692287559	-0.252379509539653	0.669005505097567	0.542192760737041	1	2	2	1	5
71.8434696272698	23.5629083979559	0.951092605632321	0.459083879428517	0.99776872648369	1.21754611977915	1	2	2	1	5
13.165096797069	-35.3894912092789	-0.497906577331099	-0.829052516205338	-0.80922599799685	-0.0632100671664813	2	1	1	2	6
22.9490205490736	-25.6055674572744	-0.888182366951785	-0.898472570381642	-1.26971060743632	0.566417301797062	2	1	1	2	6
35.9780161737363	-12.5765718326116	-0.645095341565771	-0.340137415740974	-1.41462740023965	0.937095141295788	2	1	1	2	6
48.554588006348	0	0.0766073343053204	0.474877429615907	-1.19034773641669	0.887629362888421	2	1	1	2	6
60.7641326481383	12.2095446417903	0.817495781418147	1.00490437860101	-0.679869680688608	0.439530804854898	2	1	1	2	6
71.4290565329689	22.8744685266209	1.10592661923655	0.897681849497174	-0.0721033196225762	-0.212339036116058	2	1	1	2	6
11.8328730479305	-35.9838940047351	-0.729938512944102	-0.194228372650653	-1.24542590748593	-0.306021187112282	1	1	2	1	7
23.1764480673779	-24.6403189852877	-0.152663541804602	-0.700537154811102	-0.670818092399582	0.55570079122667	1	1	2	1	7
34.8714983648808	-12.9452686877849	0.775272793772214	-1.04693177223065	0.0822862316065296	1.33916265402595	1	1	2	1	7
47.8167670526656	0	1.25135151310088	-1.13456646680585	0.58474621940579	1.36084870388821	1	1	2	1	7
59.3267636744196	11.509996621754	0.863839403552981	-0.938434158790573	0.550245491005228	0.601839378548573	1	1	2	1	7
73.2637591699546	25.446992117289	-0.0521265095880161	-0.514502365286447	-0.00155643064282091	-0.275682753862631	1	1	2	1	7
12.8918311924633	-35.0008218528243	-0.546720687880763	-0.255297132691689	-1.07016801433915	-0.216415384904863	1	2	1	1	8
24.4924132361882	-23.4002398090995	-0.0465667745141015	0.402413650615191	-0.19965458075814	0.663432011239759	1	2	1	1	8
34.5752548643305	-13.3173981809571	0.386762667311419	0.95186634999081	0.470519717095714	1.38978084674939	1	2	1	1	8
47.8926530452877	0	0.644835244377524	1.15363942125842	0.410691354599449	1.34831151322652	1	2	1	1	8
61.7512823313505	13.8586292860629	0.663073237161168	0.919811155504634	-0.331855101450399	0.574097275037843	1	2	1	1	8
72.3922723046395	24.4996192593518	0.436912937282196	0.352271168564559	-1.17025773413589	-0.278059430794566	1	2	1	1	8
12.1445803561661	NaN	-0.461305490713893	0.0481016650304755	-0.34396522673306	-1.24148874370856	2	2	2	2	9
22.5450114014015	NaN	0.00208598953385335	0.76180868088813	-0.660177535952034	-1.06866523082089	2	2	2	2	9
37.1214249759569	NaN	0.494877227216956	1.29736824628038	-0.737920619785662	-0.517784843492265	2	2	2	2	9
48.0056659492405	NaN	0.895289645669073	1.38196232816983	-0.556971972240918	0.15819825405753	2	2	2	2	9
59.5032742243898	NaN	1.10437332315888	0.97249807093586	-0.164399897390152	0.648885028933895	2	2	2	2	9
70.1446181688868	NaN	1.0704594987551	0.27755961811044	0.337679882764237	0.728961119094556	2	2	2	2	9
12.2611421331815	NaN	-0.951440266948335	-0.429072719787172	-1.20069359670225	-0.805385567508359	2	1	1	2	10
24.5641304819273	NaN	-0.407243476545454	0.248136032614242	-0.901541101433828	-0.499183298891329	2	1	1	2	10
34.4299590430862	NaN	0.328838994462849	0.960253226235039	-0.0596763129077517	0.353836133519786	2	1	1	2	10
48.5635152519014	NaN	0.857894809269704	1.30570727593453	0.667046831184224	1.07527264690437	2	1	1	2	10
59.7294855850166	NaN	0.893207601573426	1.08969242280983	0.710748917819436	1.09137308648783	2	1	1	2	10
73.0936669370685	NaN	0.415639966189298	0.434022081507136	0.0372800571697856	0.389332891046977	2	1	1	2	10
12.1336068788904	NaN	-0.246166623694564	-1.27734028333173	-0.928946315044448	0.241271911958116	1	1	2	1	11
23.8734793699089	NaN	-0.627417250200692	-0.988521177747083	-0.356934947799685	-0.471270434943405	1	1	2	1	11
34.4892459943509	NaN	-0.781981000135016	-0.523545605179232	0.376795079203308	-0.396548199404228	1	1	2	1	11
47.5852758677273	NaN	-0.668373577310037	-0.00704045932738651	0.875104055002849	0.401582196173383	1	1	2	1	11
57.5172368177346	NaN	-0.31708676249306	0.422555950992184	0.868276586558555	1.24105133424144	1	1	2	1	11
72.1032848991553	NaN	0.177595459365865	0.650099370207548	0.360008118713596	1.40446237184771	1	1	2	1	11
10.8427427355463	NaN	0.0595270550951317	-0.924129985101701	-0.311897553939924	-0.366508969261518	2	1	2	2	12
23.6920077394342	NaN	-0.474530508529461	-0.383520512691797	0.49269566132176	0.270210255191457	2	1	2	2	12
35.2953207698458	NaN	-0.837110639663824	0.203101690455516	0.826499999981274	0.849777188282635	2	1	2	2	12
49.0579214894553	NaN	-0.915018758353812	0.627762733765355	0.453504874328845	1.1281293784415	2	1	2	2	12
60.6821818053979	NaN	-0.683932581018853	0.739908463509998	-0.362569959410597	0.988049444807726	2	1	2	2	12
72.3852152769056	NaN	-0.215995340369475	0.499780098652484	-1.04473289621643	0.488526694856383	2	1	2	2	12
11.9553631510254	NaN	-0.652058054480628	-0.658799463896955	-0.79858733404689	-0.415911985306678	1	1	2	1	13
23.7805555406312	NaN	-1.05215107969323	0.0753881396427955	-0.595311126929548	-1.05090325581806	1	1	2	1	13
37.7936312746418	NaN	-0.796401961087531	0.780458120744636	-0.148989592772383	-1.00913618336819	1	1	2	1	13
48.9955567090974	NaN	-0.053341088859107	1.02422387947203	0.40344663221014	-0.321215705288537	1	1	2	1	13
60.7695374021891	NaN	0.687378476139071	0.657264369306024	0.892511117349546	0.508782554113068	1	1	2	1	13
72.299336553177	NaN	0.937646518727299	-0.0954853149913358	1.16815976668596	0.872675085094073	1	1	2	1	13
13.2636806446408	NaN	-0.984570197752545	-0.668768757877886	-0.791817895766416	-0.841128832143337	1	2	2	1	14
21.8806167993213	NaN	-0.266467863857862	-0.164485742566521	-0.975894586356006	-0.852862436022054	1	2	2	1	14
34.9133960069603	NaN	0.371679350215817	0.457390892899735	-0.360508988180037	-0.497253225546595	1	2	2	1	14
48.8817302201489	NaN	0.582727436116789	0.956349841147793	0.543977439248176	0.0891243040996065	1	2	2	1	14
58.2271005222841	NaN	0.25186890604466	1.13941831284193	0.987441497432446	0.681067282070589	1	2	2	1	14
72.1155145853545	NaN	-0.44091338683821	0.935794423886684	0.602102457269811	1.05123538361584	1	2	2	1	14
12.9120799342246	NaN	0.310679758247442	-1.21961900854486	-0.755419492297174	0.209301524830482	1	2	1	1	15
24.752754219373	NaN	0.969533946122448	-0.503259480275962	-0.499050006025114	0.71471883556898	1	2	1	1	15
36.4891253682154	NaN	1.33534586933585	0.220257109785232	0.185138057203436	1.11587676890514	1	2	1	1	15
46.3704951844506	NaN	1.23332500572502	0.508120157378126	0.902994347097576	1.3079054237659	1	2	1	1	15
60.7739147377184	NaN	0.712218481587486	0.184150136283251	1.24097275941055	1.24060505495126	1	2	1	1	15
72.1785389828244	NaN	0.0210189504601396	-0.553375038695525	1.00436906475941	0.93156918968147	1	2	1	1	15
13.1016843231285	NaN	-0.996997304000389	-0.700569890547768	-0.632038190072992	-0.701018632961839	1	1	2	2	16
23.6007192292421	NaN	-0.627104614103743	-1.22112206332718	-0.321570675709464	-0.140305672201382	1	1	2	2	16
36.927798026484	NaN	0.284228939260524	-1.4849195882937	0.529052127883981	0.364623519818115	1	1	2	2	16
48.5071620125202	NaN	0.950537163065437	-1.39840740920372	1.24828058936126	0.653093159481816	1	1	2	2	16
61.9558407196369	NaN	0.796806781190613	-0.992266829005586	1.26829827337846	0.63330802850045	1	1	2	2	16
72.899804109497	NaN	-0.0442953603564136	-0.4105344713487	0.573301620161061	0.311564042171841	1	1	2	2	16
