age	diseaseAge	x1	x2	x3	x4	z1	z2	z3	z4	id
12.0445451414434	-35.2905922835827	-1.0001113573154	-0.633180564202468	-0.89503930358887	-1.41984005058249	2	1	1	2	1
23.2116975927412	-24.1234398322849	-0.816708667453752	-0.876475045654565	-1.24966705323726	-0.981052417470844	2	1	1	2	1
38.2214372508914	-9.11370017413469	-0.0619951942712503	-0.815523745100529	-0.897750271432567	-0.277401835713727	2	1	1	2	1
47.3351374250261	0	0.719835521849145	-0.46914738306429	-0.0879342285371021	0.331325390049885	2	1	1	2	1
59.4435744451658	12.1084370201397	0.965036786958033	0.0556989361869203	0.607609075305011	0.533878584031844	2	1	1	2	1
71.0456962358421	23.7105588108161	0.496803827711025	0.596951633978783	0.69744654632192	0.226689488001468	2	1	1	2	1
12.1583862894721	-35.3753562854588	-0.776962985501874	0.313536602568251	-1.10552225225272	-0.234507405574739	1	1	1	1	2
25.0398641386679	-22.493878436263	-0.620143150555798	-0.427356394426821	-0.639007448069016	0.272581010589381	1	1	1	1	2
36.761098141703	-10.772644433228	0.128923489434976	-0.611996242364119	-0.132861387811531	0.757453497618653	1	1	1	1	2
47.5337425749309	0	0.922733331255951	-0.110944179094231	0.281847248925367	1.09145698035119	1	1	1	1	2
60.2667735640592	12.7330309891282	1.18107932060624	0.724545396256135	0.497727893091642	1.18596903471095	1	1	1	1	2
72.6123426052478	25.0786000303168	0.715132650415959	1.30876610648712	0.458877331756107	1.0159124151158	1	1	1	1	2
12.4808655472595	-35.5249004569947	-0.463567459448772	-1.13361213853252	-0.328722359392839	-1.42574971197245	1	1	1	2	3
24.8379106267184	-23.1678553775358	0.161300254513173	-1.40891244934229	0.28702815259307	-0.992329002646396	1	1	1	2	3
36.0249542484078	-11.9808117558464	0.931910652337151	-1.369667026549	0.774109442488155	-0.08874338447982	1	1	1	2	3
48.0057660042542	0	1.378830772076	-1.02852123239515	0.947647399968283	0.534842436084558	1	1	1	2	3
60.5138746630714	12.5081086588172	1.2298101533736	-0.495396475226727	0.741774835793815	0.3607220407278	1	1	1	2	3
72.5830594610769	24.5772934568227	0.575627730210339	0.0579278323522427	0.234631698945549	-0.466548290943158	1	1	1	2	3
11.5231006126338	-38.9120621863979	0.00676979945814941	-1.43813788611327	-1.10568544564996	-1.10751259208047	1	1	1	1	4
23.4066667004925	-27.0284960985393	0.558488625487753	-1.39155374601887	-0.399349725564917	-0.937418473291544	1	1	1	1	4
36.9884563764135	-13.4467064226182	0.972464909663941	-1.11672040248687	0.460150334309512	-0.132777186507949	1	1	1	1	4
50.4351627990317	0	1.1189214678372	-0.680260075728464	0.790035550407851	0.6625821011521	1	1	1	1	4
59.3831014379795	8.94793863894777	0.951945718909369	-0.1879749061574	0.32824804858539	0.812257161584162	1	1	1	1	4
71.5646961073814	21.1295333083497	0.52388279313406	0.240800492193026	-0.558372297381544	0.196486343131577	1	1	1	1	4
12.8232481131967	-35.4011821156314	0.125323419590872	-0.718591426023443	-0.369668556987141	-1.0027325753517	2	2	2	2	5
22.0135618562292	-26.2108683725989	-0.574748644647586	-0.159275387533155	0.353555732448097	-0.960831330200573	2	2	2	2	5
36.0066033954964	-12.2178268333316	-0.544878404612088	0.306743122607433	1.02050566869178	-0.617677182027618	2	2	2	2	5
48.2244302288281	0	0.190931087071113	0.533623525485991	1.25181528324558	-0.0837942289585478	2	2	2	2	5
60.3004619729124	12.0760317440843	1.04139988317766	0.450363557072945	0.915913987104896	0.468862935985341	2	2	2	2	5
72.2284671556509	24.0040369268228	1.32311039999645	0.0830194398773905	0.20386487752098	0.862292866359783	2	2	2	2	5
12.6682595969339	-34.6865716214088	-0.547458870286235	-0.300643123161309	-0.160200510913703	-1.17993914111078	1	2	1	1	6
25.4198245523091	-21.9350066660336	-0.00854677834593581	-0.756460088506333	0.424488781619326	-1.48281904284804	1	2	1	1	6
36.3485163292986	-11.0063148890441	0.483627949338896	-1.04428028200312	0.908823286780954	-1.27599628103902	1	2	1	1	6
47.3548312183427	0	0.784210258736591	-1.09001808631328	1.1272273862816	-0.665162805787103	1	2	1	1	6
59.5650956492858	12.2102644309431	0.804733871065262	-0.881900479443973	1.00503699274691	0.0375291776904235	1	2	1	1	6
70.3512783399808	22.9964471216381	0.539158352296977	-0.4734974392226	0.584024372540201	0.472985315338149	1	2	1	1	6
12.059854944125	-36.9744279528981	-0.186589781107764	-0.517792224739567	-1.21060001784538	-1.21931511640805	2	1	2	2	7
24.0180820872552	-25.016200809768	-0.492249859068015	-0.011689757736417	-1.46266112766814	-1.3961378298538	2	1	2	2	7
35.7389242085591	-13.295358688464	-0.349760453811862	0.423354991166678	-1.42032536849006	-1.14252366004391	2	1	2	2	7
49.0342828970231	0	0.176485026085184	0.675840056676568	-1.09631046188524	-0.567847235059608	2	1	2	2	7
60.5158611824267	11.4815782854036	0.848667213371865	0.681053518737895	-0.587950941308649	0.0800542666921323	2	1	2	2	7
70.8558578931439	21.8215749961207	1.36301543720202	0.437659167070485	-0.0479587214101576	0.521764336896785	2	1	2	2	7
13.5029115255631	-35.4632165617431	-0.394970089200081	-0.545343529308613	0.172994464399673	-1.39192224986234	2	2	2	1	8
23.9476154645753	-25.0185126227309	0.283440949282001	-0.691456725063349	-0.332583582353539	-1.08104802880384	2	2	2	1	8
35.3389669612178	-13.6271611260884	0.710873485934388	-0.418868472229167	-0.636598281922883	-0.545208577868971	2	2	2	1	8
48.9661280873062	0	0.682653910495983	0.157677365857268	-0.645095958300211	0.0315731397815753	2	2	2	1	8
58.9890646843803	10.0229365970741	0.212295004259128	0.79548839080799	-0.355450462373954	0.451213387323664	2	2	2	1	8
73.0983915049808	24.1322634176746	-0.474974577484902	1.22608310967296	0.142825234542248	0.56959541172716	2	2	2	1	8
11.2277089886762	NaN	-0.25263219910121	-0.579154983030019	-0.608346844935824	0.024252127967812	2	2	2	1	9
24.0381429594484	NaN	-1.05134272280182	-0.595427092520965	-0.897377486839794	-0.503871437756048	2	2	2	1	9
37.1657890573045	NaN	-1.14902800526403	-0.286227269985126	-0.418587285450829	-0.797235491737045	2	2	2	1	9
48.4690801038689	NaN	-0.463673292101502	0.244121532797075	0.457717300730784	-0.754758090612428	2	2	2	1	9
59.7703384178478	NaN	0.429310289740545	0.816681462221143	1.05378378860264	-0.391075309240072	2	2	2	1	9
70.8369723228942	NaN	0.78019025968974	1.23827277640095	0.908601761672924	0.16850178645417	2	2	2	1	9
12.7338332203848	NaN	-0.333571757952044	-0.305623426120038	-0.44100208357514	0.116428946187776	2	2	1	1	10
23.9371201486249	NaN	0.18039865306708	-0.529258177185792	0.499489172799918	-0.62030872496275	2	2	1	1	10
35.6396326218709	NaN	0.752016409648484	0.075620462890877	0.992573988037608	-0.629850437918919	2	2	1	1	10
49.2978921898562	NaN	1.19192744092459	0.993704315173178	0.601428209349943	0.0956281839623003	2	2	1	1	10
59.6528110982766	NaN	1.35440683959046	1.4428594329724	-0.327431868070588	0.961221591735822	2	2	1	1	10
72.6144484915796	NaN	1.18563168776912	1.04044161218188	-0.97112850830706	1.25712758602124	2	2	1	1	10
12.4396188110305	NaN	-1.03050705805576	-0.794017122746289	-0.928981099745785	0.327892492888545	1	1	1	2	11
23.5503357545305	NaN	-0.721134407890906	-0.994413191634798	-0.170445477657728	-0.368729142458639	1	1	1	2	11
36.8933382030136	NaN	-0.218268838817525	-0.869756034541299	0.607836913703166	-0.657603705013321	1	1	1	2	11
49.8511690695308	NaN	0.326086159681002	-0.460663291431157	0.844899508383261	-0.373094368566089	1	1	1	2	11
58.0189542405012	NaN	0.747385897376701	0.0995683851847046	0.369873491759604	0.321665003176574	1	1	1	2	11
73.9180437780558	NaN	0.91828216395925	0.628396018484597	-0.474854213063895	1.02830864101367	1	1	1	2	11
11.5783437564447	NaN	-0.578500979789888	-0.470335598170397	-0.109984752719161	-0.482077941711923	2	2	2	2	12
22.6796022854793	NaN	-0.557192590538634	-0.126712317323744	0.61969975504034	0.234644987691616	2	2	2	2	12
36.0544172455412	NaN	0.0652324799346379	0.445050278396373	1.00961600722046	1.0135171925825	2	2	2	2	12
46.8129611180429	NaN	0.873942273048448	1.03274623943854	0.838140605464579	1.32546972365795	2	2	2	2	12
62.0184915673095	NaN	1.32995035763874	1.4182560518751	0.202737969527504	0.958600812165583	2	2	2	2	12
71.9739209681493	NaN	1.12933785923642	1.45850026905835	-0.535437189255266	0.162115588698454	2	2	2	2	12
11.6872970861893	NaN	-1.05353556430376	-0.122320493533249	-0.469733563518058	-0.289180385148947	1	1	2	1	13
23.8250223208955	NaN	-0.503120254451151	0.680566735195498	-1.01961935283507	0.397323577998605	1	1	2	1	13
37.8167041978904	NaN	0.230790741027997	0.992052814468459	-0.941063866756626	0.954538471749497	1	1	2	1	13
46.9575146576921	NaN	0.752571818491118	0.58925137650514	-0.286118304213787	1.11836816076816	1	1	2	1	13
59.7919465413704	NaN	0.78094915180369	-0.239609772000956	0.511247621578288	0.811164347766985	1	1	2	1	13
72.7604303483866	NaN	0.300625518699379	-0.901432373766237	0.922695859438604	0.178528560421983	1	1	2	1	13
10.1183895675149	NaN	-0.894031299766975	-1.21560994652271	-0.54261469346633	-0.994708760726545	2	2	1	1	14
23.7466152363629	NaN	-0.885679627564179	-0.462160378378334	0.36169477300456	-0.595507980279368	2	2	1	1	14
35.3151934524191	NaN	-0.313109075013356	0.267791766543674	0.783882994680575	0.17671619882289	2	2	1	1	14
48.8417190875702	NaN	0.470813629591026	0.492783930577217	0.371668222170812	0.836680334475828	2	2	1	1	14
59.4571137204806	NaN	0.98296856543372	0.0644155596531061	-0.53098982767609	0.969647778848185	2	2	1	1	14
71.9569287385641	NaN	0.907722251565435	-0.734769712480698	-1.17089639343481	0.492058730474205	2	2	1	1	14
13.1243607453728	NaN	-0.955277066023403	-0.982222060762402	-1.12190131786952	0.37925240538834	1	1	1	2	15
22.2563888387872	NaN	-0.633996709103907	-0.873814037229306	-0.602741715216376	-0.414020915591392	1	1	1	2	15
36.4858904713912	NaN	-0.138015595559915	-0.108259649129301	0.277369459735591	-0.568868259520208	1	1	1	2	15
47.5138475884008	NaN	0.39060892398166	0.712212294703684	0.836149250551844	0.0376318973027687	1	1	1	2	15
59.6382383080486	NaN	0.800469877215132	0.942171699299505	0.640418374291463	0.924025230186168	1	1	1	2	15
71.5749848125627	NaN	0.974176178972489	0.400719362116058	-0.158087973855305	1.38667151959602	1	1	1	2	15
10.7642512144698	NaN	-0.289723453666733	-0.562639330756032	-0.469124138663295	-0.578030107551146	2	2	1	2	16
23.5984857893008	NaN	-0.513111214344945	-0.281746314706564	0.0880005526869312	-0.236489217425722	2	2	1	2	16
35.3816097887429	NaN	-0.139628794659194	0.60005109587712	0.597247498705939	0.278234760496422	2	2	1	2	16
46.6407484853272	NaN	0.606562434097121	1.33065710199162	0.897734643561102	0.81247424507986	2	2	1	2	16
63.0593229859552	NaN	1.27760404467631	1.28692890311356	0.894531639621491	1.20673542437051	2	2	1	2	16
72.7313041667525	NaN	1.47074185189095	0.506162815017352	0.588650384675931	1.34331412223543	2	2	1	2	16
