age	diseaseAge	x1	x2	x3	x4	z1	z2	z3	z4	id
12.5543462295426	-34.7665541926972	-1.03537135781903	-0.193805319349655	0.0864463587462135	-0.737515854356877	2	1	1	1	1
24.9862573383064	-22.3346430839334	-0.800127773504947	0.41475774495416	0.858956103484179	-0.422671634140243	2	1	1	1	1
33.7169240367852	-13.6039763854546	-0.207602097253146	0.911629104211946	1.14077605903086	0.231206431976995	2	1	1	1	1
47.3209004222398	0	0.46538585820509	1.1127914685706	0.738494814685772	0.898119744601786	2	1	1	1	1
58.7661904338667	11.4452900116269	0.904425414536247	0.943743958838725	-0.0718043308499663	1.24557082890175	2	1	1	1	1
71.281042294599	23.9601418723592	0.904403354480238	0.467093654329064	-0.734017745654852	1.10033386081464	2	1	1	1	1
12.6300152053389	-35.8635847399315	-0.280603254998034	-0.761588791196698	-1.30615703426322	-1.05491425460368	1	2	1	2	2
23.3924664686421	-25.1011334766283	0.418788618707616	-0.913898950580886	-1.00752651689886	-1.38366363633493	1	2	1	2	2
36.0353399070695	-12.4582600382009	0.772822377056203	-0.76681613937923	-0.470837564485173	-1.35177381881926	1	2	1	2	2
48.4935999452704	0	0.589889515949396	-0.364376460390889	0.114891758293251	-0.971139458000247	1	2	1	2	2
59.8020998222327	11.3084998769623	-0.0310038923370913	0.172930989598425	0.543371714107793	-0.383734234348634	1	2	1	2	2
70.6186385847085	22.1250386394381	-0.75382080511777	0.684238153273418	0.663694683861844	0.191344234805073	1	2	1	2	2
11.6003535769017	-36.7414590120898	-1.43187998361671	-0.609606769176828	-0.730027820173517	-1.3864154030947	1	2	2	2	3
24.8124983840246	-23.5293142049669	-1.37690365569948	-1.09649633965678	-1.07390047694079	-1.10319920376796	1	2	2	2	3
36.5657459899196	-11.7760665990719	-0.812902641106113	-0.971024621129212	-0.692523664347087	-0.580526513762428	1	2	2	2	3
48.3418125889915	0	-0.0601684392836587	-0.312497314061852	0.137427365194655	0.00168467702139175	1	2	2	2	3
61.3686176996284	13.0268051106369	0.453827438283798	0.462856570123728	0.813852790703793	0.443021626256564	1	2	2	2	3
71.3032963747674	22.9614837857759	0.437190994819723	0.864966570790681	0.846030132047152	0.591564292407396	1	2	2	2	3
12.2122214806079	-36.1683007224936	-0.315422994790205	-0.556939524601013	-1.19544097362169	-0.773251620651935	2	2	2	1	4
23.9078697961241	-24.4726524069774	0.186923734920254	-0.905457251950928	-0.81390798168113	-1.01012940554467	2	2	2	1	4
34.7965215870192	-13.5840006160823	0.806808724719926	-0.664423737441263	0.012907065196543	-0.764712971281189	2	2	2	1	4
48.3805222031015	0	1.30603222774635	0.0236503717235544	0.689340846489539	-0.155367788697657	2	2	2	1	4
58.3101453244542	9.92962312135273	1.49276041352218	0.751942452469019	0.728069390773201	0.524016168395848	2	2	2	1	4
71.7938768649872	23.4133546618857	1.29524028380452	1.08985107581114	0.101191448095563	0.945768904298948	2	2	2	1	4
11.8213100654347	-35.6197310862088	-0.632465879302907	-1.01253097168104	-0.259212417462539	-0.157848440398012	1	2	2	2	5
23.5771844663698	-23.8638566852737	-1.25511561397096	-0.267260818046154	-0.662832911215136	-0.70873524694106	1	2	2	2	5
36.6277585654704	-10.8132825861731	-1.49500740551571	0.543163137384807	-0.343980867713757	-0.586894332518776	1	2	2	2	5
47.4410411516434	0	-1.23131645523549	0.810577185119779	0.466631958243245	0.1222385713015	1	2	2	2	5
61.8644739741585	14.423432822515	-0.596854335305825	0.334306705225661	1.18247049074759	0.921414336805761	1	2	2	2	5
71.9843298768136	24.5432887251702	0.0888233853615756	-0.528242255952406	1.2855754839598	1.25024512957491	1	2	2	2	5
12.1610191246746	-35.4799098884177	-0.803724280382808	-1.04226161977138	-0.29070085947654	-0.719448955323398	1	1	1	2	6
24.1708858991307	-23.4700431139615	-0.659546371014436	-1.20299745172316	-0.91269033499502	-0.364927089721426	1	1	1	2	6
36.9749361357165	-10.6659928773758	0.00573261214623144	-0.788582783928017	-1.25028365296716	0.41131049422004	1	1	1	2	6
47.6409290130923	0	0.774843101743793	-0.0413046493886624	-1.15431844486882	1.1015651018744	1	1	1	2	6
59.6444229380773	12.0034939249851	1.16539138120811	0.601941696694028	-0.667196017164964	1.25437525995574	1	1	1	2	6
72.1591733583563	24.5182443452641	0.932421701555133	0.765083058090296	-0.00414674086527778	0.769795385579957	1	1	1	2	6
10.8171772284643	-36.3159198268923	-0.129923885184681	-0.460795225415079	-0.235376976540754	-0.405186562522274	2	1	2	1	7
21.979508369763	-25.1535886855937	0.684224090067171	-1.10033640801537	0.373685536288991	0.212987412852198	2	1	2	1	7
36.6636318541367	-10.4694652012199	1.22629451165686	-0.90749137105338	0.993748000750563	0.621184563645042	2	1	2	1	7
47.1330970553567	0	1.13697812478642	-0.0490356991036589	1.36277923582864	0.655151481028597	2	1	2	1	7
59.1683075791939	12.0352105238373	0.475477946498468	0.732623912923736	1.32483093647137	0.301220303880412	2	1	2	1	7
71.3774989918051	24.2444019364485	-0.319733222178091	0.761495275715244	0.895939612333874	-0.298191505492239	2	1	2	1	7
10.7476904713448	-38.6981777791238	-1.23004775486537	-0.445063512103325	-0.518748680054465	-0.752967921857878	2	2	1	2	8
23.8973835821865	-25.5484846682821	-0.767463192060866	0.164793310669881	0.140613485736554	0.0525585335110041	2	2	1	2	8
35.4246680376598	-14.0212002128088	-0.0170011725459731	0.70723309467644	0.737954175013667	0.785510498440719	2	2	1	2	8
49.4458682504685	0	0.590650948768585	0.976855942177398	1.00218205992572	0.909863770439171	2	2	1	2	8
60.2313176312326	10.785449380764	0.706763885084214	0.871566640141487	0.813382509740283	0.334676014074262	2	2	1	2	8
72.2225675896262	22.7766993391577	0.2647008551751	0.431233967572058	0.257238488427915	-0.519405070475886	2	2	1	2	8
11.7627509471995	NaN	-0.849966610597001	-0.565244805651413	-0.738464584863183	-0.25187202564028	1	2	1	2	9
22.8393262973436	NaN	-0.263886172475899	-0.936610629924516	-0.999272215916586	0.314396397707948	1	2	1	2	9
37.3607643546418	NaN	0.669209265159046	-0.934844056281734	-0.510760461937751	0.751135885186256	1	2	1	2	9
47.7252015219704	NaN	1.13169695610389	-0.560638546091436	0.357092916010244	0.916256212334878	1	2	1	2	9
60.5121268748169	NaN	0.718323117407677	0.0391130347827952	0.947013150045072	0.756036602764014	1	2	1	2	9
71.4446157615637	NaN	-0.208694368844216	0.628980618846686	0.812220064221431	0.322603417701562	1	2	1	2	9
11.103177550006	NaN	-0.151073830200114	-1.19233733211747	-0.436444549583434	-0.937917676011417	2	2	1	2	10
23.2913113868058	NaN	0.519811433228856	-1.4275952739556	0.146759811395733	-0.531948317396922	2	2	1	2	10
36.6072375322369	NaN	1.04947123125633	-1.13337777913184	0.662801957093492	0.271305992025783	2	2	1	2	10
48.0146962233391	NaN	1.19938437873707	-0.465613225722408	0.93436908050345	0.930576888893578	2	2	1	2	10
61.7149852574355	NaN	0.90204063279607	0.221798820197276	0.868150336098902	1.00161841626036	2	2	1	2	10
70.7388546804498	NaN	0.29134251528132	0.564546081906491	0.486898577585108	0.436559643590731	2	2	1	2	10
11.5252481680343	NaN	-0.639647732708376	-0.185930212610113	-0.529574410171755	-0.667707507303877	2	1	2	2	11
24.0801402246699	NaN	-1.19523258635515	-0.68053306617525	-0.375933867546211	0.161249976591491	2	1	2	2	11
34.550646610033	NaN	-0.888061708522548	-0.911924373892087	-0.00490828587923725	0.923171103938128	2	1	2	2	11
48.2113604104341	NaN	0.0138035310199531	-0.800271579171251	0.488056765120731	1.01200463245999	2	1	2	2	11
60.4041029124982	NaN	0.723324877978605	-0.384096129256649	0.976147037423564	0.357090137627399	2	1	2	2	11
69.9865043239439	NaN	0.621318425700391	0.193016849494799	1.33380230981815	-0.520636907146382	2	1	2	2	11
12.8312121289498	NaN	-0.730820530127041	-0.486803850548703	-0.549931763402639	-0.642272557385975	1	1	2	1	12
23.604166511653	NaN	-0.245139622965031	-0.595602272676137	-0.0102701470858497	-1.28933387962059	1	1	2	1	12
33.2490879005339	NaN	0.385081906519121	-0.407755935109816	0.887866932991268	-1.47013201997481	1	1	2	1	12
47.7859320530668	NaN	0.908894271104259	0.020852794799762	1.41997712645944	-1.08034664868868	1	1	2	1	12
60.9130764025582	NaN	1.11771906575867	0.562717196374686	1.15682185228821	-0.344883499795268	1	1	2	1	12
71.5779776580967	NaN	0.928403723752498	1.05663814305612	0.310681194307055	0.311895992076999	1	1	2	1	12
11.2892864905177	NaN	-0.612248601833881	-0.986501092103697	-1.12222266101664	0.121161286406137	1	1	2	1	13
23.7231313783665	NaN	-0.0398915116960371	-1.4023702927441	-1.27146099944817	0.624744741095357	1	1	2	1	13
36.3794330440184	NaN	0.721340267214528	-1.09687230317789	-0.672286560902552	1.04234862283497	1	1	2	1	13
47.0916759500378	NaN	1.22871607972273	-0.290951944688054	0.207637184467741	1.26725315448528	1	1	2	1	13
62.0365602228995	NaN	1.18714731797615	0.432526293739088	0.681518267986122	1.24198338778803	1	1	2	1	13
71.595105208961	NaN	0.620810278383771	0.550322405456058	0.379486318520349	0.972997078497475	1	1	2	1	13
12.6932104262457	NaN	-0.899371815847158	-0.762104963009643	-0.246361442170089	-0.89084448572929	2	2	2	2	14
23.8457072574699	NaN	-1.05799175631249	-0.0421411998652278	0.302805197542706	-1.00681661066035	2	2	2	2	14
36.3350048167289	NaN	-0.951068671153838	0.716413450754407	0.758051899993037	-0.612376520973006	2	2	2	2	14
48.4421205220666	NaN	-0.607033529128444	1.01596278264648	0.981886574063356	0.0867039860565306	2	2	2	2	14
61.1813195565555	NaN	-0.117365661942892	0.66000861206335	0.906707417836382	0.725728075260578	2	2	2	2	14
73.6836256816211	NaN	0.387731693068958	-0.117950466372233	0.555219789401397	0.971329187873421	2	2	2	2	14
10.4510486636401	NaN	-0.777234863826647	-0.381651710965318	-0.349023190301401	-1.37989385918214	2	1	1	2	15
23.4702934177685	NaN	-0.0047288212717253	0.21913658725777	-0.672837184426453	-1.34427707630707	2	1	1	2	15
37.1013837886615	NaN	0.517925882918629	0.745824788250378	-0.746301409971076	-1.0367023028791	2	1	1	2	15
48.8437035122859	NaN	0.47845283216701	1.00630802261339	-0.549403195199805	-0.545839180811875	2	1	1	2	15
59.5573834532236	NaN	-0.0995635635111999	0.905577331301085	-0.13578033875959	-0.0131969007883906	2	1	1	2	15
71.9432298781229	NaN	-0.870769311665107	0.480373344277394	0.381890568983892	0.407670981054869	2	1	1	2	15
11.6016116808366	NaN	-0.505141866501069	-1.10622030505005	-0.758350550521552	-0.687773056915869	1	1	2	1	16
24.118992873038	NaN	-0.360106248412339	-0.827176584320137	-0.238630750838549	0.0448113704861534	1	1	2	1	16
36.4866317838795	NaN	0.163859970055593	-0.0168575591588536	0.330741732485792	0.560262992148193	1	1	2	1	16
48.3810108342427	NaN	0.832483302008969	0.721951019519585	0.76146888487292	0.581495958928119	1	1	2	1	16
60.209805831331	NaN	1.34681180384109	0.839659088971801	0.911104293833723	0.0970962905748802	1	1	2	1	16
70.869024644858	NaN	1.47688116242243	0.248705152021676	0.730161812349889	-0.632542432235532	1	1	2	1	16
