age	diseaseAge	x1	x2	x3	x4	z1	z2	z3	z4	id
13.6760851890276	-35.5273934256065	-0.408011816984283	-0.832847238395662	-0.769593576249153	-1.44470306902914	2	2	1	2	1
25.2336610813272	-23.9698175333069	-0.672379130631714	-0.424318804169422	0.11115372459139	-1.39039736825206	2	2	1	2	1
34.5034517325281	-14.700026882106	-0.633367571769487	0.155331641692048	0.660013925956966	-0.931368816893675	2	2	1	2	1
49.2034786146341	0	-0.303083949342969	0.702630116873703	0.45114345958513	-0.271178652648352	2	2	1	2	1
60.4578945443001	11.2544159296659	0.215971840947079	1.0254591114948	-0.353401572654966	0.297404566733566	2	2	1	2	1
72.9159865707826	23.7125079561485	0.762716533824797	1.01049636105732	-1.12939969049471	0.52223638634373	2	2	1	2	1
11.6208333829771	-37.5262706701186	-0.26044562363416	-0.179314583468198	-0.674650518156173	-0.148773256521824	2	2	2	1	2
25.2673344223988	-23.8797696306969	-0.639048610116607	-0.555241814566903	-0.0307350216385482	0.773127300607596	2	2	2	1	2
35.4823724704021	-13.6647315826935	-0.543702476884022	-0.60185362652746	0.598319977743221	1.2900731415796	2	2	2	1	2
49.1471040530956	0	-0.0206978990917172	-0.302616167947779	0.924422417901318	0.962579657159685	2	2	2	1	2
60.1835495270058	11.0364454739101	0.676045701522802	0.2363269150448	0.798225223414123	0.0690673986313418	2	2	2	1	2
71.242323691162	22.0952196380664	1.20825837536532	0.823805091342759	0.277523674543689	-0.630838824862557	2	2	2	1	2
12.8813275866995	-33.8194638669424	0.0102256070374185	-0.812369569671211	-1.26440677112142	-1.24484815459684	1	2	2	1	3
24.5916624065097	-22.1091290471322	0.889113151580789	-1.00550408577934	-0.618092563529585	-0.639930895989221	1	2	2	1	3
33.7701274075894	-12.9306640460525	1.45211034824866	-0.37876998235741	0.129038318528624	0.183207744810711	1	2	2	1	3
46.7007914536419	0	1.26381570911663	0.534947856763632	0.539091085299363	0.660982266140799	1	2	2	1	3
60.5501157175292	13.8493242638873	0.469849437147512	0.958754697603599	0.371733052904811	0.466270625688049	1	2	2	1	3
73.2182434813001	26.5174520276582	-0.315763925044343	0.53230592525372	-0.274946926796653	-0.267612261993919	1	2	2	1	3
11.4662595268034	-36.6747932929839	-1.39515959002872	-0.572189635483697	-0.36562656674101	-1.21158968646066	2	2	1	2	4
23.0672142168952	-25.0738386028921	-1.40030719075419	-1.17733311030802	-1.15103722912215	-0.790883518030951	2	2	1	2	4
35.7658118206965	-12.3752409990908	-1.09651886777685	-0.967422347063996	-1.29295967259958	-0.2777137659537	2	2	1	2	4
48.1410528197873	0	-0.581400478982455	-0.11881318043296	-0.679091404370779	0.191559916684747	2	2	1	2	4
58.2281175253991	10.0870647056118	-0.0204573069909477	0.655538200075832	0.204816801512596	0.492241956327865	2	2	1	2	4
70.3697242513642	22.228671431577	0.406082063402884	0.705063038788287	0.659332970113479	0.54443501208784	2	2	1	2	4
10.9815523398136	-36.2089546114212	-1.26040726752123	-1.28135423995655	-1.02979666278454	-0.438370108169809	2	2	2	1	5
25.6689305611009	-21.5215763901339	-1.00854252949076	-0.893249655051249	-0.306742842965083	0.374581130952233	2	2	2	1	5
34.7983843685449	-12.3921225826899	-0.22829121844	-0.121893806422626	0.383360454582246	0.633431643611288	2	2	2	1	5
47.1905069512348	0	0.522596354555719	0.545487530525355	0.635448157389905	0.141720834561803	2	2	2	1	5
60.6129720871966	13.4224651359618	0.707360082221543	0.687343926165801	0.301554121883635	-0.727355982645605	2	2	2	1	5
71.7591749501951	24.5686679989603	0.193924535626416	0.214071999018157	-0.422338221384201	-1.31419281739979	2	2	2	1	5
13.7923147554228	-33.5526760231508	-0.252897182669733	-0.979884321606537	-1.00184587874845	-0.384585457111043	1	1	1	2	6
23.4657571506608	-23.8792336279128	-0.672104289872385	-0.60313264846956	-0.419894477567346	0.217059919602952	1	1	1	2	6
35.7810320491598	-11.5639587294138	-0.814615918072345	-0.0674110970342616	0.289687322703776	0.984374449246449	1	1	1	2	6
47.3449907785736	0	-0.634414114614384	0.462470632064473	0.765094196796122	1.45954025069794	1	1	1	2	6
60.8109931270557	13.466002348482	-0.189687240438985	0.823499404651464	0.763923170661764	1.35904985472835	1	1	1	2	6
71.5768898579493	24.2318990793757	0.37595943870251	0.904608111757088	0.286771333306195	0.742860812483277	1	1	1	2	6
12.4929811224458	-36.6939185114678	-0.261379959069959	-0.635507666548952	-0.619379603712283	-0.382544946991995	1	2	1	1	7
22.990648654266	-26.1962509796476	0.395685885383176	-0.800415345179337	-1.17677268678524	0.529123662912855	1	2	1	1	7
36.7133666354966	-12.473532998417	0.974601866862937	-0.14308707098871	-1.00074131282238	1.05147926428286	1	2	1	1	7
49.1868996339136	0	1.21874041749502	0.77000739290068	-0.224397682518784	0.750285997074336	1	2	1	1	7
60.2185697059018	11.0316700719882	1.01987740031067	1.15198510690352	0.565199165734327	-0.124073225075659	1	2	1	1	7
70.9987660149152	21.8118663810016	0.466166768686187	0.67366682578562	0.770968315241676	-0.844740821198068	1	2	1	1	7
13.3183250398596	-35.3033182024844	-0.663341993135363	-0.255522115542931	0.146084618456724	-0.853199336795965	2	1	2	2	8
21.2812534224959	-27.3403898198481	0.00620346636480362	-0.820070928068935	0.844742020566814	-0.151625267614642	2	1	2	2	8
35.686625162168	-12.935018080176	0.688387747663772	-0.538781083531037	1.23826886082316	0.412639623770927	2	1	2	2	8
48.621643242344	0	1.0241727996392	0.346802090321269	1.12145419813022	0.560135640782051	2	1	2	2	8
60.6199284198137	11.9982851774697	0.836832752226024	1.07622284959506	0.555212929294937	0.217813418147606	2	1	2	2	8
72.863057231838	24.241413989494	0.224965898237905	1.02312308080952	-0.165179269977501	-0.444787407819649	2	1	2	2	8
12.5779471418098	NaN	-0.121400567886824	-0.865910971837929	-0.544641992177415	-0.917547905080166	1	2	1	2	9
24.4973927115349	NaN	0.516712911548599	-0.618583825992555	-0.23829004038761	-1.04143696838807	1	2	1	2	9
34.3119517585409	NaN	0.947333365605378	-0.0836622195627243	0.259631811203139	-0.606848436093249	1	2	1	2	9
47.7549018487367	NaN	0.989019605873036	0.533226281593358	0.800785607090099	0.137312143783968	1	2	1	2	9
59.2846050484307	NaN	0.624207206641477	0.99494547027468	1.22395398467101	0.764835418752406	1	2	1	2	9
71.2145607421383	NaN	0.00660924549415152	1.12400729638689	1.4030691046573	0.916314701694126	1	2	1	2	9
10.6356771681403	NaN	-1.27063881436732	-0.39713288364892	0.187605603458435	-0.467391970262415	2	2	2	1	10
24.3410926683141	NaN	-1.26859580650383	-0.899636879682248	1.01269124488017	-0.877179121870068	2	2	2	1	10
35.8460618453362	NaN	-1.00763449141768	-0.603368715538009	1.25030536470613	-1.0475564052014	2	2	2	1	10
47.2023046716479	NaN	-0.557784446079059	0.253040321649507	0.712949887669662	-0.929281725793527	2	2	2	1	10
60.5310114992751	NaN	-0.0397639783516338	0.97978951890866	-0.175355276334429	-0.556538589933751	2	2	2	1	10
72.9654730218378	NaN	0.407414912208766	0.991513597905555	-0.713660585156875	-0.0370564574861625	2	2	2	1	10
13.4999953129861	NaN	-0.583765602039356	-1.12575160352324	-0.0393990480906818	-1.2834848283843	1	1	1	2	11
24.0483196117796	NaN	-0.508463074546422	-1.17843407905319	0.583416743449295	-1.37649577013377	1	1	1	2	11
36.3335170749098	NaN	-0.132793670998044	-0.970807445128457	1.06772993438911	-1.08560740739908	1	1	1	2	11
47.7389876535928	NaN	0.419517917137583	-0.557589948717987	1.22525608266212	-0.524079983337533	1	1	1	2	11
58.6875250630587	NaN	0.966570847814404	-0.0476815733791647	0.994754397198961	0.0894502802687765	1	1	1	2	11
71.126063666479	NaN	1.32819618945201	0.424535632275502	0.465836067731275	0.516099344927791	1	1	1	2	11
11.7953560512827	NaN	-1.18771794211208	0.271223056915772	-0.3054798052266	-0.896870854980886	1	2	1	1	12
24.5426375677992	NaN	-1.37682718829038	1.00037535802276	-0.543850381362319	-0.0972731519048651	1	2	1	1	12
37.0543489726957	NaN	-1.10166895625176	1.38589783553302	-0.101339467084307	0.766018729428821	1	2	1	1	12
47.7344554857967	NaN	-0.490278789230875	1.2082249041363	0.717959314339986	0.920241868356548	1	2	1	1	12
60.7053592938355	NaN	0.172853651740205	0.568546153160434	1.35102361262929	0.227345709963347	1	2	1	1	12
72.4881072321659	NaN	0.579162194800259	-0.168823889547615	1.36281146606803	-0.69243402866129	1	2	1	1	12
12.4511832690938	NaN	-0.474379528598399	-1.04046043427816	-0.467090928724257	-0.654047647484942	2	1	2	2	13
24.262218871098	NaN	0.140043509386675	-1.14300212631957	0.230599011188326	-0.0749761673340924	2	1	2	2	13
35.9475660498464	NaN	0.687068107670876	-0.999856584661937	0.637186071052375	0.711124460139891	2	1	2	2	13
47.0096119828395	NaN	0.956116165586903	-0.646224287874127	0.54346032775163	1.21644095004996	2	1	2	2	13
60.315275819791	NaN	0.84361715047153	-0.169065863162453	-0.00235151037616599	1.12740009276426	2	1	2	2	13
73.2044295607893	NaN	0.392877760056893	0.314282133206554	-0.719401221725434	0.499256026956203	2	1	2	2	13
12.9679682050459	NaN	-1.33950987703004	-0.844176103620636	-0.456245927833754	-0.94290348796795	1	2	1	2	14
24.1328228904797	NaN	-0.90083140261542	-1.26026309083503	-0.758358773981587	-0.302572141371189	1	2	1	2	14
35.0282699984151	NaN	-0.304566264034645	-0.88060677805185	-0.372501171982717	0.630990995531528	1	2	1	2	14
48.0680127750525	NaN	0.232886925163537	-0.00739477407021377	0.435459280974283	1.02349317088586	1	2	1	2	14
59.7629346879465	NaN	0.516473788218706	0.664339443269088	1.10881331406443	0.524168906663616	1	2	1	2	14
72.4839067315005	NaN	0.4432739965471	0.599928728836184	1.18359956457901	-0.42075315121018	1	2	1	2	14
12.1765923641916	NaN	-0.743875329006656	-0.661561583118046	-0.95014432540108	-0.972956845458125	2	2	1	1	15
25.3503862086722	NaN	-1.31107343410756	0.1654189318056	-0.27946005634557	-1.28677239048402	2	2	1	1	15
37.7842990047962	NaN	-1.30549026667469	0.805932434210756	0.499790489490953	-1.05203863702407	2	2	1	1	15
47.0008363923012	NaN	-0.730594968363286	0.809961781300903	0.885088755245098	-0.397731517897304	2	2	1	1	15
60.2416352664703	NaN	0.0563970896675402	0.174676001897394	0.627965837682552	0.316635817229484	2	2	1	1	15
72.0181877435387	NaN	0.566482673377645	-0.653580696995705	-0.105766332540504	0.698549756379592	2	2	1	1	15
12.5029380989354	NaN	-0.115187476892822	-0.223629810721625	-0.45399732914375	-0.753898990622707	2	1	2	1	16
24.3522093556918	NaN	0.826808437047118	0.436788437859897	-1.15695223774103	-1.18199248959842	2	1	2	1	16
38.4234494597435	NaN	1.36242825936246	0.830680898730616	-1.05404509188752	-1.20588134846546	2	1	2	1	16
46.7400188012097	NaN	1.01628092909883	0.774183675724524	-0.234325309296869	-0.815201123990024	2	1	2	1	16
58.514494009914	NaN	0.0955905998904636	0.293668940376707	0.592872799739443	-0.179452713292583	2	1	2	1	16
74.4949008016921	NaN	-0.582481125615462	-0.386565255984491	0.711743648227672	0.425537468044102	2	1	2	1	16
