age	diseaseAge	x1	x2	x3	x4	z1	z2	z3	z4	id
12.23649410172	-36.4603131022176	-1.26305182293449	0.0627826368577858	-0.931199108714653	-1.16887627168815	1	1	1	2	1
24.0488473354502	-24.6479598684875	-1.0470446873676	-0.514090580499282	-1.31722167320693	-1.0196777408365	1	1	1	2	1
34.6316107318656	-14.065196472072	-0.61645531650921	-0.750436302860558	-1.16300868429473	-0.587924201177056	1	1	1	2	1
48.6968072039376	0	-0.0909765606109242	-0.540832481679118	-0.553080434695269	-0.0170816998208095	1	1	1	2	1
61.1065113925416	12.409704188604	0.383321903979371	0.0212270639420476	0.178276615311576	0.503166275617707	1	1	1	2	1
71.4980659506181	22.8012587466805	0.674597215038684	0.68503558072325	0.630223908718348	0.799948135915333	1	1	1	2	1
11.9575509984421	-37.0377617951651	-0.645310717504458	-1.13653066851239	-1.26441550751211	-1.25116810620203	1	1	1	2	2
24.5731661765616	-24.4221466170456	-0.176202667667842	-0.440510911002689	-1.35094577766406	-0.972471464756849	1	1	1	2	2
35.5735100013923	-13.4218027922149	0.46079462173737	0.291548964474711	-0.745497745703812	-0.389857881805889	1	1	1	2	2
48.9953127936071	0	1.00478093681049	0.618650076046689	0.107266331452492	0.249124972072932	1	1	1	2	2
59.4702487783354	10.4749359847283	1.23295133266054	0.343744027407372	0.581046624341976	0.672978591445274	1	1	1	2	2
71.0211338611162	22.0258210675091	1.05185218542882	-0.36756351976012	0.327882278857075	0.701611095153477	1	1	1	2	2
11.5953681617731	-36.011137301405	-0.743484287199393	-0.37235974441513	-0.604418135968682	-0.217381951173437	1	2	1	2	3
22.3637629927966	-25.2427424703815	-1.29058924233454	-0.95258723183283	0.0818660174742767	-0.571976259296813	1	2	1	2	3
35.7124269422711	-11.894078520907	-1.01427649683782	-0.851488334753454	0.854627835730269	-0.276905184032703	1	2	1	2	3
47.6065054631781	0	-0.145290337970311	-0.141569920410549	1.2143966641909	0.475977702794325	1	2	1	2	3
59.4613425078245	11.8548370446464	0.590693002767428	0.668023384474612	0.928637757979054	1.19715213602758	1	2	1	2	3
70.6895795699321	23.083074106754	0.579065787721913	0.996661365663498	0.182049926707156	1.41771451066099	1	2	1	2	3
10.7420189422795	-51.000330467589	-1.48588279398826	-0.110900362383628	-0.955091406818384	0.0879996560792303	1	1	1	1	4
24.2515297490469	-37.4908196608215	-1.30471445873759	0.420859376181935	-0.744179408743099	-0.357738413398026	1	1	1	1	4
36.815546943853	-24.9268024660155	-0.738860246205818	0.885410910251291	-0.341048860976181	-0.647055569703412	1	1	1	1	4
45.317350848019	-16.4249985618494	-0.0552982370841044	1.15127956449327	0.153945181031758	-0.709331416676468	1	1	1	1	4
61.7423494098685	0	0.42345727221157	1.14322073753716	0.617579223530124	-0.529364833717821	1	1	1	1	4
71.5699791397009	9.82762972983247	0.471522610301984	0.863515191752483	0.934436510578563	-0.151084468359071	1	1	1	1	4
10.3008670573386	-35.9196165581042	-1.3252176934008	-0.847226823740646	-0.643033453990974	-1.12710348303766	1	1	2	1	5
23.2705310955324	-22.9499525199104	-1.29877145437346	-0.430631455436244	-0.910545406064102	-0.720274745536474	1	1	2	1	5
35.2459943046423	-10.9744893108005	-0.963266638086182	0.0655371010649503	-0.464527370676729	0.133425418347832	1	1	2	1	5
46.2204836154428	0	-0.428550473315884	0.518426987827394	0.374600617652722	0.790057289654363	1	1	2	1	5
60.0026138654265	13.7821302499837	0.130306262914851	0.815902191192084	1.0040077367303	0.754328304837122	1	1	2	1	5
71.4196329321445	25.1991493167017	0.530328958087523	0.884307537036722	0.971526955584225	0.053188572863278	1	1	2	1	5
12.1044852924156	-36.1271572774014	-0.28679119601784	-0.621944766713709	-1.03380853410366	-0.560958944917208	2	2	2	2	6
22.7011695636337	-25.5304730061833	-0.898170709434709	-1.14642582279908	-0.931190355736966	-0.192108708733033	2	2	2	2	6
36.0291914538931	-12.202451115924	-0.888121344056655	-1.31783547192381	-0.317913299552052	0.289461518611621	2	2	2	2	6
48.2316425698171	0	-0.263458946635547	-1.06293213276877	0.443367450758171	0.765990677444675	2	2	2	2	6
59.398332198851	11.1666896290339	0.552147622924672	-0.490633382253184	0.902476224081706	1.12095042875678	2	2	2	2	6
72.7008110971435	24.4691685273265	1.00552419105069	0.15452340562588	0.787923691337126	1.26754048033317	2	2	2	2	6
11.9728823464639	-26.7122027171279	-1.36273238792773	-0.40620437211289	-1.07558529851422	-0.975018377865859	2	2	1	2	7
25.4522087251874	-13.2328763384045	-1.24036280561878	-0.855711125183891	-0.946762000295071	-1.15156182969883	2	2	1	2	7
38.6850850635919	0	-0.645169502356528	-0.954946273780331	-0.584782936787567	-0.693580663154091	2	2	1	2	7
47.5951230535181	8.91003798992622	0.0934773872549958	-0.664760541481428	-0.0865312588044595	0.10286597354227	2	2	1	2	7
59.6037116426597	20.9186265790678	0.566822885424974	-0.0996351540203806	0.41463672295221	0.722919981209385	2	2	1	2	7
70.7981597124887	32.1130746488968	0.512925418563879	0.517482169785098	0.784584153470537	0.76575120617724	2	2	1	2	7
11.8351606705296	-36.9593044832184	-0.718504485186512	-0.431014541617973	-0.132338598520149	-0.543754484117432	2	1	1	2	8
23.414045252722	-25.380419901026	-0.96438609347204	-0.0337605514446517	-0.600189126478022	-1.06856953983153	2	1	1	2	8
35.3734204285059	-13.4210447252421	-0.908516928228234	0.551987774407966	-0.387034429298794	-1.23581193670671	2	1	1	2	8
48.794465153748	0	-0.56803084435987	1.11332794951592	0.359861720217548	-0.973415376640968	2	1	1	2	8
60.4694711446815	11.6750059909335	-0.0473475004145132	1.44622914060934	1.12448561783124	-0.394448968137631	2	1	1	2	8
71.5345005766294	22.7400354228814	0.493850874106794	1.42969144348173	1.37857585797286	0.251605299990509	2	1	1	2	8
13.072359096467	NaN	-1.04021715331439	-0.842456461906086	-1.07017981392724	-0.749418651002423	2	2	1	2	9
22.5899435635232	NaN	-1.36043106497172	-0.638082831587088	-1.31980254028265	-0.268298503106892	2	2	1	2	9
34.321601895117	NaN	-1.40458953308754	0.163573384169094	-0.796229410677626	0.304379204402048	2	2	1	2	9
47.0903253610073	NaN	-1.15968562407539	0.941685760970857	0.0895579941254887	0.78078867812348	2	2	1	2	9
59.6644252166608	NaN	-0.697856099365314	1.0936609237902	0.64225602452958	1.00467800496186	2	2	1	2	9
72.3949681402135	NaN	-0.155133439532067	0.501804784968288	0.428021350203575	0.902616370523646	2	2	1	2	9
12.2991796648252	NaN	-1.1168878466205	-0.614640486673736	-0.403843572519858	-1.3478332130903	2	1	1	1	10
22.1168395947832	NaN	-0.586609260289686	-0.0320703381967238	0.259352693618831	-0.850753531595658	2	1	1	1	10
37.0228184236868	NaN	0.003094782445133	0.901441223963259	1.06040889387905	-0.193369353657337	2	1	1	1	10
48.4287840286401	NaN	0.443460674636115	1.36778469495568	1.46052131335478	0.339677530454411	2	1	1	1	10
59.8008913296548	NaN	0.578592635741813	0.958266662070023	1.19056768831029	0.517582327312106	2	1	1	1	10
72.2172112519797	NaN	0.360652032193544	0.031779943233735	0.432123313935961	0.263313764222124	2	1	1	1	10
13.1217118220737	NaN	-0.574153880240604	-1.26494700045391	-0.725908868697847	-0.505858557516455	2	1	2	2	11
25.0698297399369	NaN	-0.385137202301269	-0.606106980618701	0.197608632681539	-0.107677074834186	2	1	2	2	11
36.6864957740476	NaN	0.312479066513627	0.217297159261763	0.615278544503012	0.423781777578864	2	1	2	2	11
49.5389986234769	NaN	1.07305015040668	0.62457650239835	0.16415902779336	0.932447807793525	2	1	2	2	11
59.0091587246026	NaN	1.41071506059201	0.328505627953476	-0.763741438126328	1.26894424919278	2	1	2	2	11
70.6663649460539	NaN	1.10976982065603	-0.462117539642743	-1.36210692780117	1.3344542997717	2	1	2	2	11
11.5520920967476	NaN	-0.604318749714932	-1.16895384617512	-0.711485742890177	-1.02296354198804	1	1	2	2	12
25.3042474289872	NaN	-0.251184101382585	-0.623579473031581	-1.13744797672198	-0.643336556745946	1	1	2	2	12
38.0016106563682	NaN	0.372664355847673	0.219146138392624	-0.882025163471012	0.277385315902588	1	1	2	2	12
46.306301061907	NaN	0.995274866331483	0.760725477788889	-0.120382921531181	0.933037181342796	1	1	2	2	12
60.6321528037523	NaN	1.34523532758414	0.61653289492278	0.62515447975662	0.749543922312473	1	1	2	2	12
71.8137025701881	NaN	1.26998887945677	-0.111027101928698	0.843307259740827	-0.112431585435053	1	1	2	2	12
10.5905667633113	NaN	-1.14377987596574	-0.78641582700441	-0.732892549533602	-0.620310013757509	1	1	1	1	13
26.458284455059	NaN	-0.434743956595716	-0.391734885280735	-0.310580335810442	-0.462677634397602	1	1	1	1	13
36.8008843553557	NaN	0.291080353351121	0.47243503766749	0.222706411051178	0.146429303358142	1	1	1	1	13
47.3599211234227	NaN	0.592896896741326	1.13579694815651	0.713003359729191	0.875361908413534	1	1	1	1	13
60.8056281605622	NaN	0.287411216965354	1.08381142226361	1.01875769216332	1.32722814890106	1	1	1	1	13
72.6403290392096	NaN	-0.439853947403309	0.356801249287237	1.05169558265083	1.25599415409573	1	1	1	1	13
11.2651084509591	NaN	-0.869100501225035	-0.686692732306906	-1.04739863440002	0.309731357963607	2	1	2	2	14
24.766378599861	NaN	-0.37765911385036	0.0420395108078696	-1.05787321298984	0.890982420072838	2	1	2	2	14
37.0103707599771	NaN	0.158277547747836	0.582646389816	-0.497961292524299	1.33811151914032	2	1	2	2	14
47.1442395030018	NaN	0.58253500915174	0.648004096463099	0.287015568161819	1.49832158706399	2	1	2	2	14
58.9044449564508	NaN	0.771482642340858	0.203400246649063	0.812928663689289	1.31686416593713	2	1	2	2	14
71.7940766928369	NaN	0.670060214604476	-0.515029891134179	0.755424960444931	0.855748554620778	2	1	2	2	14
12.6283624903025	NaN	0.113112998730153	-0.993116126923476	-0.681621125848784	-1.31745024547352	2	2	1	2	15
23.5259183715377	NaN	0.888887384671762	-1.27595074475791	-0.0687735520510491	-0.989072472723049	2	2	1	2	15
36.0150610805352	NaN	1.4023749889273	-0.925189535875764	0.390397650026434	-0.174566119936622	2	2	1	2	15
49.2894458583409	NaN	1.34374629367432	-0.163313895556344	0.521572246463352	0.53567754484415	2	2	1	2	15
59.9987471850679	NaN	0.74837683715415	0.526432444580828	0.274950976696697	0.626841594244859	2	2	1	2	15
71.1206723442968	NaN	-0.0244977727799381	0.706556043822711	-0.255838603274944	0.0328461769035528	2	2	1	2	15
12.411090301007	NaN	-1.16162172413077	-0.493784509898693	-1.25704838110857	-0.215232617775069	1	2	1	2	16
22.8891083821864	NaN	-0.387166318815083	0.326005819307307	-1.07310785574601	-0.834841970501053	1	2	1	2	16
35.3941163109986	NaN	0.367667115792527	1.15153426776733	-0.591527240973635	-0.617811296367776	1	2	1	2	16
48.5115515819439	NaN	0.565599195032604	1.27038337293919	0.0120465160185835	0.248590243238534	1	2	1	2	16
61.6069676932471	NaN	0.0657447635016173	0.57998831335624	0.517471896723368	1.01677113668587	1	2	1	2	16
73.8200872187921	NaN	-0.776107114512526	-0.323851338698751	0.740405050018138	1.02389147766464	1	2	1	2	16
