age	diseaseAge	x1	x2	x3	x4	z1	z2	z3	z4	id
12.4105480122127	-35.7387474352222	-0.506620805681444	-0.412777224047782	-0.576793057951112	-0.274537565595842	1	1	1	1	1
25.0247238166864	-23.1245716307484	-0.627430020389345	0.155279499203724	-0.153095472897458	-0.751588165019963	1	1	1	1	1
35.3885716069864	-12.7607238404485	0.0662814801011525	0.642313127300498	0.560617899289355	-0.833633111727576	1	1	1	1	1
48.1492954474349	0	0.971947163438319	0.890974378693511	1.18516720165383	-0.484461101095634	1	1	1	1	1
59.5728707865464	11.4235753391116	1.30289442884708	0.820926564089516	1.38874344145338	0.141817534061635	1	1	1	1	1
71.3374594131793	23.1881639657445	0.771658320120654	0.454800509505782	1.06319114270159	0.768788860325428	1	1	1	1	1
12.183606898521	-35.2777121405144	-0.642927350713315	-0.507244465219294	-0.505257255771066	-1.33550660432224	2	2	1	2	2
24.0963639531304	-23.364955085905	-1.05580404002082	0.392009890579488	-0.0535799151279459	-1.44351695305565	2	2	1	2	2
35.6053507531458	-11.8559682858896	-0.805743812768235	1.01580969414695	0.84928260158826	-0.921345013130312	2	2	1	2	2
47.4613190390354	0	-0.0595182191976622	0.851230218624103	1.45876605268726	-0.111720533533972	2	2	1	2	2
61.161044727443	13.6997256884076	0.685195839260274	0.0335983462035718	1.2722473087464	0.453956053327763	2	2	1	2	2
70.9198128661105	23.4584938270751	0.93172954253499	-0.764781118858419	0.443542908355036	0.404400540473	2	2	1	2	2
11.9887233895031	-34.9323279459664	-0.871690675445436	-0.764347086664177	-1.02909893936168	-0.664182633372177	1	1	2	2	3
22.8507315772968	-24.0703197581727	-1.30049489248021	-0.570274336286817	-0.780976500423902	-0.34597112831456	1	1	2	2	3
35.782346670127	-11.1387046653424	-0.849842358409254	0.203088398604282	-0.120625869523428	0.367995896845366	1	1	2	2	3
46.9210513354694	0	0.0839030428122076	0.983159564850017	0.589559604470459	1.06280827180273	1	1	2	2	3
61.6100389003838	14.6889875649144	0.679481191974045	1.1923908273777	0.959837744908352	1.33468723554414	1	1	2	2	3
72.867994482873	25.9469431474035	0.413061309144425	0.675871746541675	0.787003876808119	1.02563480892904	1	1	2	2	3
13.0306115508217	-34.5514597570549	-1.47517461370073	-0.824387319862133	-0.906610263954914	-0.572059108711186	2	1	1	2	4
25.0427464554082	-22.5393248524684	-1.38638161303753	-0.201266612430632	-0.608307208945698	-1.23299503397914	2	1	1	2	4
36.0658054230332	-11.5162658848434	-1.02140307906209	0.36144294633583	0.0120026973124134	-1.3622611672646	2	1	1	2	4
47.5820713078766	0	-0.491723303850443	0.638821822190031	0.66732314132306	-0.878109307712311	2	1	1	2	4
60.9312511490314	13.3491798411548	0.0408647048737412	0.519999448611104	1.05445962354266	-0.0867182080488139	2	1	1	2	4
71.8387940976873	24.2567227898107	0.413679606720186	0.0524700835286762	0.99429724979323	0.511434574874363	2	1	1	2	4
11.8505836388009	-35.6308106011081	-1.00886641811105	-0.935565125115407	-0.909268389244296	0.128692389001162	2	1	1	1	5
24.3070599716093	-23.1743342682997	-0.558301494822145	-1.19378490994482	-0.928481694510775	0.771438195248641	2	1	1	1	5
36.0095906218003	-11.4718036181087	-0.0585390177030164	-0.941100955302439	-0.697205449128429	1.29212156285788	2	1	1	1	5
47.481394239909	0	0.365216681004406	-0.306611548212072	-0.274777776324088	1.47547266530237	2	1	1	1	5
59.0899638649459	11.6085696250369	0.606803070659135	0.385517514150712	0.230419828596285	1.24568735274362	2	1	1	1	5
72.1817438847451	24.7003496448361	0.605696074364039	0.78167186605821	0.688769740246625	0.697767400636808	2	1	1	1	5
11.5194970461533	-48.2880185807033	-0.864699975178837	-1.13852850271472	-0.422858629856073	-0.0907245073677592	2	2	1	2	6
23.0493499248491	-36.7581657020075	-0.287728911966586	-1.45104485547264	-0.50549629511861	-0.645193647807378	2	2	1	2	6
36.3443339194013	-23.4631817074553	0.384496332860788	-0.949083254368682	-0.219635967349537	-0.433258769467656	2	2	1	2	6
46.5130290879219	-13.2944865389347	0.842355758567957	-0.0443228669315519	0.32774276210642	0.378739291936099	2	2	1	2	6
59.8075156268566	0	0.874964045368194	0.521205437756554	0.931790366751487	1.15348950392437	2	2	1	2	6
71.5753363767463	11.7678207498897	0.467302153347787	0.283688847767621	1.36644971441204	1.28291546707524	2	2	1	2	6
12.0116781012138	-35.6789479976933	-0.510106119604955	-1.19532131673924	-0.952222735310645	-0.485566910128376	1	2	2	1	7
22.3271654400064	-25.3634606589007	0.186418052058693	-1.41552969270826	-1.02801373947041	0.0491540928357162	1	2	2	1	7
36.735791459719	-10.9548346391881	1.06724598270258	-1.26102803998167	-0.794204846775252	0.598975238361915	1	2	2	1	7
47.6906260989071	0	1.40590551316819	-0.78980176387782	-0.323979314551235	0.987749104757816	1	2	2	1	7
59.7035082353231	12.0128821364159	0.923083611071195	-0.178704937698391	0.23548010581287	1.09092334487517	1	2	2	1	7
71.5658855706871	23.8752594717799	0.0169927507242781	0.342914101309516	0.709060046078421	0.875443798229937	1	2	2	1	7
11.6897422674229	-35.4213803578101	-0.476642797383466	-0.969071694200797	-0.856208579509828	-1.026887069438	1	2	1	2	8
24.2783348026273	-22.8327878226057	-0.562479955318082	-0.332694047557028	-0.189621601747135	-1.35467912512372	1	2	1	2	8
36.1755844230579	-10.9355382021751	0.10478005280623	0.415811231271166	0.414888482687673	-1.4570734028782	1	2	1	2	8
47.111122625233	0	0.986052532767263	0.840196442725169	0.67599199586721	-1.30832496209887	1	2	1	2	8
58.7125151953875	11.6013925701544	1.36935040366427	0.693119213330551	0.472175386305919	-0.945833546761357	1	2	1	2	8
70.7606530611474	23.6495304359144	0.945004251756446	0.0602998510072573	-0.101708236675884	-0.460740187023314	1	2	1	2	8
12.4140506941723	NaN	-1.21749313413084	-0.826292551341314	-0.465747242614119	-0.991981563081348	1	1	2	1	9
23.325818389021	NaN	-0.688234946108907	-1.2275507602369	0.224370384828329	-0.609083275497276	1	1	2	1	9
35.9436210561107	NaN	0.234923283758167	-1.08010641532411	1.0868529091026	0.146059980028048	1	1	2	1	9
49.0765953383169	NaN	0.765246227163718	-0.466254233828779	1.44186225158435	0.813287439733774	1	1	2	1	9
59.4377377723671	NaN	0.450781248589569	0.271389784127174	1.00956796644564	0.986011485689306	1	1	2	1	9
71.8222005245946	NaN	-0.440477823652636	0.721116353206859	0.130719121566155	0.558979467718393	1	1	2	1	9
14.1350139508458	NaN	-1.3478731829851	-0.716035082457	-1.46138768421312	-1.4265165959111	1	2	2	2	10
25.7108329259824	NaN	-1.27670291333606	-1.05205258421807	-1.35582885066924	-1.35175296092333	1	2	2	2	10
35.8028281101568	NaN	-0.889635849836488	-0.661424077950484	-1.02945643613964	-0.760679497042637	1	2	2	2	10
47.1128486968032	NaN	-0.320571404769497	0.171823759715154	-0.562905295653539	0.000753887219662963	1	2	2	2	10
60.1781808579921	NaN	0.233632042707679	0.841834954766345	-0.0714433927458691	0.486887175435953	1	2	2	2	10
71.9656426672597	NaN	0.581257028361501	0.861443184258592	0.323506757906526	0.413190986979745	1	2	2	2	10
10.5681705543325	NaN	-1.05372250752008	-0.54771354805818	-0.656659557970479	-1.3400585602069	2	1	1	2	11
24.7163103915503	NaN	-0.358208991634432	-0.334920061032833	-0.882497692653215	-0.96865028109079	2	1	1	2	11
34.897583920043	NaN	0.478823391391497	0.352687233801929	-0.796721908539533	-0.369549221144997	2	1	1	2	11
47.3043311198671	NaN	0.830239005998041	1.09623275502132	-0.426290382344453	0.221775853532466	2	1	1	2	11
60.0510995775869	NaN	0.432744269665539	1.44276455628013	0.11237523328066	0.572912425244307	2	1	1	2	11
73.1471162076924	NaN	-0.41584305194164	1.18118291419723	0.649979571276487	0.545850897946152	2	1	1	2	11
11.0320057187332	NaN	-0.676210929156334	-1.24118610534086	-1.09166139590763	-1.04225757608306	1	2	1	2	12
24.3076032156011	NaN	-1.16749604943138	-1.14897850882201	-1.15377143899126	-0.482942132296041	1	2	1	2	12
36.1982982151108	NaN	-1.41110812675249	-0.830751734807611	-0.658181007565194	0.301001303451327	1	2	1	2	12
49.4230425101769	NaN	-1.32616727575531	-0.365932202486236	0.10474446023956	0.827378206791711	1	2	1	2	12
58.775674392375	NaN	-0.940874094566798	0.129465490892932	0.688008465553982	0.772420243212312	1	2	1	2	12
72.0125935113372	NaN	-0.383146988008523	0.531794725772981	0.74987779944214	0.169931419354377	1	2	1	2	12
11.4362822691481	NaN	-0.29578966876178	-0.423614105745691	-0.80509757523307	-0.968533590403777	2	2	1	1	13
25.9254580870158	NaN	0.4452347264023	-0.516495663234414	-1.12154204464581	-0.415669695429644	2	2	1	1	13
36.0887542136528	NaN	0.740493262442936	0.200342713218608	-1.20871722246126	0.297939886318043	2	2	1	1	13
47.8992046664347	NaN	0.403117460236291	1.10010406833281	-1.0446523498971	0.808169131815442	2	2	1	1	13
58.8778747851257	NaN	-0.353368275819507	1.39604525833951	-0.670696694371958	0.854668753797641	2	2	1	1	13
72.7829611689229	NaN	-1.05018578448557	0.829397998878489	-0.181098294246149	0.41371188135713	2	2	1	1	13
12.6254438169074	NaN	-0.970231862238505	-0.459011227826969	-0.394200281693483	-0.806305368772791	1	2	2	1	14
23.9851424525383	NaN	-0.531560666129135	-0.658863877408886	-0.681094205268626	-0.139706133373226	1	2	2	1	14
35.9865521565772	NaN	-0.030898252965051	-0.0813136497561245	-0.589120290900117	0.631178065217956	1	2	2	1	14
49.4343616429836	NaN	0.406256684164825	0.811592130276738	-0.153611059303059	1.02030240549951	1	2	2	1	14
62.3379952434415	NaN	0.670324572589063	1.30551779583681	0.458129107049836	0.782322812629083	1	2	2	1	14
74.0728889336272	NaN	0.695112756313068	1.00531670595305	1.01109529129352	0.0672861405297911	1	2	2	1	14
11.3815070690307	NaN	-0.458543366891512	-0.917378008260059	-0.0517008048772681	-1.34744685916858	2	1	1	2	15
23.4389833299983	NaN	-0.574530329360827	-0.196744738923471	-0.71957141130905	-0.910698136332901	2	1	1	2	15
34.5979923863913	NaN	-0.158599948572405	0.658731313335415	-1.03561530986205	-0.0969901737871869	2	1	1	2	15
48.8728379239402	NaN	0.56252548785968	0.965740441858919	-0.836353212987864	0.540394345994706	2	1	1	2	15
61.7373250826606	NaN	1.19576286757738	0.479059747655661	-0.224856959065707	0.568064288718175	2	1	1	2	15
72.3930387283526	NaN	1.3959365699391	-0.412575583159124	0.482566216145674	-0.0327945895944891	2	1	1	2	15
13.1704540301623	NaN	-1.25851607619779	-0.364310486974826	-0.719654498769277	-0.990713776692208	1	2	1	1	16
25.0964145023491	NaN	-1.2968806939722	-0.713804509991519	-0.192187259185669	-0.320574186992289	1	2	1	1	16
34.7853209957586	NaN	-0.559667195175345	-0.858565784391283	0.267935205837748	0.30429067092308	1	2	1	1	16
47.269848621604	NaN	0.321215106831035	-0.763883904942058	0.532631407211182	0.583444022342516	1	2	1	1	16
60.9975870258649	NaN	0.59070986606059	-0.452461396317258	0.528219474985957	0.382668153646912	1	2	1	1	16
71.4576818406443	NaN	0.0178171774149158	0.0010298272051224	0.255927531873146	-0.201503334871309	1	2	1	1	16
