age	diseaseAge	x1	x2	x3	x4	z1	z2	z3	z4	id
12.0912531880088	-35.3692101050278	-0.923455282784251	-0.229054452787382	0.249346242892378	0.0756224240485504	1	2	1	1	1
24.4865700448243	-22.9738932482122	-0.0438495491317532	-0.611667561569785	-0.253520838799127	-0.388441742904187	1	2	1	1	1
34.6400634560619	-12.8203998369746	0.521027616879865	-0.651398937083443	-0.602422033789978	-0.717785223086759	1	2	1	1	1
47.4604632930365	0	0.333514725479617	-0.333614789279374	-0.699751008827329	-0.832574935906816	1	2	1	1	1
60.9607888121587	13.5003255191221	-0.461105007193769	0.224639185846807	-0.518279641711991	-0.704985777950571	1	2	1	1	1
71.9103237867953	24.4498604937588	-1.24716772193572	0.817747870258293	-0.108775184000594	-0.365945446721507	1	2	1	1	1
13.8837802614865	-34.384173119216	-0.375131262648517	-0.281355348711542	-0.273624640115371	-0.50844491312393	2	1	2	1	2
24.2100111842226	-24.0579421964799	0.511269270392297	0.573459863074742	-0.998104799032049	-0.00444642141234275	2	1	2	1	2
35.6030521954425	-12.66490118526	0.858557649378983	0.915432819559157	-1.00470516648149	0.605530181338576	2	1	2	1	2
48.2679533807025	0	0.378404284409881	0.47729496734978	-0.28810306977259	1.09442699722632	2	1	2	1	2
60.7976705524857	12.5297171717833	-0.530552599949623	-0.398527581412616	0.573818753540588	1.28025690935808	2	1	2	1	2
73.7366426308517	25.4686892501493	-1.11366878994738	-1.02753676570543	0.885988735706057	1.09384652808949	2	1	2	1	2
13.2957989489136	-33.916762312939	0.336691212454155	-0.937697978894083	-0.222108444640704	-1.00461253807185	2	1	2	1	3
21.9579282272692	-25.2546330345834	0.963585281180516	-0.410329763599868	0.366991811765533	-0.570127201058144	2	1	2	1	3
37.0735618897201	-10.1389993721325	1.38478339875789	0.188595090776514	0.783170350801799	-0.00397927298808287	2	1	2	1	3
47.2125612618526	0	1.42788843279189	0.641735433180734	0.876352533351651	0.509421566918823	2	1	2	1	3
60.2324634650778	13.0199022032252	1.07525741682775	0.784653199492325	0.612936717075158	0.802846791445306	2	1	2	1	3
72.9461160287703	25.7335547669177	0.471222847637313	0.565485603237651	0.0879110617577851	0.780719875716851	2	1	2	1	3
11.0332157088334	-36.8713526496592	-0.569525745119821	-0.58400631954202	-0.827597259830741	-1.43917664026383	2	2	2	2	4
23.9412393004299	-23.9633290580628	-0.328216563988856	0.345290021855051	-0.355796229406399	-1.0746200647759	2	2	2	2	4
37.0141500130285	-10.8904183454641	0.181188524919036	0.899260440522179	0.313723334933812	-0.329958397853467	2	2	2	2	4
47.9045683584926	0	0.777155900486137	0.598930180877665	0.877335972831795	0.346473115654901	2	2	2	2	4
59.5354204909576	11.6308521324649	1.2473042612483	-0.29602874597521	1.07944475215898	0.547418265710344	2	2	2	2	4
72.0534816143507	24.1489132558581	1.42408966967892	-1.01181557595162	0.828393843221865	0.151894870668452	2	2	2	2	4
12.3156520676559	-35.8966810490932	-1.06900095182508	-0.695089307767368	-0.847094639979108	0.38635009054903	2	2	1	2	5
23.9591700326654	-24.2531630840836	-1.09251543495968	-0.206781007616514	0.00578353632974782	-0.311850182380381	2	2	1	2	5
37.8282588991244	-10.3840742176247	-0.807548155285871	0.262891314754036	0.508805409982143	-0.520912897845053	2	2	1	2	5
48.2123331167491	0	-0.30469129777314	0.598449090653043	0.294816299609233	-0.1099432019269	2	2	1	2	5
60.6327818338895	12.4204487171404	0.256195024862739	0.717388561974315	-0.479993561817799	0.663749426769044	2	2	1	2	5
72.459990426773	24.2476573100239	0.696802911640139	0.590466021446047	-1.2500919724324	1.31575348815505	2	2	1	2	5
13.096706777782	-35.1270608069222	-1.3056891116206	-0.970794760575989	-1.38980245603894	-0.82629999970398	2	1	2	2	6
24.0365194337786	-24.1872481509256	-0.765184021888842	-1.12854650498549	-0.727383801163382	-0.0252429310502529	2	1	2	2	6
37.4999218646511	-10.7238457200531	0.0202225354168121	-0.453580232486421	0.114048601463534	0.603060864898794	2	1	2	2	6
48.2237675847042	0	0.566031367375874	0.462399799494619	0.514780179039019	0.646118036241743	2	1	2	2	6
60.7126198387247	12.4888522540204	0.535545592464692	0.816406380005262	0.179672311240787	0.0756607338184304	2	1	2	2	6
71.3402726565188	23.1165050718145	-0.052428817807287	0.29810222349548	-0.644468213308464	-0.733795009983024	2	1	2	2	6
9.95384862986329	-38.0529355781196	-0.776571152517657	-0.746950873367227	-1.20996872875854	-1.44611441744729	2	1	1	1	7
23.3408079721783	-24.6659762358046	-0.0229280717793115	-0.40406156966285	-1.01440789900098	-1.14836314550484	2	1	1	1	7
34.4193787052326	-13.5874055027503	0.69983573320698	0.481020428957851	-0.534965646626713	-0.592758081142126	2	1	1	1	7
48.0067842079829	0	0.92000316285484	1.17376944693837	0.0590467878148719	0.0110957630979086	2	1	1	1	7
60.0395449220915	12.0327607141086	0.493880329035981	1.0992761072761	0.557858609866214	0.43539126176867	2	1	1	1	7
70.851389512737	22.8446053047541	-0.300420574681228	0.319362106407259	0.785318368598681	0.520060645468504	2	1	1	1	7
11.8401354031784	-36.8307723016804	-0.406769996323265	-1.07021795588851	-0.589838358525403	0.455991291016656	1	2	1	1	8
23.8903233724179	-24.7805843324409	-0.837966924023024	-0.46169353707656	0.238692600361658	1.12725844455814	1	2	1	1	8
35.8555174985748	-12.815390206284	-0.639963866819747	0.150929960435482	0.641051151075949	1.45886930007329	1	2	1	1	8
48.6709077048588	0	0.0610443621482728	0.512723237854625	0.329473961985168	1.28062961144132	1	2	1	1	8
60.1301764235909	11.4592687187321	0.818278790310899	0.473134272780408	-0.47320167456479	0.684018197678567	1	2	1	1	8
70.4116587141057	21.7407510092469	1.14912536860443	0.0486371102785158	-1.19290913321293	-0.0247631745850538	1	2	1	1	8
12.1017780161195	NaN	-0.461741127823186	-0.574888473466871	-0.619932146842754	-1.24072756437869	2	1	1	2	9
22.963813244824	NaN	-0.88705536228467	0.156183616186861	-0.477108250469256	-1.37293770276556	2	1	1	2	9
36.462313718162	NaN	-1.08688386621731	0.806494907798844	-0.0343717336390891	-1.22145279041097	2	1	1	2	9
48.1795092743605	NaN	-1.00445098178853	1.00705418202477	0.553077666891778	-0.829255919911521	2	1	1	2	9
59.9535091837328	NaN	-0.663177698238483	0.644062690323788	1.07931161936386	-0.307631008185018	2	1	1	2	9
70.5431765165187	NaN	-0.160027235492814	-0.0765156314752488	1.35986065313024	0.195413463046308	2	1	1	2	9
12.7643063439705	NaN	-0.784457624661827	-0.269955880190369	0.189607018502066	-0.591592306679106	1	1	2	1	10
25.3187112651516	NaN	-0.926447573455641	0.251655212398826	0.703315045255238	-1.17570718897517	1	1	2	1	10
35.8646699751317	NaN	-0.809256445318223	0.761021312608693	1.13744043029925	-1.38948279589206	1	1	2	1	10
49.2685229699763	NaN	-0.463267597754133	1.11206965035469	1.37718031805221	-1.13215019922987	1	1	2	1	10
59.4803739134554	NaN	0.0218167621224166	1.20412881639499	1.35913638015298	-0.525010095221116	1	1	2	1	10
70.7847901175466	NaN	0.52023206697389	1.01079866869102	1.08808026937319	0.145745567340314	1	1	2	1	10
11.1809425425892	NaN	-0.339636176594573	-0.716424167828066	-0.567611596486572	-0.874383415136814	2	1	1	1	11
22.4781270170528	NaN	0.331293781878249	-0.820618637702526	-0.805489237324309	-0.478864383754926	2	1	1	1	11
37.8987437189313	NaN	1.00725443397924	-0.460204945423088	-0.680787144452926	0.105961913659544	2	1	1	1	11
47.8917765967753	NaN	1.33567621318777	0.193976992427682	-0.238939970886761	0.667815671594719	2	1	1	1	11
59.6985292712844	NaN	1.14525991152245	0.831837991986048	0.359067230484591	1.00275563948117	2	1	1	1	11
71.2297246092891	NaN	0.535323429704178	1.1510251674151	0.895353195050725	0.989205562018079	2	1	1	1	11
12.0386941217624	NaN	-0.854210228806218	-0.360417644898584	-0.584071794877423	-0.566645312207719	1	2	2	2	12
24.0937350810541	NaN	-0.630270895808714	-0.837803525669388	-0.687113753724793	0.206146906183634	1	2	2	2	12
34.8943058123118	NaN	0.0244557944254908	-1.10096269539384	-0.0936008202041091	0.809455399526282	1	2	2	2	12
47.6193366988773	NaN	0.745110899603881	-1.07073324412044	0.760614684420642	0.878109593156262	1	2	2	2	12
60.1047733452798	NaN	1.13009561009334	-0.756208607970351	1.24823082699385	0.370554475636477	1	2	2	2	12
72.3768090730967	NaN	0.964869849304455	-0.252002138059225	1.01116168280682	-0.405996983244711	1	2	2	2	12
10.2083702367816	NaN	-0.722663959741244	-1.06162636146173	-0.964916244136	-0.233860040350658	2	1	1	2	13
22.2281831595192	NaN	0.0639485720804789	-0.563794051173229	-0.480860546002419	0.317306131298563	2	1	1	2	13
35.7279155827379	NaN	0.546356065111163	0.322036003059584	0.352702118596328	0.866547651907839	2	1	1	2	13
47.4714687899746	NaN	0.422955108650796	0.898586987512558	0.95181604699007	1.2326414111524	2	1	1	2	13
59.8249101954154	NaN	-0.229103444774949	0.712029602233725	0.896769548752913	1.29479419287629	2	1	1	2	13
70.8268789222582	NaN	-1.002149551623	-0.0907884153781277	0.226125671299035	1.03249858823167	2	1	1	2	13
11.7896568373155	NaN	-0.727871443959185	-0.160786918758243	-0.511863442662604	0.0340610236263703	1	2	1	1	14
23.9111670076009	NaN	-0.384866860206463	-0.773910412241657	-1.09472077277782	-0.474289721624455	1	2	1	1	14
36.5919349067462	NaN	0.159180124434674	-1.08351669360965	-1.05718331575856	-0.5951917897965	1	2	1	1	14
46.8645832590136	NaN	0.721868782382365	-0.95149414134526	-0.424273593963392	-0.274582647437074	1	2	1	1	14
60.1393958193096	NaN	1.11454845751833	-0.436736420943509	0.382109869848118	0.344174215100786	1	2	1	1	14
72.3781211311888	NaN	1.20556681011192	0.23112926772444	0.824430709202024	0.984395660085861	1	2	1	1	14
12.2467802761875	NaN	-0.973776427289855	-0.659825307773133	-0.36262456765401	-1.04200086177444	2	2	2	1	15
22.9901228565913	NaN	-1.05750429461788	-0.654612537827662	0.159855662873141	-1.24360029782494	2	2	2	1	15
36.8955085237365	NaN	-0.666291285691247	-0.409229855978536	0.684794796377994	-0.916277388653796	2	2	2	1	15
48.4778553309025	NaN	0.00871807171162078	0.0152995331640884	1.05669086307448	-0.233907903812428	2	2	2	1	15
59.9252822999001	NaN	0.637717912441207	0.513401171038364	1.165377622277	0.441029650090351	2	2	2	1	15
71.0616366594976	NaN	0.913382368528965	0.961204220731094	0.978658950536299	0.750004649942406	2	2	2	1	15
10.9329127602885	NaN	-1.46493889621362	-0.804716937572195	-0.966632921342245	-0.856333294120948	1	2	2	2	16
23.6118356625689	NaN	-1.0518692445479	-0.174909230459807	-0.477822578332322	-0.681718332487266	1	2	2	2	16
34.7546101003234	NaN	-0.357151045383066	0.619730902569773	0.101044638183345	-0.153968165039599	1	2	2	2	16
47.2738782310002	NaN	0.266538612763184	1.06494681946884	0.575906026270669	0.500566578189533	1	2	2	2	16
59.9921429735019	NaN	0.502580627299251	0.872614081395102	0.787566382976052	1.00115770297785	1	2	2	2	16
73.0880462265643	NaN	0.231147116136383	0.167202097740906	0.665067499676417	1.1331030197789	1	2	2	2	16
