age	diseaseAge	x1	x2	x3	x4	z1	z2	z3	z4	id
12.5778026743396	-35.9866331946942	0.193106952167839	0.0646282419451966	-0.817290203805269	0.0595229403926808	2	2	2	2	1
25.2712696303053	-23.2931662387284	0.9997629691847	-0.480617526984946	-1.06027219968761	-0.616800771449304	2	2	2	2	1
37.5121598520726	-11.0522760169612	1.41809158714319	-0.841423715209174	-0.827878075219617	-0.892265729192016	2	2	2	2	1
48.5644358690337	0	1.16582276977336	-0.899653277306427	-0.230586143486915	-0.614466940705439	2	2	2	2	1
58.6315500120441	10.0671141430104	0.413176590892454	-0.636240386118396	0.447655775450321	0.0628993760959538	2	2	2	2	1
71.9752129826298	23.4107771135961	-0.331993900267702	-0.137433065394146	0.884416883310619	0.765070459998531	2	2	2	2	1
12.6442376691151	-34.1650059800546	-0.505798213073114	-0.822091846426391	-0.638089089007677	-0.991187706564397	2	1	1	2	2
24.5033312312997	-22.30591241787	-0.165414595646604	-1.19763512148179	-1.14297359745545	-0.477743204614258	2	1	1	2	2
35.8622724399735	-10.9469712091962	0.315604005569306	-0.834181360130045	-1.2690971119418	0.465734382638828	2	1	1	2	2
46.8092436491697	0	0.813553193266048	-0.000329959958449588	-0.961120683173628	0.999270949715185	2	1	1	2	2
61.8627821582527	15.053538509083	1.20037450151609	0.68768667871218	-0.354174481321679	0.647861147547159	2	1	1	2	2
71.3237708606501	24.5145272114804	1.37658841605071	0.721410880303902	0.285432984651884	-0.275636363287767	2	1	1	2	2
10.3888920379963	-38.7205354200397	-1.13457984051837	-1.03343347835965	-0.96113681191311	-1.02842659152881	2	1	1	1	3
24.1790285108221	-24.9303989472139	-1.32514688787093	-0.710585440218648	-0.692673847037599	-1.39829301627523	2	1	1	1	3
37.2896586219988	-11.8197688360372	-0.853555818086271	-0.0730485657336806	-0.0677119538896235	-1.42653791267045	2	1	1	1	3
49.109427458036	0	-0.0377237782340362	0.578612542343103	0.608889315185019	-1.10287698374269	2	1	1	1	3
59.917726424275	10.808298966239	0.572366394402064	0.937174459113573	1.00708046073972	-0.54515895744203	2	1	1	1	3
71.5831827618847	22.4737553038487	0.565430136634139	0.833594381895569	0.932621840785413	0.0435445129056017	2	1	1	1	3
11.5257969434578	-34.6010822700237	-0.0117959802877524	-0.486965478050797	-0.110640061535768	-0.347126366005213	2	2	2	2	4
24.3929356574644	-21.7339435560171	-0.664748134477398	0.189735259691458	-0.525079310997006	0.491248192040436	2	2	2	2	4
36.5124701366487	-9.61440907683282	-0.865750805350878	1.04036839625755	-0.595083873016929	1.31561728687674	2	2	2	2	4
46.1268792134815	0	-0.500110017384596	1.41866783592912	-0.294167121743521	1.39321918297955	2	2	2	2	4
58.7869665009917	12.6600872875102	0.223536227731262	1.03722166000766	0.263817371375771	0.655075433164907	2	2	2	2	4
72.9819326907476	26.8550534772662	0.892268716712695	0.18583251106905	0.867752986594504	-0.242695849250633	2	2	2	2	4
12.1973334448698	-35.3148883001438	0.187137931061355	-0.376228337758948	-0.34257856923474	-0.0332273877043956	1	2	1	1	5
25.1364737564524	-22.3757479885612	1.02397181723686	-0.826446673844271	-1.05457659307085	0.621753943146243	1	2	1	1	5
36.7163652724348	-10.7958564725788	1.47303003123436	-0.981378221318359	-0.939721036834233	0.986215107506307	1	2	1	1	5
47.5122217450136	0	1.2137623990318	-0.786846862510796	-0.0997841915615327	0.887738117643809	1	2	1	1	5
61.6277523328635	14.1155305878499	0.431241327792131	-0.31087588872129	0.720974806572924	0.372910116690466	1	2	1	1	5
71.2581266471601	23.7459049021465	-0.315947997439533	0.280098232435087	0.795290108479571	-0.31471590087126	1	2	1	1	5
11.1998835104818	-36.3947360183568	-0.525029478563579	-0.91506729120025	0.138941914521236	-0.018678882071622	2	2	1	2	6
25.3715736652111	-22.2230458636276	-0.709527776392748	-0.153205506687747	-0.604368524147142	0.558825589583485	2	2	1	2	6
35.5559781772609	-12.0386413515778	-0.540266340673546	0.733628623951851	-0.795579073372468	1.00553256066159	2	2	1	2	6
47.5946195288387	0	-0.0771284406691038	0.95427067514657	-0.300830656600603	1.17084125595499	2	2	1	2	6
60.1694504763925	12.5748309475539	0.516031638360136	0.311880972306309	0.533522581671637	0.999020246872672	2	2	1	2	6
72.4785152722689	24.8838957434302	1.02935886016378	-0.620450362434796	1.1233823558237	0.547996494129634	2	2	1	2	6
13.2648575257516	-34.1398430640096	-0.866571091395881	-0.710975402186299	-1.26161063273029	-1.09956205015604	1	2	2	1	7
22.0757994046615	-25.3289011850997	-1.24893749080507	-0.266049840915737	-1.14389962418343	-1.22236470364104	1	2	2	1	7
35.456546513337	-11.9481540764242	-1.42840253233279	0.379469715684789	-0.789848047456107	-0.88946383585725	1	2	2	1	7
47.4047005897612	0	-1.36022590143354	0.94993072826156	-0.29435312116711	-0.254654439248525	1	2	2	1	7
60.6394945453926	13.2347939556314	-1.06140391050956	1.20173247997929	0.209776565666157	0.388791476999078	1	2	2	1	7
74.1920582801024	26.7873576903412	-0.606432348563772	1.02734950307333	0.587418030268563	0.743611966750876	1	2	2	1	7
13.6980441228126	-46.7711151341852	0.299864904419139	-1.26849467289723	-0.747520368768193	-0.415634188935785	1	1	1	2	8
23.8115845546087	-36.6575747023891	-0.366339031092571	-1.3054452129013	-0.461855594857567	0.304007462109759	1	1	1	2	8
36.1313086116799	-24.3378506453178	-0.559442705194578	-0.998940309341883	0.286867895897941	1.15466405187965	1	1	1	2	8
47.23498535099	-13.2341739060078	-0.164791144790303	-0.457348758221967	1.01236523152935	1.46442358363445	1	1	1	2	8
60.4691592569977	0	0.583291967512475	0.127842701947343	1.24343658549542	0.98861488454901	1	1	1	2	8
70.8758771016772	10.4067178446795	1.24063357538045	0.549732017615431	0.830004519106844	0.103067139882418	1	1	1	2	8
12.0884834848354	NaN	-0.660143264942426	-0.527055003972382	-0.0137125522700253	-1.00961505263397	2	1	2	2	9
23.2823268140652	NaN	-0.243280906439988	-0.980477258100738	0.803537065681225	-1.02815794419529	2	1	2	2	9
35.1710591690662	NaN	0.610640801818605	-0.606772268617088	0.969132994517215	-0.807385314675609	2	1	2	2	9
46.2781525853764	NaN	1.26003985035281	0.284583800936775	0.347109892816565	-0.401347351379749	2	1	2	2	9
61.1955471198393	NaN	1.21699944013548	0.955432605026403	-0.551809638996906	0.0905485688958248	2	1	2	2	9
73.2857013922934	NaN	0.513857375217074	0.85022439171213	-0.989552497843369	0.54787507848685	2	1	2	2	9
10.957477930059	NaN	0.330141120003824	-1.06734117248007	-0.4046018890617	-0.0746121088056183	2	2	2	2	10
23.5223782251414	NaN	-0.420582130821206	-0.353566590191683	-0.47751756914888	-0.687450181097351	2	2	2	2	10
37.1506718761959	NaN	-0.406183132097474	0.539025589437099	0.148005702212165	-1.00060130091214	2	2	2	2	10
48.0889545468389	NaN	0.361009769263645	0.843983314697668	1.00473265123196	-0.875159632933035	2	2	2	2	10
57.9293346789349	NaN	1.22413004959647	0.299445144783361	1.45273017083823	-0.366767895871995	2	2	2	2	10
72.273662182512	NaN	1.44417866831849	-0.627004275168055	1.15736603659784	0.299064325804332	2	2	2	2	10
12.7523432651487	NaN	-0.623580259117142	-0.860469977589699	-0.979606004990131	-0.466106691125845	2	2	1	1	11
24.6898735049451	NaN	-1.13011087111478	0.0543859007857948	-1.10301098826052	-0.446515483058953	2	2	1	1	11
34.0314639088208	NaN	-1.4329492934266	0.716928144599315	-0.922629900112092	0.223369954800004	2	2	1	1	11
48.0529073724164	NaN	-1.43791582643333	0.552243026160254	-0.493339281072657	1.05657191131469	2	2	1	1	11
60.4547351978298	NaN	-1.14346592838512	-0.296765758622123	0.0542596828036211	1.44738863695213	2	2	1	1	11
71.404853309606	NaN	-0.641170552331476	-1.09338019688298	0.553573381052349	1.11171329229064	2	2	1	1	11
12.2939754437182	NaN	-0.732934788773912	-0.902452204946674	-0.844981715852363	-0.0805413274371959	2	2	2	2	12
23.0937357618191	NaN	-0.454957239446464	-0.875126671112232	-1.25712818701121	-0.745194556002646	2	2	2	2	12
36.1214279607733	NaN	0.175677026689085	-0.523629343816716	-1.1090392881742	-0.967061440719814	2	2	2	2	12
49.9651701050456	NaN	0.850384510628831	0.030986276537799	-0.485198736886859	-0.619230349957631	2	2	2	2	12
60.4448491134421	NaN	1.23901569881384	0.597714008657834	0.258496641752504	0.099333416361309	2	2	2	2	12
70.850400473704	NaN	1.15140462927212	0.981376335047273	0.697773652370717	0.777599162372879	2	2	2	2	12
11.861143969792	NaN	0.0558851534480811	-0.442888376932185	-0.544738002733968	-1.04656380599474	2	2	2	1	13
23.9458112162182	NaN	-0.671463913963435	0.148726527289015	0.389024171098132	-0.235616798497042	2	2	2	1	13
34.5316504547446	NaN	-0.802575874192792	0.816793201328188	0.941242411697194	0.618523641176877	2	2	2	1	13
49.6401379648465	NaN	-0.243177347701164	1.25329339793534	0.629884192242257	0.751396533119119	2	2	2	1	13
59.2750886544705	NaN	0.60450757009596	1.25697471116376	-0.27326520703486	0.0440798166716717	2	2	2	1	13
73.2550800315107	NaN	1.13096833687254	0.826139837896448	-0.979844672676358	-0.870373669258691	2	2	2	1	13
10.3019031520125	NaN	-1.16630086021287	-0.673409948286387	-0.118709775594809	-0.551535176336746	1	2	2	1	14
23.5177570650524	NaN	-0.526696845170012	0.133394081057631	-0.697863932965196	-0.234887055316015	1	2	2	1	14
35.345211090267	NaN	0.253136458389715	0.780729863404755	-0.439999744767363	0.473503064166267	1	2	2	1	14
47.3641203467045	NaN	0.682728996248533	0.832678084912155	0.434774299442885	1.16699855552832	1	2	2	1	14
60.0312798711237	NaN	0.491891903204903	0.254256540528916	1.17976593921866	1.44751274392602	1	2	2	1	14
71.3074286164893	NaN	-0.199349324337501	-0.565022665493256	1.15906296934539	1.15402228905399	1	2	2	1	14
13.1829285948003	NaN	-1.35150906326462	-1.16949660438961	-0.956538788623657	-1.19315954259517	2	2	2	2	15
23.6945578104062	NaN	-0.782009008706781	-1.47797426121635	-1.06807320184101	-0.7169947978795	2	2	2	2	15
36.5217261977766	NaN	0.105821182704598	-1.19204208894191	-0.804725661649278	0.133418514983715	2	2	2	2	15
49.168761217186	NaN	0.610693620936007	-0.481682321328431	-0.26606183781015	0.737252554768746	2	2	2	2	15
61.1646521253606	NaN	0.333814786271105	0.230807196952728	0.344261822542335	0.653689923972496	2	2	2	2	15
70.4067591362005	NaN	-0.506111592091159	0.521862517549163	0.795495930330304	-0.0562660900626557	2	2	2	2	15
10.7223476570295	NaN	-0.927097674801079	-1.18539782381645	-0.940642923603206	-0.176896927211569	1	1	1	1	16
24.416214063351	NaN	-1.29955042226332	-1.24632628875597	-0.543342737229926	0.388801804039654	1	1	1	1	16
35.9878097248297	NaN	-1.20225464353981	-0.970500078516548	-0.0100976283882493	0.875108492011114	1	1	1	1	16
47.9436825359235	NaN	-0.681973417465766	-0.452562930258802	0.50115236901906	1.12618904919583	1	1	1	1	16
60.0935181266227	NaN	0.0112315131927614	0.129766340670181	0.838981877460274	1.0615862034908	1	1	1	1	16
72.21895953835	NaN	0.544186425519571	0.576674169015315	0.903330337294325	0.702001552796714	1	1	1	1	16
