age	diseaseAge	x1	x2	x3	x4	z1	z2	z3	z4	id
12.3661339465442	-35.8089233748642	-0.16003738414859	-0.384577311652218	-0.442927724837763	-0.370999322581156	2	2	2	1	1
22.9298624244196	-25.2451948969887	0.527208532901981	-0.543634378192968	-1.08043038252478	0.506590087520982	2	2	2	1	1
34.2506353497813	-13.924421971627	0.911710729351996	-0.235548842398011	-0.922317743180142	0.898287693839312	2	2	2	1	1
48.1750573214084	0	0.797728154173846	0.394786889346775	-0.100253611439728	0.491194583195514	2	2	2	1	1
61.0930156979688	12.9179583765605	0.243286663318929	1.05092637476411	0.701211481579819	-0.389491975322924	2	2	2	1	1
71.9236820765434	23.748624755135	-0.469360582749045	1.42428768474266	0.814680268543117	-1.04025512951644	2	2	2	1	1
12.9300561883885	-35.724292109394	-1.23870504165722	-0.875199605441793	-0.801181161173079	-0.7437918194681	2	2	1	1	2
23.1809197170574	-25.4734285807251	-0.360127751996765	-0.228851652552543	-0.536704685713406	-0.321728877823265	2	2	1	1	2
36.3551712640225	-12.29917703376	0.410512765977741	0.413129037150943	0.0903947488616207	0.50717905124093	2	2	1	1	2
48.6543482977825	0	0.389801265539623	0.748836584698335	0.770792241638004	1.15525227401945	2	2	1	1	2
59.3416163042082	10.6872680064257	-0.403894992763752	0.62039695455426	1.1688729356548	1.16301940689205	2	2	1	1	2
72.0477976989566	23.3934494011741	-1.26671459554588	0.0882117757010194	1.08827838368112	0.524973702839575	2	2	1	1	2
12.4172333109996	-36.5255359388465	-0.418535955169773	-0.944969945492154	-1.09165982748663	-0.577750043614801	2	2	2	1	3
22.806742248324	-26.1360270015221	-0.666892965483855	-0.641096951203998	-0.619201345432804	-0.350527469610315	2	2	2	1	3
36.3952641816446	-12.5475050682016	-0.0977835385934752	-0.0820607140780463	-0.00459525063141231	0.202441248882822	2	2	2	1	3
48.9427692498461	0	0.814226085404683	0.52089316822563	0.518834925702445	0.847957080417088	2	2	2	1	3
58.6000413693062	9.6572721194601	1.30863369420732	0.939923735193404	0.752378858175362	1.31379184704411	2	2	2	1	3
72.5752794567323	23.6325102068862	0.973165041600179	1.016689976568	0.607376028319734	1.40349281507576	2	2	2	1	3
11.2767960359271	-25.9904997809437	-1.16087399103214	-0.327339915919197	-0.336449162624681	-0.672142449720129	2	1	2	1	4
23.337698345175	-13.9295974716959	-1.12660925023861	-0.852198928262662	0.411666893977846	-0.603898203968913	2	1	2	1	4
37.2672958168708	0	-0.859427754968212	-0.794519405145796	1.18067443462006	-0.132400325577869	2	1	2	1	4
47.6024535699936	10.3351577531227	-0.424877622614075	-0.189813217096948	1.43412089850266	0.53191218327345	2	1	2	1	4
59.2708889583786	22.0035931415078	0.0704321802862249	0.589616837641734	0.995204372263655	1.09254326628227	2	1	2	1	4
72.2566288288287	34.9893330119578	0.504986407799909	1.06389475292327	0.170108972487139	1.29927197632193	2	1	2	1	4
11.7617819306826	-36.8183870988466	-0.555986384023787	0.0428445779346578	-0.83296132121218	-0.421174669449923	1	2	2	1	5
24.7821564042438	-23.7980126252853	0.0684477050968106	0.551904435495742	-1.10404608612194	0.400684686972953	1	2	2	1	5
36.0667472334439	-12.5134217960852	0.848301607650061	1.02675104575181	-0.88392882911826	1.08469992723544	1	2	2	1	5
48.5801690295291	0	1.29796295178539	1.34224853311654	-0.280813111491746	1.14024329465677	1	2	2	1	5
58.5131808932011	9.93301186367194	1.13742914837661	1.41525414480629	0.408826045190198	0.527474861480405	1	2	2	1	5
71.8852704263866	23.3051013968575	0.466664050627889	1.22652878140622	0.845981087525322	-0.314081244704412	1	2	2	1	5
12.5217996513421	-34.9115181688801	-0.553876560090976	-0.967628554468256	-1.03669335681646	-0.870033999661452	1	2	1	1	6
23.0942661281691	-24.3390516920531	-1.00361346846255	-0.330728531639218	-0.556570681992564	-1.23424253768535	1	2	1	1	6
36.7770964375983	-10.6562213826238	-0.847988409820949	0.527736724823216	-0.0078684078354132	-1.26161910395656	1	2	1	1	6
47.4333178202221	0	-0.183222287372522	0.960492675954833	0.443815779563879	-0.942347995403638	1	2	1	1	6
58.9782924246926	11.5449746044704	0.579668849916766	0.641245500725504	0.662164135956551	-0.390901946474134	1	2	1	1	6
69.9679640274044	22.5346462071823	0.968999561933167	-0.189295504120816	0.581279390120307	0.195001380850653	1	2	1	1	6
12.6948041014605	-36.0476474519604	-1.29247869528217	-0.971342085198075	-0.01214826819175	-1.01955751415012	1	1	2	1	7
23.6368737493023	-25.1055778041186	-0.919282713169629	-1.18633788167289	-0.762590846795476	-1.35358892746641	1	1	2	1	7
37.3286998520309	-11.41375170139	-0.380148993510523	-0.923760171756332	-0.788507517304416	-1.42394563583918	1	1	2	1	7
48.7424515534209	0	0.155853598310638	-0.309093535043701	-0.0684999751978423	-1.21046260281687	1	1	2	1	7
59.4993250986545	10.7568735452336	0.52063809845182	0.363915904608346	0.802951842840139	-0.77432650472712	1	1	2	1	7
72.5795185745492	23.8370670211283	0.599810434904837	0.773640288440406	1.10632683277394	-0.240538930177801	1	1	2	1	7
11.2160811225324	-38.0482690610308	-0.942288442534886	-0.918793886487109	-1.0497426296067	-0.661063852514514	2	1	1	2	8
23.2683157025958	-25.9960344809674	-0.828603830117553	-0.425338764984933	-0.568896672731983	-0.958190658959329	2	1	1	2	8
35.8971545109086	-13.3671956726545	-0.176802005637024	0.108388878741468	0.332621376489718	-0.690771087011772	2	1	1	2	8
49.2643501835632	0	0.601115158296378	0.527615161169946	0.91830600313701	-0.0098102408841164	2	1	1	2	8
59.5202082468025	10.2558580632393	1.01342868171247	0.710770063267965	0.709675430940622	0.700170422055704	2	1	1	2	8
71.8864343465833	22.6220841630201	0.799516489971647	0.604741111254121	-0.122827200179508	1.03826268400174	2	1	1	2	8
13.0270912285403	NaN	-0.509722859030129	-0.310789768015242	-1.16502000403515	-1.01895542184078	2	1	1	1	9
22.363843935671	NaN	-0.577228562654736	0.597408173649092	-0.807757807774497	-0.705904491522722	2	1	1	1	9
35.9690517291597	NaN	-0.161136591220841	1.21781591444172	-0.227575938784692	-0.0107454180160206	2	1	1	1	9
48.2690972444949	NaN	0.529976722876177	1.03066631713561	0.357983055721774	0.679135720468074	2	1	1	1	9
59.1965326059606	NaN	1.14967383644793	0.192750156618121	0.729360444221765	0.97929404094597	2	1	1	1	9
73.4242251842256	NaN	1.38731633294586	-0.593940545811958	0.747306127066214	0.722462569506427	2	1	1	1	9
12.5877592841045	NaN	0.0440754184950654	-0.661429635754842	-1.2836696758868	0.0810296884846027	2	1	2	2	10
23.7085303193013	NaN	0.846247463412306	-0.730920060411238	-0.901252439693664	-0.399871098970613	2	1	2	2	10
37.8601228632902	NaN	1.26253182966221	-0.482668504787153	-0.331331188014434	-0.537792275296715	2	1	2	2	10
48.2271328050885	NaN	1.01468153360436	0.00335924278007288	0.227121722315375	-0.277528169052975	2	1	2	2	10
60.4942324983986	NaN	0.268361209473619	0.570605887451626	0.579137790958955	0.276745377298716	2	1	2	2	10
72.873612947115	NaN	-0.477584132311707	1.03635223132021	0.60182027276842	0.903169443299106	2	1	2	2	10
11.8722890856726	NaN	-0.69658225534173	0.256981446512583	-0.668719592455559	-1.05656379947663	2	2	2	1	11
24.4817731082244	NaN	0.0262320360630278	0.901391277552864	0.227383513445468	-0.925705961588928	2	2	2	1	11
37.2707643816628	NaN	0.604894150114292	1.35281771137303	0.940187270213643	-0.227666826107861	2	2	2	1	11
48.5446345310779	NaN	0.734357886082266	1.41999928106082	0.853530345255314	0.562874523004028	2	2	2	1	11
60.6346219293925	NaN	0.346375436083305	1.07447233317169	0.0423206579715794	0.908335843782129	2	2	2	1	11
72.5739997779064	NaN	-0.354525256116888	0.462630578751216	-0.792216472349309	0.573797265754669	2	2	2	1	11
11.9088632568435	NaN	-0.845050374501432	-0.994786477479678	-0.398362965015389	-0.908413155289417	1	1	1	1	12
22.2600276131278	NaN	-0.88552607171167	-1.30852156683979	-0.795356518631166	-0.985848891979953	1	1	1	1	12
35.6015279823865	NaN	-0.122475541199688	-0.75225461356323	-0.586782871493802	-0.49392812039503	1	1	1	1	12
47.1953520482633	NaN	0.763539042944509	0.184789795039627	0.0999554734552215	0.274585697274812	1	1	1	1	12
62.1881542347519	NaN	0.98228428522607	0.678501649574944	0.845379904161076	0.862316538306673	1	1	1	1	12
73.0410143371031	NaN	0.338662047702421	0.294672200336183	1.19416473816538	0.919480198015996	1	1	1	1	12
12.072501393604	NaN	-1.04580336597923	-0.373700469611423	-0.436745455428786	-0.995972283888062	2	2	2	1	13
25.4551754025878	NaN	-0.983858482653021	0.289494530485766	0.423508446673755	-1.2361987393481	2	2	2	1	13
36.5339480507484	NaN	-0.297216267755067	0.806655623311243	0.986305449184865	-1.02248909708668	2	2	2	1	13
48.2624725500051	NaN	0.52261693609154	0.950321035614182	0.834737102590726	-0.451875069076445	2	2	2	1	13
60.9473808106039	NaN	0.888795154606724	0.657302739736313	0.0810821221154616	0.216564458828166	2	2	2	1	13
72.540651116457	NaN	0.539203835224876	0.0564782983944576	-0.71636737629792	0.679334374958624	2	2	2	1	13
11.1284157053837	NaN	-1.36071196763993	-0.242153966515238	-0.742887808556173	-0.777640007572179	1	1	1	2	14
26.1860164833245	NaN	-1.26432544624733	0.529581862133277	-0.337653279393951	-0.693612837776193	1	1	1	2	14
36.4249700588978	NaN	-0.580815496085875	1.15943688851565	0.160870334401997	-0.0759191947514201	1	1	1	2	14
47.9184301247279	NaN	0.220916001456078	1.26142572586197	0.62684293156102	0.697879921202897	1	1	1	2	14
59.2649560075578	NaN	0.590864752400186	0.773047958710855	0.942641119342808	1.15480511075261	1	1	1	2	14
72.1197267280995	NaN	0.27523830603818	-0.00641058771159703	1.02854936405588	1.01556398749154	1	1	1	2	14
12.1994413141455	NaN	-0.96038083427333	-0.971090573776615	-0.0298627474396111	-0.959858354501476	1	1	2	2	15
23.4058260200977	NaN	-0.628834777177407	-0.983147627679593	-0.600441087469953	-0.935177900385226	1	1	2	2	15
34.6570764693778	NaN	-0.0954600577745279	-0.592243516924502	-0.877042290751723	-0.438457803053029	1	1	2	2	15
47.4099671642795	NaN	0.464829007316278	0.0360638663757827	-0.746125751956474	0.275671462184554	1	1	2	2	15
59.2268043085	NaN	0.868291840665338	0.635670270267455	-0.261430727768407	0.841130336201058	1	1	2	2	15
71.8532847327	NaN	0.982617286139429	0.95262704188541	0.378082814201858	0.968051220256858	1	1	2	2	15
12.4257255945569	NaN	0.02506651859856	-0.924926019759596	0.233919532007808	-1.0805284577441	2	2	2	2	16
24.2079313223097	NaN	-0.645671667359279	-1.13167252035012	0.728674750966957	-1.38141320862868	2	2	2	2	16
35.3960864368594	NaN	-0.834151225016733	-0.754739534750202	1.13809565295938	-0.889960250356891	2	2	2	2	16
48.9649356413244	NaN	-0.426716653471854	-0.0157407375544491	1.36093316963875	0.00163674230174438	2	2	2	2	16
60.7472418925023	NaN	0.330943969007136	0.650837516303526	1.34207997539807	0.581857581954511	2	2	2	2	16
73.134300769376	NaN	0.981951930310589	0.853087747548023	1.0861984319852	0.387669257097119	2	2	2	2	16
