age	diseaseAge	x1	x2	x3	x4	z1	z2	z3	z4	id
12.0156068258034	-37.3801410320217	-0.621926760111972	-0.801728997290351	0.053550288024686	-0.604656152320469	1	1	2	2	1
21.7976120784736	-27.5981357793515	-1.32469297320007	-1.21472820959259	0.856641129568115	-1.01718887953633	1	1	2	2	1
34.4720398006091	-14.923708057216	-1.28964512823937	-0.761734955322975	1.3010800462861	-0.601899691577006	1	1	2	2	1
49.3957478578251	0	-0.545207824541142	0.164846394935954	1.09320540412422	0.297425423273689	1	1	2	2	1
59.1334856942223	9.73773783639719	0.304863354813551	0.762366865476801	0.370369727354042	0.936304349031348	1	1	2	2	1
72.6214996764444	23.2257518186193	0.571141351290648	0.51322571513443	-0.389815555302825	0.785858344680417	1	1	2	2	1
11.512475659325	-36.1867620183665	-0.708873571170128	-0.501717999782683	-0.752526375150065	-0.526597379657647	1	2	2	1	2
26.8675295631765	-20.8317081145151	-0.387040730479463	-0.387150457289376	-0.884721792400935	-0.947520067739133	1	2	2	1	2
36.1290905778357	-11.5701470998559	0.24396760128972	0.314955368507483	-0.416880242346488	-0.698446314180125	1	2	2	1	2
47.6992376776916	0	0.891927934567603	1.11515027265223	0.362378314662718	0.0526357560622097	1	2	2	1	2
61.3605519383772	13.6613142606857	1.25676621302216	1.45560558423375	0.972315103285645	0.799157839960845	1	2	2	1	2
72.8620927500664	25.1628550723748	1.16952378826325	1.09898445821534	1.03664902636834	1.03762712335405	1	2	2	1	2
12.2546082626014	-33.9283824732704	-0.870291557260318	-1.46519735204289	-0.112790596338464	0.0427710397681571	2	2	1	2	3
24.0426166159767	-22.1403741198951	-0.662776227184283	-1.2650674073509	0.660045544607328	-0.524874364899508	2	2	1	2	3
35.9571002570846	-10.2258904787872	0.0550340599415261	-0.831641118091741	1.10452647336218	-0.450894995463132	2	2	1	2	3
46.1829907358718	0	0.813662133201713	-0.292193030450127	0.948032294042657	0.214449855763474	2	2	1	2	3
61.6853539306014	15.5023631947296	1.11693432665832	0.194869273370872	0.28654783774594	1.01914550384784	2	2	1	2	3
71.1738543912367	24.9908636553649	0.766498270674221	0.486521165611704	-0.474209097670372	1.41650664843058	2	2	1	2	3
12.3692764434189	-36.6172291472305	-1.00681614542775	-0.0351511923634863	-1.28349419155985	-0.0881047168142721	1	1	2	2	4
25.1428843902173	-23.8436212004322	-0.147727253912202	0.789354129487694	-0.559719254668924	-0.460880390590891	1	1	2	2	4
35.1586469004263	-13.8278586902231	0.464504144232077	1.3230360584337	0.21762369821143	-0.51848548313357	1	1	2	2	4
48.9865055906494	0	0.37250686627976	1.20298875295193	0.517088889461807	-0.241247838804035	1	1	2	2	4
59.5045228472834	10.518017256634	-0.354991962776707	0.510844859859596	0.133941059253464	0.276155807280958	1	1	2	2	4
73.7371952220012	24.7506896313517	-1.17450992618215	-0.282735011304797	-0.669873252840863	0.857031961467979	1	1	2	2	4
13.2089978540324	-34.4889509628737	-0.54507500886882	-0.549796566295813	-0.316250633624853	-1.34182879782551	2	1	1	2	5
24.1325037041571	-23.5654451127491	0.319091795424196	-0.735715215318716	-0.891251988015944	-0.947185820725042	2	1	1	2	5
36.6921626519186	-11.0057861649876	0.97218430863887	-0.611974273086071	-0.622655296368734	-0.393615046302965	2	1	1	2	5
47.6979488169062	0	0.910880093731347	-0.216956189860282	0.258902518735375	0.140211613605326	2	1	1	2	5
58.9318060228762	11.23385720597	0.182424810732909	0.326810777674952	0.996450921634515	0.48199490780816	2	1	1	2	5
73.3377642109385	25.6398153940323	-0.651778858657466	0.850658861122329	0.956676475531365	0.521419990525657	2	1	1	2	5
12.0058189089968	-35.5908448863665	-1.24842699588134	-0.901317169853945	-1.24438683087992	-0.518529165949356	2	1	1	1	6
24.4893419881017	-23.1073218072616	-0.533635213188506	-0.409023003513299	-0.790800933237005	-0.0037243215248717	2	1	1	1	6
35.8352209147602	-11.7614428806032	0.261987371676339	0.369834394499598	-0.126173194855543	0.528129835652004	2	1	1	1	6
47.5966637953633	0	0.58085917159081	0.959239127975462	0.449701532287127	0.919177104485208	2	1	1	1	6
60.3089664629366	12.7123026675733	0.199511110051649	0.998963479810603	0.677062379645771	1.05335326798213	2	1	1	1	6
71.1301948009472	23.5335310055839	-0.614803643606881	0.464729035254926	0.45335327313098	0.890834364702481	2	1	1	1	6
11.2843420297718	-37.2269689695407	-1.3280915150628	-0.607650022784169	-0.492684327552445	-1.05100474901057	1	1	2	1	7
23.9091140366397	-24.6021969626727	-0.701282010921356	-0.66038013584997	0.16989611912652	-0.979503163544219	1	1	2	1	7
37.7130414743567	-10.7982695249557	0.157742845289167	-0.267209061068384	1.03517996933601	-0.350093259487498	1	1	2	1	7
48.5113109993125	0	0.603559392496552	0.389988537991707	1.43067156581315	0.437122709646003	1	1	2	1	7
60.9663492789411	12.4550382796287	0.301205788811269	1.00720354190632	1.04899618863171	0.881728590214353	1	1	2	1	7
71.8834360495943	23.3721250502818	-0.522146227465891	1.29892214158105	0.186790639202625	0.701098046670151	1	1	2	1	7
13.4538465342891	-33.6425786662887	-0.504010815380469	-0.783621081803698	-1.1148531909413	-1.19999782388512	2	2	1	2	8
25.0093642477344	-22.0870609528434	-0.0621785465600591	-0.824639767713921	-0.943575563561633	-1.04785229569486	2	2	1	2	8
35.8537744590545	-11.2426507415232	0.508869664682941	-0.0646422813102829	-0.285228827253394	-0.551210222570543	2	2	1	2	8
47.0964252005778	0	1.02061349972405	0.8212079117631	0.466072079749398	0.0872803258650193	2	2	1	2	8
59.7998887437739	12.7034635431962	1.30411081158401	1.04594283187888	0.860565817064044	0.607091931346785	2	2	1	2	8
71.6546471148506	24.5582219142728	1.26577054698784	0.40991338778198	0.662091306734391	0.796122510465389	2	2	1	2	8
11.7548293539721	NaN	-0.376310822367769	-0.434550895613026	-0.99820043719929	-0.682407468886067	1	1	1	1	9
23.2281286273472	NaN	-1.07793647211111	0.408845648255582	-0.527557980861534	-1.13212137039797	1	1	1	1	9
36.1570690134145	NaN	-1.35685499090511	0.890606581713612	0.235917735786047	-0.721142742395921	1	1	1	1	9
49.0320425863807	NaN	-1.04951502703315	0.665181804604056	0.840417835051655	0.19670394616946	1	1	1	1	9
61.6040440896432	NaN	-0.336133608554684	-0.10573945321181	0.928211867284533	0.831215519190151	1	1	1	1	9
72.8139905463831	NaN	0.364978942984929	-0.869202605027869	0.447345170003274	0.636120941944723	1	1	1	1	9
11.8364200860437	NaN	-0.773443539756033	-0.856991383239761	-1.09442448549099	-1.05031711075023	2	2	2	1	10
22.4853502438368	NaN	-0.635088795979107	-1.24684006017231	-1.27292669478163	-1.3853149458958	2	2	2	1	10
34.5588862923025	NaN	-0.0859337885776781	-1.1216754525483	-1.10985939892363	-1.10740546831502	2	2	2	1	10
48.1351744184084	NaN	0.608522464539246	-0.547233102673385	-0.660926723230773	-0.387055203656908	2	2	2	1	10
60.2224090848927	NaN	1.11253240448883	0.174794041987738	-0.0794849976321823	0.333881155192342	2	2	2	1	10
71.2260113955817	NaN	1.18242322073586	0.665202572303112	0.435844082608281	0.613189411808419	2	2	2	1	10
10.3460429800858	NaN	-0.441270511849516	-0.196828683853677	-0.520048703786313	-0.391072445361269	1	1	1	2	11
24.7215715447925	NaN	-0.868934382012068	-0.498927456814902	-0.0148711381140525	-0.0580696464433803	1	1	1	2	11
37.0128378360823	NaN	-1.10161268898469	-0.318609823123446	0.562292143149787	0.407921617682581	1	1	1	2	11
47.7678250642022	NaN	-1.07837948653924	0.256754849479267	1.01802924746343	0.893776095465178	1	1	1	2	11
58.8623923710708	NaN	-0.805318302020034	0.948384909765125	1.19961913607021	1.28154648993171	1	1	1	2	11
71.4881447086901	NaN	-0.353929187415032	1.42116459650172	1.04620962872579	1.47709665134018	1	1	1	2	11
10.9946609844463	NaN	-0.359653879216531	-0.523232616123049	-0.960634412972803	-0.50363080749238	1	2	2	2	12
25.8487917571103	NaN	-0.936383724260136	-0.359668913459191	-0.603951812943222	-0.932802600847593	1	2	2	2	12
36.2296396491767	NaN	-1.21654380619528	0.0502127446393993	0.27953837314245	-0.561946682068026	1	2	2	2	12
49.0646312927494	NaN	-1.08352984474178	0.585637997887313	0.963899007300418	0.3120447765389	1	2	2	2	12
60.0262530156324	NaN	-0.592703036024957	1.08884022959414	0.886811675660679	0.989489743261632	1	2	2	2	12
71.8248144966949	NaN	0.0516516041266162	1.41154755096518	0.11161670479018	0.928053317659796	1	2	2	2	12
10.202674837037	NaN	-1.18632778364116	-0.843495510086945	-0.349669074223322	-0.8175797967727	2	1	2	1	13
23.2130979504395	NaN	-0.907335053904387	-0.382708875156908	0.509798394944599	-1.093669574716	2	1	2	1	13
35.3027837137505	NaN	-0.413123047744229	0.19626352203163	1.22088558416471	-0.98843744087204	2	1	2	1	13
49.1134297525254	NaN	0.142608830684977	0.698536792440138	1.2162040255995	-0.542437900796529	2	1	2	1	13
61.2032557294127	NaN	0.587028562898322	0.955043341402776	0.499489213829196	0.0724491247569155	2	1	2	1	13
71.5367539672501	NaN	0.781922088565019	0.879441832829972	-0.357380008310048	0.619257621862223	2	1	2	1	13
12.2838980577941	NaN	-1.08698311067858	-0.453687278041213	-0.24825414339662	-0.107045659747926	1	2	2	1	14
25.5674967422172	NaN	-0.879694624539573	-0.66119030568967	-0.944301594795665	-0.534804754257638	1	2	2	1	14
34.2812190490688	NaN	-0.045675198854241	-0.481523067787943	-1.00728394073437	-0.634120943663167	1	2	2	1	14
48.5719179789775	NaN	0.731181470110303	0.0157333539068341	-0.391402249314206	-0.368354761018715	1	2	2	1	14
60.0813738507539	NaN	0.813854993564735	0.638002727153987	0.455492209041336	0.164448033738718	1	2	2	1	14
71.0268489979803	NaN	0.134553303605821	1.14429411425928	0.917562392294931	0.767727237242561	1	2	2	1	14
10.3891012846576	NaN	-0.959781644721685	-0.53318876740645	0.0607257627578609	-1.3845545584818	1	2	1	1	15
25.677803840114	NaN	-0.548648674397789	-0.430950355332662	-0.700674963286439	-0.903070202420956	1	2	1	1	15
36.3438200225947	NaN	-0.0216140722117071	0.108228981519885	-0.650984664544217	-0.0307849952432294	1	2	1	1	15
48.0436814847186	NaN	0.471569603421449	0.814951994345624	0.165234335263001	0.564069963889469	1	2	1	1	15
58.6604952702436	NaN	0.790768257153316	1.33610938850016	1.01599578896531	0.425794429332409	1	2	1	1	15
73.4690092526376	NaN	0.845284210234276	1.41130845494631	1.13833573238221	-0.339682928241174	1	2	1	1	15
12.2669315045408	NaN	-0.821155300143604	-1.36653427340652	-0.890910701283448	-0.0494956525212775	2	2	1	1	16
24.4774282895046	NaN	-1.04900558430805	-1.38348513431249	-0.178254633017126	0.651836506078086	2	2	1	1	16
37.0990706318749	NaN	-0.679761221131617	-0.915186180391722	0.723017465808122	1.05293625116257	2	2	1	1	16
47.8940530038742	NaN	0.0650156765036807	-0.202979887336035	1.02523688801209	0.944389699528243	2	2	1	1	16
58.2906911767708	NaN	0.73842771618742	0.386091220991873	0.464278313525039	0.382868926300337	2	2	1	1	16
71.5696172336136	NaN	0.936399415036115	0.548443550283084	-0.469607293794519	-0.338456483991582	2	2	1	1	16
