age	diseaseAge	x1	x2	x3	x4	z1	z2	z3	z4	id
10.4771870922261	-38.2578396803342	-0.649884791462697	-0.640138098019552	-0.254623121496017	0.0101549674590251	1	1	1	1	1
23.3680043310312	-25.367022441529	-1.16107395182013	0.0396014765708858	-0.977811796591249	-0.474108804753066	1	1	1	1	1
36.0138924552779	-12.7211343172823	-1.16865986676065	0.673943362513905	-1.06659141334345	-0.716978327632303	1	1	1	1	1
48.7350267725602	0	-0.668515472415261	0.94754758137632	-0.454939459808932	-0.639815073669894	1	1	1	1	1
61.1110603533055	12.3760335807452	0.067259177976989	0.724401754995463	0.402278410330466	-0.267603670815258	1	1	1	1	1
69.6797722468872	20.9447454743269	0.638371041432562	0.115434708406727	0.867577162333161	0.27913785011625	1	1	1	1	1
11.7085858892247	-35.7042619376341	-0.505335574835392	-1.11818606417966	-0.843275019314772	-0.189710694438417	1	2	2	2	2
22.8562147229007	-24.5566331039581	0.197378399675004	-0.872437208938828	-0.699460628053547	-0.583820765945183	1	2	2	2	2
35.8912145484645	-11.5216332783943	0.854704472474298	-0.26541416043759	0.101465018823682	-0.582150848364215	1	2	2	2	2
47.4128478268588	0	1.11291008429711	0.412110906970592	0.909286154656014	-0.185398733767251	1	2	2	2	2
60.413760016036	13.0009121891771	0.833044818194664	0.83559440714733	1.06818904541201	0.440648665266072	1	2	2	2	2
73.2107005064748	25.797852679616	0.165714988026245	0.802182068820332	0.449171498016214	1.0343910658496	1	2	2	2	2
12.9002336303745	-34.2999490280982	-0.592331053046775	-0.27258567607827	-0.50320980803548	-0.59437295852281	1	1	1	1	3
25.8042247712824	-21.3959578871903	0.0125285166920513	0.19989531071445	0.177954534133116	-0.661349692512638	1	1	1	1	3
35.4556270322599	-11.7445556262128	0.577458374107752	0.738165659419564	1.01877886494913	-0.0863604211805872	1	1	1	1	3
47.2001826584727	0	0.886408611171597	1.18596514902773	1.39195922833769	0.738432768734904	1	1	1	1	3
59.4352744216951	12.2350917632224	0.821225320054314	1.41329730586661	1.0190813233521	1.25049308809413	1	1	1	1	3
70.3137811361615	23.1135984776888	0.406836983232157	1.35416746172602	0.178333799342426	1.10057811901569	1	1	1	1	3
12.6226688373628	-33.7467870127938	-0.157507093080892	-0.781091162006403	-1.4223412002142	0.0141340858197745	2	1	1	2	4
22.1480877282937	-24.2213681218628	-0.545686395395194	-0.3429772088985	-0.771976099176999	0.55816501170859	2	1	1	2	4
35.2983062190914	-11.0711496310652	-0.618579321750294	0.184630723497478	0.0976542919313639	1.06080660691729	2	1	1	2	4
46.3694558501566	0	-0.350985860496487	0.654355086318499	0.509102661629493	1.3703039641873	2	1	1	2	4
59.0158043616653	12.6463485115088	0.164583525716801	0.93498703871291	0.141848252230729	1.39321526891953	2	1	1	2	4
72.1903513085606	25.8208954584041	0.749889943371787	0.948137218548272	-0.718015539782103	1.12262326046952	2	1	1	2	4
13.1760437216528	-34.7302013028083	-0.648760766104951	-0.596360250277515	-1.28769692169761	-0.406897181705814	1	1	1	2	5
24.2891858080935	-23.6170592163676	-0.848181020428031	-0.539714158944717	-0.879086116081312	0.104174896016148	1	1	1	2	5
35.4193007941005	-12.4869442303606	-0.477768076959764	-0.210863188432616	-0.0319461425578573	0.659061205534843	1	1	1	2	5
47.9062450244611	0	0.249817893103769	0.293843919752025	0.624307581799533	1.0833025220953	1	1	1	2	5
60.804905052429	12.8986600279679	0.916857801696108	0.826535031835711	0.602085963650989	1.24351510577363	1	1	1	2	5
71.6389047951265	23.7326597706655	1.14039305177779	1.23113909173739	-0.0821005861007501	1.08932726300841	1	1	1	2	5
12.6711477892234	-34.0463380515316	-1.40329057954971	-0.697823680587373	-1.229578607108	-0.502137374701604	1	2	2	2	6
23.5536357018352	-23.1638501389199	-1.12608857576091	-0.147058163728067	-0.601100842024947	0.286191513463363	1	2	2	2	6
36.4740980552265	-10.2433877855286	-0.596197523960312	0.517201247491201	0.244540518631805	0.720070549681174	1	2	2	2	6
46.717485840755	0	-0.00303130399025631	0.999908262950876	0.690851394205244	0.521489998713291	1	2	2	2	6
59.1306357460332	12.4131499052782	0.441377979183249	1.08665731801674	0.4124597940087	-0.18230885375994	1	2	2	2	6
71.1494081173942	24.4319222766392	0.578172601358589	0.738916799231361	-0.387679717989348	-0.940364066034921	1	2	2	2	6
12.3335365582349	-35.6732837491053	0.0497619245386572	-0.290041465725803	-0.456550053752525	-0.920037696962838	2	2	2	1	7
24.5661700373785	-23.4406502699617	0.930653139200289	-0.738884289960672	0.165074159980879	-0.299069832893427	2	2	2	1	7
36.7190369185421	-11.2877833887981	1.28683220785019	-0.995534848767326	1.02697047134261	0.316934998533666	2	2	2	1	7
48.0068203073402	0	0.827080872789348	-0.990654880963273	1.47870916934834	0.664034599255128	2	2	2	1	7
57.6934310334139	9.68661072607365	-0.0727001055060072	-0.725562788050278	1.17938582395117	0.593505733855617	2	2	2	1	7
72.0398432923443	24.0330229850041	-0.676834007448951	-0.271877446921813	0.354884679544658	0.135568203886578	2	2	2	1	7
12.2315750334802	-37.632345490207	-0.533989215533676	-0.0451715874185674	-0.573308402006066	-0.531209216200459	2	1	1	2	8
25.0104205669823	-24.8534999567048	0.182839974662781	-0.713632421357222	0.369052445995477	-0.152758941599342	2	1	1	2	8
36.7280580549022	-13.1358624687849	1.0420346266074	-0.718338375021377	0.960543759458416	0.409534147121225	2	1	1	2	8
49.8639205236871	0	1.35456350823421	-0.0558220507594277	0.671607451952868	0.963935574965757	2	1	1	2	8
58.8338227942121	8.96990227052502	0.869794053481333	0.785767344947183	-0.239073796623549	1.32140181848212	2	1	1	2	8
71.7748063363519	21.9108858126648	-0.0235128277452748	1.18633762621151	-0.956173356163158	1.3600416364225	2	1	1	2	8
12.8954090911768	NaN	-0.453928885533285	-1.00834983466997	-0.963582567690677	-0.126192230995866	1	1	2	2	9
22.3138394501239	NaN	0.0329721828830411	-0.577334330034202	-0.75971256345104	0.487581604115786	1	1	2	2	9
36.3377528773433	NaN	0.564155530963473	0.0716671777950034	-0.333975897788523	0.993568899209927	1	1	2	2	9
48.5299340488959	NaN	0.987739437253512	0.655539246762718	0.193790716743509	1.20106295568542	1	1	2	2	9
61.8247094265065	NaN	1.18260818323479	0.919578001893013	0.675031092290016	1.03185922794704	1	1	2	2	9
71.1782481046197	NaN	1.09304277714246	0.748601200962167	0.974285285640103	0.549730630099243	1	1	2	2	9
10.7270852387347	NaN	-1.42880711855135	-0.117189340156414	-0.991377347435871	-0.977816673705139	2	2	2	1	10
23.3219403512592	NaN	-1.20037527929691	0.658994813737805	-1.08293824679426	-0.963839185118052	2	2	2	1	10
36.3189660088661	NaN	-0.392788588210389	0.968515888681494	-0.487045452494964	-0.309620261542845	2	2	2	1	10
48.826737276313	NaN	0.37326277255176	0.601963330846427	0.362841482799831	0.519218417948775	2	2	2	1	10
58.7567702225346	NaN	0.509011598303493	-0.192666906156291	0.848504627424237	0.932774538218256	2	2	2	1	10
73.0032499092345	NaN	-0.08987513713472	-0.877757285137416	0.616666795570115	0.636711313564047	2	2	2	1	10
12.3438868915878	NaN	-0.727800714763785	-0.362369725131665	0.441425064931969	-0.534294583012453	1	2	2	1	11
23.9520764489623	NaN	-0.28021697845629	0.541815266904552	-0.156248055480275	-0.225508903572037	1	2	2	1	11
38.0063431079917	NaN	0.311321291410519	1.23403807451035	-0.501912300915695	0.680399893758833	1	2	2	1	11
47.9776098568848	NaN	0.837031600190658	1.11564335713321	-0.455745269065746	1.38755431098434	1	2	2	1	11
60.9400244961691	NaN	1.11047661042862	0.289022467777193	-0.0364216865935334	1.27469060727719	1	2	2	1	11
72.854563387189	NaN	1.03468207832926	-0.530937703689332	0.586440583444164	0.440964108632281	1	2	2	1	11
11.9897792089507	NaN	-1.05716769713318	-0.59287898569292	-0.556363467340194	-0.474688309625136	2	1	2	2	12
24.9752651170758	NaN	-1.27673304932178	0.160827475780559	-1.00875242343938	-0.17036117333908	2	1	2	2	12
36.7080208273486	NaN	-1.09019368715188	0.770322272315639	-1.10888169037788	0.318474759031079	2	1	2	2	12
48.6125149708958	NaN	-0.573332438037034	0.882621718427775	-0.816983493160282	0.851147174340723	2	1	2	2	12
59.0514633372768	NaN	0.0638724586699949	0.43268855277875	-0.248989388897059	1.27436893502895	2	1	2	2	12
72.5728028107866	NaN	0.562552375176663	-0.318902289561616	0.369513614460152	1.46634951771814	2	1	2	2	12
10.3461269981147	NaN	-0.872092795674299	-1.12532175115898	0.0132038422044558	-0.227730663234345	2	1	2	1	13
23.3184264196066	NaN	0.0490321838666861	-1.01678367662833	0.538010428235123	-0.850452174610673	2	1	2	1	13
36.0907715469762	NaN	0.621136826107791	-0.441113118512704	1.01611899162591	-1.04827289973983	2	1	2	1	13
49.0569263074471	NaN	0.357226247313292	0.291030283864415	1.31457245104634	-0.715763791935235	2	1	2	1	13
61.7693763997793	NaN	-0.518049913015213	0.78454658643075	1.35037396453211	-0.0301364058889226	2	1	2	1	13
71.1224088322322	NaN	-1.25962688793918	0.77311055438991	1.1135674988624	0.643202440453832	2	1	2	1	13
10.1913262917773	NaN	-0.195770934481146	-0.243583699712401	-1.1393504945154	-1.18632005963915	2	2	2	1	14
25.4245425754276	NaN	0.571545161701062	-0.879795205748839	-0.82775628506736	-0.556480247721966	2	2	2	1	14
35.569523400116	NaN	1.0972956843967	-1.14992487637435	-0.248750328029382	0.218242478716486	2	2	2	1	14
48.2023273897257	NaN	1.07168118960801	-0.918404611325396	0.366441999465527	0.659694112784916	2	2	2	1	14
61.3489911858518	NaN	0.5097950646	-0.301425876843057	0.77214433397883	0.495413475179979	2	2	2	1	14
73.2501166877675	NaN	-0.257270277775276	0.391372497901913	0.806339904937948	-0.173206455107544	2	2	2	1	14
11.6740141878042	NaN	-1.23245665653983	-0.652116625038343	-0.580517163281505	-0.042057320732367	2	2	2	1	15
24.4508862616496	NaN	-1.23269659238192	-0.707699159689844	-1.1300443253406	0.73966741303567	2	2	2	1	15
37.1157583698025	NaN	-0.768795267697288	-0.274692343855535	-1.2800281685605	1.33324086008088	2	2	2	1	15
48.3259318687319	NaN	-0.0707683933207833	0.426321476553005	-0.959236585446662	1.37276166516505	2	2	2	1	15
61.3285930708864	NaN	0.515282092365147	1.03823181881921	-0.320023723226841	0.83386769380863	2	2	2	1	15
72.39141462028	NaN	0.698775387200055	1.24931929689932	0.334027856564128	0.0487537829447525	2	2	2	1	15
9.65610680018123	NaN	-0.0835009206823274	-1.04983825626663	-0.837637364575664	-0.571155029444905	2	1	1	2	16
23.3127298133087	NaN	-0.586414202869704	-0.958858806082226	-0.372294383804163	0.280955260640603	2	1	1	2	16
34.1737462792668	NaN	-0.435222097976202	-0.364123404035711	0.236891026864392	0.986975045977498	2	1	1	2	16
48.2324451343166	NaN	0.268329032431731	0.391144916954249	0.762228212135317	0.995038214987149	2	1	1	2	16
60.4218827615497	NaN	1.05077684886626	0.871079243793946	1.00736583812862	0.298842125986171	2	1	1	2	16
71.2382415148418	NaN	1.38556463400472	0.798708481954836	0.880680655629355	-0.557425881643881	2	1	1	2	16
