age	diseaseAge	x1	x2	x3	x4	z1	z2	z3	z4	id
12.4795655395708	-34.4560375889301	-0.571761798981741	-0.83663846091574	-0.425437660057275	-0.901414504933777	1	1	2	1	1
24.3311236574812	-22.6044794710197	-0.912774839969028	-1.13383544114216	-0.591945128400278	-0.306304510537945	1	1	2	1	1
35.7267442247237	-11.2088589037772	-0.624013708827208	-1.15230556158459	-0.0091716584733656	0.233154486046205	1	1	2	1	1
46.9356031285009	0	0.112550275945434	-0.88664651548758	0.870276823646959	0.521451799292243	1	1	2	1	1
59.3275055743282	12.3919024458273	0.832749658924997	-0.414560647232325	1.36338433451765	0.454102740456325	1	1	2	1	1
72.2296687702661	25.2940656417651	1.0827296197476	0.125872127395898	1.08718323211325	0.0555159499466114	1	1	2	1	1
11.9212478113295	-37.9318509021119	0.0156961200926724	-0.37939683168404	-0.364689368032291	-0.507854184591407	1	1	2	1	2
22.8441884390079	-27.0089102744334	-0.49936066538918	-0.929038776731103	0.166856399198256	0.115725033063825	1	1	2	1	2
36.0799635748722	-13.7731351385691	-0.852878457021807	-1.06419988625221	0.627526443707714	0.593736340295714	1	1	2	1	2
49.8530987134413	0	-0.941397170323577	-0.719116637937973	0.887131190137457	0.739534411039686	1	1	2	1	2
61.4177133807822	11.5646146673409	-0.739011026934336	-0.0616915444232469	0.872303958579393	0.496190616115021	1	1	2	1	2
71.4623170797451	21.6092183663038	-0.304950108022732	0.588200912961577	0.587235060522832	-0.0412785014334678	1	1	2	1	2
14.0947344776208	-33.4222314523596	-1.18356364202659	-0.990873504590266	-0.737394008419633	-1.13330048696775	1	2	1	1	3
24.3608362739501	-23.1561296560304	-1.45190669203714	-1.00754239898858	-0.318409210807554	-0.586644769048394	1	2	1	1	3
35.4746546298084	-12.0423113001721	-0.900532398820059	-0.302488215445152	0.576207965661751	0.111528272537038	1	2	1	1	3
47.5169659299804	0	0.0115623018962512	0.560568314302578	1.21401318144673	0.620313308980153	1	2	1	1	3
58.7347066132875	11.2177406833071	0.5250952348761	0.891576879461433	1.07282015137514	0.691279765322688	1	2	1	1	3
73.0725774373865	25.555611507406	0.212570875694356	0.42588208911532	0.268226964080602	0.289775998357567	1	2	1	1	3
12.7071995259985	-35.6727494389302	-0.88260947871255	-0.234933327917108	-0.753058898710529	-1.00646658928126	2	2	1	2	4
24.3426888994917	-24.037260065437	-0.581984899283998	-0.790214453218778	-1.09377042529013	-0.605228480092281	2	2	1	2	4
36.2375727493714	-12.1423762155573	0.000436240912235888	-0.855694946821631	-0.628721477793001	-0.10752887684009	2	2	1	2	4
48.3799489649287	0	0.625495070655387	-0.395439135355322	0.266241940889979	0.360969961450768	2	2	1	2	4
58.9278347515706	10.547885786642	1.03652445709108	0.337964743101622	0.867823013389639	0.681978564615349	2	2	1	2	4
71.782865920703	23.4029169557744	1.06474391250315	0.942024881071053	0.689832398281434	0.774446704812636	2	2	1	2	4
12.7899704168229	-35.1884600364272	-1.13149903236363	-0.579533326790347	-1.11051714769735	-1.22668843719107	2	1	1	2	5
23.3787757639029	-24.5996546893472	-0.26095353863599	-0.376352312923763	-0.638787567107065	-1.31522822165443	2	1	1	2	5
35.3532174610854	-12.6252129921647	0.433295413933436	0.327657272160866	0.010908802774201	-0.883382656015761	2	1	1	2	5
47.9784304532502	0	0.39238728456761	1.0833635314195	0.561667615757044	-0.163348126411924	2	1	1	2	5
59.6142665114628	11.6358360582127	-0.350747463943497	1.40865401493699	0.778752283972065	0.457724429482165	2	1	1	2	5
70.7917146521252	22.813284198875	-1.19789591981073	1.09600550847327	0.569640067711162	0.645894328973347	2	1	1	2	5
11.1766293632736	-35.6844114938842	-1.14678411208305	-0.77708375232525	-0.149353397797267	-1.37649609077193	2	2	2	1	6
23.7278797750959	-23.1331610820619	-0.416498595556045	-1.23687195921822	0.547117009325217	-1.13262249762844	2	2	2	1	6
35.8131384570916	-11.0479024000662	0.367224412375885	-1.2087079578903	1.10542524635552	-0.570891645983366	2	2	2	1	6
46.8610408571578	0	0.657067461751276	-0.707107921025059	1.25345229800696	0.0720897810243325	2	2	2	1	6
60.2918992521972	13.4308583950395	0.250616999481006	0.00939554202131432	0.919049890513365	0.525491540906249	2	2	2	1	6
74.7949738130267	27.9339329558689	-0.568279966890206	0.571505189821599	0.265205506059608	0.598336253265956	2	2	2	1	6
11.0463329642536	-38.0284502433084	-1.3441749097928	-0.479653835374306	-1.47680609069727	-0.347190723029554	1	2	1	1	7
23.8582669719925	-25.2165162355695	-1.30593957656226	-0.901779218416601	-1.31917084906561	-0.887191771156484	1	2	1	1	7
36.8372129834737	-12.2375702240883	-0.781728177183128	-0.784895423361881	-0.88049644005192	-1.24373649639411	1	2	1	1	7
49.074783207562	0	-0.0513364852111687	-0.193603230015775	-0.307162300490647	-1.30171756564641	1	2	1	1	7
59.9712701306987	10.8964869231367	0.495391805195031	0.545294687519155	0.20951808804168	-1.04241629993914	1	2	1	1	7
70.9491077635069	21.8743245559449	0.566642618415971	1.02341510000942	0.497135798234235	-0.549545835524951	1	2	1	1	7
11.0513143314282	-36.0143721205644	-1.32557592515246	-0.324496205398972	-0.578913615208414	-0.797382810287606	2	2	1	1	8
24.1021388115698	-22.9635476404228	-0.794039495889448	0.302438106380951	0.0623606030308357	-0.233993591835504	2	2	1	1	8
35.0487299915299	-12.0169564604628	0.0830041137086037	1.00962034282042	0.734730761306872	0.315749007362894	2	2	1	1	8
47.0656864519926	0	0.630834455506149	1.42621729902474	1.10592159320376	0.665483134766621	2	2	1	1	8
60.6904603448235	13.6247738928309	0.4279989019773	1.33377328357773	0.992496146558219	0.696649486485471	2	2	1	1	8
71.0742937111912	24.0086072591986	-0.36945865797996	0.78076421789698	0.450507579052221	0.398682719663099	2	2	1	1	8
10.539903780362	NaN	-0.654426561895947	-1.01779214387201	-0.940189799041974	-0.913905132714039	1	1	2	1	9
24.7756349955092	NaN	-0.131901551553669	-1.23566122166817	-0.754469457198945	-0.591722621325131	1	1	2	1	9
36.5480634952146	NaN	0.57006361238325	-0.802713858699242	-0.368436802829654	0.297959112628091	1	1	2	1	9
49.4203856870407	NaN	1.1055042762919	-0.00373138758759733	0.121953467390609	1.00225357170101	1	1	2	1	9
59.1424133636244	NaN	1.21052765269284	0.635736639165138	0.594806873554753	0.925156849974466	1	1	2	1	9
72.1614877108661	NaN	0.8333728025744	0.695065054612039	0.932588008627101	0.131911470218072	1	1	2	1	9
10.8415291376615	NaN	-0.757861726793327	-0.885158954263041	0.119273358055147	-0.764584641091858	1	2	2	2	10
24.6129165729515	NaN	-0.352219687727927	-0.409239792426927	0.994392625309915	-0.776807979019331	1	2	2	2	10
34.8342439573419	NaN	0.234740319488622	0.240409822775644	1.45620960818246	-0.38489978372761	1	2	2	2	10
47.9291403885504	NaN	0.790717080828125	0.787447792049937	1.14696413832172	0.24465919203565	1	2	2	2	10
58.7144233905632	NaN	1.11461590508056	0.999180033408308	0.306222354398078	0.84443526496588	1	2	2	2	10
72.0691847965058	NaN	1.08928381288506	0.78554179394991	-0.414710284258246	1.15964638839745	1	2	2	2	10
12.4710026325215	NaN	-0.827932295729329	-0.720408123423356	0.136132159545066	-1.1609657231042	1	1	1	2	11
24.5170201039316	NaN	-0.179522210291606	-0.800451111528577	-0.431452591486483	-1.23618656615738	1	1	1	2	11
36.5196632696149	NaN	0.633095694433483	-0.395312535954811	-0.514890362730943	-0.856472959599143	1	1	1	2	11
48.8105352872878	NaN	1.05489094486118	0.292228905062887	-0.0683369841203719	-0.199625730727267	1	1	1	2	11
59.7418460081735	NaN	0.797770925459104	0.918047110486679	0.662852608228142	0.426786524852062	1	1	1	2	11
73.6408493847355	NaN	0.0373525470866603	1.16890950095057	1.27693254402616	0.729446382248528	1	1	1	2	11
12.7177190245205	NaN	-1.32004378996257	-0.455701082292525	-0.844515989990299	-0.468216873877762	1	1	2	1	12
24.7317170443753	NaN	-1.35684662824819	-0.0462852782267627	-0.565828245729703	-0.88627629991756	1	1	2	1	12
37.6349521620404	NaN	-1.090273987065	0.45752096915735	0.239170957069502	-0.753882792703503	1	1	2	1	12
47.5734708093119	NaN	-0.603127250371805	0.926016096860338	0.977909820189532	-0.145501152315308	1	1	2	1	12
59.384047302313	NaN	-0.0467213611056469	1.23858915446978	1.10659175972049	0.596684036995251	1	1	2	1	12
71.1544339277064	NaN	0.406115826121011	1.31477029006547	0.530492100108833	1.05523031217158	1	1	2	1	12
9.49083606528665	NaN	-0.501682399439395	-1.33154896867218	-0.695201734268588	-0.470155480814642	2	2	1	1	13
24.005486424893	NaN	-1.16803494166552	-1.201268247166	-0.56213741288457	0.0446926977581426	2	2	1	1	13
35.7357218229016	NaN	-1.40474188216444	-0.720447159037665	0.250876607961271	0.716056525900862	2	2	1	1	13
48.300685597658	NaN	-1.07820001062535	-0.0844572557349986	1.06420285290591	1.24128736124151	2	2	1	1	13
62.0342870107118	NaN	-0.372717578621129	0.448280321944952	1.1979428434636	1.38361284193343	2	2	1	1	13
73.1822202951276	NaN	0.313513803855839	0.661298847322113	0.540296896963263	1.07887310159611	2	2	1	1	13
10.6298851467611	NaN	0.0909565329833791	-0.450322880277121	-0.219673152027885	0.163020531947194	2	1	2	1	14
23.7686400580173	NaN	0.717536421728857	-1.05409623629625	0.53528385153356	-0.48906095970392	2	1	2	1	14
36.9128522584679	NaN	1.2094651599382	-0.824658961554385	1.07157637857347	-0.335428401053241	2	1	2	1	14
48.1254215728456	NaN	1.37342565508298	0.0416383629481932	1.08352560162981	0.493935275325431	2	1	2	1	14
60.2100387104476	NaN	1.14498506608487	0.803425429459825	0.564320639870238	1.29733556032088	2	1	2	1	14
72.115383321613	NaN	0.613915481969094	0.808770971466161	-0.190099339327428	1.395044628064	2	1	2	1	14
9.86793735014661	NaN	-0.212551471002099	-0.991330394472687	-0.864926228105174	-1.33589877009096	2	2	2	1	15
25.1095798863332	NaN	-0.824673439942976	-0.0707810650496564	-1.32565126803268	-1.24569909143337	2	2	2	1	15
37.6777564062981	NaN	-0.94265185953975	0.508358906257841	-1.47970151568972	-0.893373361236753	2	2	2	1	15
48.1034377783982	NaN	-0.498279556221998	0.253126541993531	-1.27115608868632	-0.381040412985529	2	2	2	1	15
58.111051949954	NaN	0.25153734322986	-0.619224795159157	-0.775717846795787	0.142804089941299	2	2	2	1	15
73.6794857663691	NaN	0.873305225477512	-1.3661511022714	-0.17323293812646	0.526327950853885	2	2	2	1	15
12.8191366347579	NaN	-0.614974850940882	-0.403928766778581	-0.154055015175078	-0.0200855039437444	2	1	1	1	16
23.2650337558436	NaN	0.189360482394212	-0.0142093254306506	0.741623494624151	-0.599591358883455	2	1	1	1	16
36.4523905239474	NaN	0.792020870336172	0.513274153055527	1.19772979202837	-0.848714886876527	2	1	1	1	16
46.7902264874513	NaN	0.798975592942699	1.02455386017697	0.844254576449175	-0.65768546055509	2	1	1	1	16
59.3890917467015	NaN	0.205677521498384	1.37039172640502	-0.0320507565809934	-0.110675860153743	2	1	1	1	16
71.6919342738485	NaN	-0.599963883031672	1.44984070688949	-0.720296826183846	0.551286551332028	2	1	1	1	16
