age	diseaseAge	x1	x2	x3	x4	z1	z2	z3	z4	id
12.707546995373	-36.184939066072	-0.474313229078598	0.104888145672114	-0.779568861702407	-0.77911053086676	2	2	1	2	1
24.9179249854706	-23.9745610759743	-0.94520540920095	-0.45928867865974	-1.19649256853969	0.117821065228848	2	2	1	2	1
37.0170757525379	-11.8754103089071	-1.00401933060324	-0.557055233279132	-1.36687463043755	0.626622656589485	2	2	1	2	1
48.892486061445	0	-0.624081023355542	-0.136215799186132	-1.24002918024044	0.337400485317482	2	2	1	2	1
59.142299018825	10.24981295738	0.0222954967255768	0.578551389518428	-0.853690657632676	-0.516846250740753	2	2	1	2	1
71.980705299581	23.0882192381361	0.641958073671563	1.20564561593056	-0.322788432618642	-1.24793101530031	2	2	1	2	1
11.5778018066947	-35.1877340614961	-0.577922266625678	-0.112047106306839	-1.13623193941371	-1.15620042072368	2	2	2	2	2
23.8244705871616	-22.9410652810292	0.0477017758019829	0.708519934544174	-1.4036968372506	-0.606047487746974	2	2	2	2	2
35.6249986181364	-11.1405372500543	0.82296141289497	1.11064301771196	-1.3157084336994	0.105000699367712	2	2	2	2	2
46.7655358681907	0	1.27005533644898	0.811793988702414	-0.903934232342762	0.616856159827982	2	2	2	2	2
58.9683853468895	12.2028494786987	1.1134344899372	0.0219415565319053	-0.316574001222977	0.670305801532987	2	2	2	2	2
73.2484655631213	26.4829296949306	0.449626077634046	-0.703970881305762	0.234978127335884	0.238281735267324	2	2	2	2	2
13.0752003938805	-36.0900606117453	-0.491026578605871	-0.17078388771327	0.0692569803411073	-1.18513554441296	1	1	1	1	3
25.0311911559956	-24.1340698496301	-0.462897049420505	0.670704539797414	0.981114642424678	-1.45110896902999	1	1	1	1	3
35.6276003526985	-13.5376606529273	-0.111036667544556	1.23235895088691	1.32328908887769	-1.17820190151663	1	1	1	1	3
49.1652610056257	0	0.443486324092023	1.11614636979836	0.79661264494831	-0.513480532093831	1	1	1	1	3
58.9521465073928	9.78688550176706	1.00987146110114	0.404424272156914	-0.138434461484862	0.184845143981749	1	1	1	1	3
71.1914566258781	22.0261956202523	1.39323674797722	-0.398424470928813	-0.664328094663621	0.540456192760632	1	1	1	1	3
10.736532715935	-37.7648871996646	-0.604780962952661	-0.744665096675042	-0.91762449260768	-0.80105741927384	2	2	1	2	4
24.2756341495883	-24.2257857660113	0.0972512640866755	-0.0268973947495494	-0.065323038478027	-0.101176222005598	2	2	1	2	4
36.3796957631097	-12.1217241524899	0.968009584527315	0.855783756674888	0.708432963558809	0.480939169967858	2	2	1	2	4
48.5014199155996	0	1.30153614866958	1.15858554183438	0.749449108720291	0.655927768512403	2	2	1	2	4
58.2281045177603	9.72668460216068	0.827427917561814	0.626008459212079	0.0230471100532255	0.336805318469631	2	2	1	2	4
72.5259690535086	24.024549137909	-0.0699370104180341	-0.292567118293537	-0.856615440255824	-0.317797110181175	2	2	1	2	4
11.209930913837	-37.6684889067222	-0.603873607846625	-0.165932741528776	-0.55763385248958	0.364318655645998	2	2	2	1	5
24.7668988779488	-24.1115209426104	-0.334349895666688	0.627793703028163	0.0837428562379443	0.883634396861261	2	2	2	1	5
36.2539907806517	-12.6244290399074	0.250744557282502	0.968476450065327	0.492463855912287	1.28045552364013	2	2	2	1	5
48.8784198205592	0	0.897369850557306	0.622015925825925	0.491161954387163	1.44394954614288	2	2	2	1	5
60.7078863811198	11.8294665605606	1.32477024583228	-0.173518106095143	0.0804021204753949	1.32845244003949	2	2	2	1	5
72.3109025448268	23.4324827242677	1.34737441643027	-0.871475780386597	-0.561563688019394	0.966222648681081	2	2	2	1	5
14.3461583708549	-34.5528739893444	-0.456075907783744	-0.638867488804126	-1.29806197168907	-0.38900336858495	2	2	2	2	6
24.5788472575411	-24.3201851026581	0.0447743881841223	-0.520727902356519	-0.832339107492195	0.20682087966772	2	2	2	2	6
37.8306599618092	-11.0683723983901	0.498761079433726	-0.0909416037552635	0.111585982616423	0.937226892679143	2	2	2	2	6
48.8990323601993	0	0.791494290681687	0.497682692159453	0.688484356440714	1.40628652475505	2	2	2	2	6
61.1365295896325	12.2374972294332	0.849214777061625	1.03586208717712	0.381777731051438	1.3597385745368	2	2	2	2	6
71.9386310030436	23.0395986428443	0.657378853999608	1.3322491559057	-0.533896298620568	0.82281509555008	2	2	2	2	6
11.0215806861113	-36.6311095788272	-0.512490019515666	-0.558770784197243	-0.30714980070361	-0.0245499009971318	1	2	2	1	7
24.3656595327208	-23.2870307322177	-0.585830129687213	-0.162743485441628	-0.63364297197558	0.875454011260835	1	2	2	1	7
34.8276522755279	-12.8250379894106	-0.309983090386445	0.579487845790516	-0.620535800429005	1.12938957021781	1	2	2	1	7
47.6526902649385	0	0.217164674387808	1.23414974527079	-0.272459482832819	0.509943576643552	1	2	2	1	7
59.1845562016338	11.5318659366953	0.808550763155626	1.41864591439711	0.28759911734931	-0.428380097975488	1	2	2	1	7
72.4617641069523	24.8090738420138	1.25431731563736	1.02515344264112	0.861752792312099	-0.845630730443179	1	2	2	1	7
12.1817771600292	-36.5191822807484	-0.536374199721672	-0.546487784109584	-0.687022338897874	-0.217766715515916	1	2	1	2	8
23.5054973148754	-25.1954621259022	-0.237547756214268	-0.827427307089081	-0.110588649042607	-0.861875064089588	1	2	1	2	8
35.9579809265691	-12.7429785142085	0.418750932047587	-0.454094434254814	0.820835579925818	-0.916148965528975	1	2	1	2	8
48.7009594407776	0	1.0969026716674	0.328772520409704	1.29566507600004	-0.344358608704135	1	2	1	2	8
60.1254437728963	11.4244843321188	1.45011301688085	1.00796523130638	0.900162882653463	0.471805063145441	1	2	1	2	8
71.0753339137126	22.374374472935	1.29775663157186	1.13823900923116	-0.0210549323934102	0.987522995224984	1	2	1	2	8
12.3220725879556	NaN	-0.607335651935743	0.0526775110143381	-0.721115382873099	-0.781806864567121	2	2	1	2	9
24.2773336641813	NaN	-0.667333996740732	-0.517389557279451	-0.0344182002339041	-0.120966091979409	2	2	1	2	9
34.5310409537515	NaN	-0.212547088434158	-0.581816224112987	0.780849500766244	0.531645259693263	2	2	1	2	9
48.7753469248242	NaN	0.512447257018148	-0.104029034862187	1.14687039093614	0.855006568297188	2	2	1	2	9
61.1836452906745	NaN	1.11775757537295	0.644743822754002	0.804228804811913	0.69005586195215	2	2	1	2	9
73.0817838865108	NaN	1.27785673965984	1.23944217601971	-0.00422956910282712	0.117932670701347	2	2	1	2	9
14.4232720167615	NaN	-1.30886649086577	-0.877245223676639	-0.895922886367577	-0.346114806990347	2	1	2	2	10
22.2589102610723	NaN	-0.966883073663061	-0.469516843290581	-0.341777171680117	-1.01335395666331	2	1	2	2	10
35.7329325936696	NaN	-0.100737336500973	0.16637359745011	0.279782396809015	-0.926854604796072	2	1	2	2	10
46.9799340101304	NaN	0.596956862001775	0.759038265300336	0.723279992864722	-0.156544889688291	2	1	2	2	10
61.9802524261997	NaN	0.568288017778686	1.05553739305516	0.813562752072598	0.674838449842639	2	1	2	2	10
73.5983079758045	NaN	-0.163818813988932	0.929329912182841	0.514974824157168	0.895185300925857	2	1	2	2	10
10.5401203611903	NaN	-1.12061748880512	-0.405778907443604	-0.22267883581187	-1.28612775665311	2	1	2	2	11
23.6749071112851	NaN	-1.40580101249027	-0.826886449490621	-0.809247531858407	-1.13605205334588	2	1	2	2	11
36.7326916433296	NaN	-1.39624656715443	-0.900944994599739	-0.881233355422633	-0.417633365134939	2	1	2	2	11
48.8103667482702	NaN	-1.09487015104077	-0.599620484332966	-0.396746314008392	0.370728132161756	2	1	2	2	11
60.6062163919086	NaN	-0.593651263642155	-0.0381966617089971	0.362280879463135	0.682109710463085	2	1	2	2	11
71.917491387473	NaN	-0.0455609402963335	0.568531335516347	0.954155098976196	0.30049160870419	2	1	2	2	11
11.2517459881486	NaN	-1.45709701206077	-0.0875055460951871	-0.17745623584653	-1.31722500127036	1	2	2	2	12
23.1045255065633	NaN	-1.12876643609858	0.542858083555548	-0.694177748713663	-0.956646257291646	1	2	2	2	12
35.7853746988373	NaN	-0.244841021784305	0.949008799043817	-0.586588214601437	-0.420019583710971	1	2	2	2	12
49.2210678032081	NaN	0.457282764221993	0.960432611163284	0.0754014881340583	0.122829922355135	1	2	2	2	12
62.7279277295399	NaN	0.391872697713731	0.57233346834454	0.861635378589968	0.500107837285869	1	2	2	2	12
70.4560640417759	NaN	-0.386504228273133	-0.0523532201517726	1.26122452757208	0.592417825234721	1	2	2	2	12
12.8415323634881	NaN	-0.563378186195478	-0.936412657629809	-0.850072121846698	-0.880172939831383	2	2	2	1	13
23.9666115643451	NaN	-1.13984583132109	-1.33656019506961	-0.322900210897943	-0.748371937346313	2	2	2	1	13
36.7117551581128	NaN	-1.36750270599935	-0.954017122834231	0.254733204054916	-0.0680259906972703	2	2	2	1	13
46.7669992773144	NaN	-1.14353232463774	-0.0882147370187432	0.685821406998771	0.714584912544803	2	2	2	1	13
58.1382267766739	NaN	-0.569086244908138	0.583149862722117	0.823338154341235	1.0860990247396	2	2	2	1	13
73.173532698855	NaN	0.0963989263939564	0.534573571396665	0.620382207183319	0.802817806652257	2	2	2	1	13
13.2220788293149	NaN	-0.940370055308337	-0.338656731943315	-0.933472501433779	-0.37217898865757	2	2	2	2	14
22.5192994547697	NaN	-1.02619524123491	0.461237724899835	-0.433399574566658	-0.954410286611273	2	2	2	2	14
35.7729291856203	NaN	-0.482661340246919	0.705966022896883	0.328203830775947	-1.28740537007341	2	2	2	2	14
49.5312377809802	NaN	0.330674824046279	0.212538433837538	0.907196857539467	-1.24097093285443	2	2	2	2	14
62.496717538008	NaN	0.875777689873291	-0.650096370823307	0.965930727722854	-0.833261756219389	2	2	2	2	14
72.6834216515937	NaN	0.792052536976836	-1.23692385969898	0.470153872519575	-0.223682613109817	2	2	2	2	14
12.1503600713728	NaN	0.106006172537288	0.194584309317485	-0.449667880931603	0.00274530009814256	1	2	1	2	15
23.8061902274086	NaN	-0.518968425937936	0.831947179482448	-0.934411901469022	-0.540877398843902	1	2	1	2	15
36.0549498823351	NaN	-0.850940737243414	1.19183117793832	-1.27118135187013	-0.8941540380082	1	2	1	2	15
46.2331208519782	NaN	-0.740833654032526	1.11194531458925	-1.37117953718377	-0.940785353835558	1	2	1	2	15
62.088814055599	NaN	-0.238092400814819	0.62831440830245	-1.20803972982705	-0.665420238756714	1	2	1	2	15
71.8318985360038	NaN	0.431519580034706	-0.0409664353908303	-0.824777338979733	-0.158709351613193	1	2	1	2	15
10.1920103508397	NaN	-1.17225082564644	-0.178472242417098	-0.524576231894412	-1.30653145226287	1	2	1	2	16
24.0335074054759	NaN	-0.727316459035497	0.580396252127194	-0.872939270277639	-0.868950502996575	1	2	1	2	16
35.3493993733279	NaN	-0.149602874877475	1.07939563462984	-0.977203998060935	-0.0449483904037991	1	2	1	2	16
46.8279499986219	NaN	0.365759711847956	1.02953923289481	-0.808892938247706	0.59178596722703	1	2	1	2	16
59.9756874012943	NaN	0.644700939809806	0.45970050073844	-0.413976328673949	0.597943700557088	1	2	1	2	16
71.6625819337344	NaN	0.593004811199723	-0.300108532428777	0.0996835755736069	-0.0307623437100093	1	2	1	2	16
