age	diseaseAge	x1	x2	x3	x4	z1	z2	z3	z4	id
11.9841916373783	-35.2536762504136	-1.08111803480471	-1.19162135217121	-1.04607737347154	-0.36862458734718	1	2	2	2	1
23.8328578792414	-23.4050100085505	-0.312704048738479	-0.792124160469886	-1.10154331285255	0.260555921301611	1	2	2	2	1
36.4788872978528	-10.7589805899391	0.447640845665001	-0.066411323954411	-0.758366376155611	0.851005837061757	1	2	2	2	1
47.2378678877919	0	0.659628102733685	0.580246922208391	-0.15736564691006	1.15534887168193	1	2	2	2	1
61.8010306305082	14.5631627427163	0.172623072763639	0.78672793238184	0.454844482007346	1.04607675011638	1	2	2	2	1
73.2655570108747	26.0276891230829	-0.667316499510869	0.437723552513884	0.827049957253453	0.568970377943585	1	2	2	2	1
10.4240158748083	-37.692200331271	-1.41674295924535	-0.834855462345584	-0.643065644251022	-0.827277773205886	1	2	2	2	2
23.1687768602884	-24.9474393457909	-1.12209961385849	-0.102597614935507	0.117448544610573	-0.766437484781007	1	2	2	2	2
34.0968584937817	-14.0193577122976	-0.547204182772723	0.634786047971151	0.899547540054361	-0.414666245504191	1	2	2	2	2
48.1162162060793	0	0.0754148430988418	0.902768630127278	1.13394510393719	0.117246856696917	1	2	2	2	2
60.0755040239443	11.9592878178649	0.493926165973439	0.528895886401421	0.650024334626217	0.661777701400263	1	2	2	2	2
72.3143811051817	24.1981648991023	0.539054120963127	-0.246234673936567	-0.199971080154516	1.04742825551713	1	2	2	2	2
12.1291829321471	-36.3399080297226	0.187289093918326	-0.30094892346198	0.0986797948799329	-0.789246909867256	2	1	2	1	3
23.2188462393318	-25.2502447225378	0.79800210613351	0.212562166898619	0.67022649634426	-0.327373743306147	2	1	2	1	3
35.3570866317763	-13.1120043300934	1.23892593401443	0.640330931338306	1.06880546057684	0.360747856307218	2	1	2	1	3
48.4690909618697	0	1.34196659450233	0.869015061682981	1.15717237360438	0.943368928463745	2	1	2	1	3
59.9338450785128	11.4647541166431	1.06784175821697	0.838022038490504	0.904899497275298	1.13960316590724	2	1	2	1	3
72.1100852242549	23.6409942623852	0.521056404641974	0.555563823638294	0.3988529759495	0.854844463663309	2	1	2	1	3
13.522409779595	-33.4484078662457	-0.668809419307051	-1.17340122050894	-0.427784911336561	-1.19176514296308	1	1	2	2	4
24.778609060913	-22.1922085849276	0.181253014563561	-1.05962055419736	0.204913429846669	-0.711369704468495	1	1	2	2	4
35.7967507372398	-11.1740669086008	0.62168651396984	-0.689336731946748	1.04255867833352	-0.0529183252758811	1	1	2	2	4
46.9708176458407	0	0.32748743550685	-0.169939197613548	1.48446545303895	0.496117868362923	1	1	2	2	4
60.8164754815475	13.8456578357069	-0.4842495345317	0.347936755006713	1.21373714427347	0.696036966897807	1	1	2	2	4
71.7907121148873	24.8198944690467	-1.21452937622874	0.714097120136283	0.424516245670354	0.459556947340917	1	1	2	2	4
12.5157939680044	-36.1164174392283	-0.00112659558106809	0.259701009513511	-0.92584458979492	-0.420189782298451	1	2	1	1	5
25.2326649981895	-23.3995464090432	0.851105294978922	-0.233803461899729	-0.387422532122345	0.173777812833369	1	2	1	1	5
35.9120441011129	-12.7201673061198	1.37032115340128	-0.501998830138735	0.396576240442806	0.721281058366796	1	2	1	1	5
48.6322114072327	0	1.17894746539104	-0.459744154332934	0.94423156773772	1.02286185271518	1	2	1	1	5
62.0427246095716	13.410513202339	0.416151081793574	-0.120453547029867	0.918902434138801	0.968652842202616	1	2	1	1	5
71.7547057877453	23.1224943805126	-0.363362846201188	0.408162251931786	0.336158532543448	0.578402633643653	1	2	1	1	5
9.54460903172036	-37.8326684174966	-1.37730837136517	-1.40956041506686	-1.23310282392419	-0.223669918486275	2	2	1	2	6
26.0161714542985	-21.3611059949185	-1.38159693775372	-1.38187469792558	-1.10446993472564	0.567537984000394	2	2	1	2	6
34.9221695864062	-12.4551078628107	-1.00473428520724	-0.668129661982686	-0.657720559245654	0.987905779214254	2	2	1	2	6
47.377277449217	0	-0.397813343026077	0.177374224371419	-0.0567783980708785	0.764280006452456	2	2	1	2	6
60.6207373242235	13.2434598750065	0.19583728515062	0.498011448340213	0.477855596128146	0.0419718775340644	2	2	1	2	6
72.8658860215628	25.4886085723458	0.538209370632292	0.0447724133882783	0.750010622453567	-0.709665418847001	2	2	1	2	6
12.0647382333404	-37.1913593661385	-0.443208065980581	-0.809363559752047	-0.533792488274809	-0.879503463804622	2	1	2	2	7
24.5244176834648	-24.731679916014	0.450028595792262	-0.484626760941314	0.201948328782643	-1.01175432566267	2	1	2	2	7
37.6694236335914	-11.5866739658874	0.89333019921653	0.0962109004247628	0.514825678193301	-0.768995748296791	2	1	2	2	7
49.2560975994788	0	0.527658704123142	0.704349391292084	0.21228392461511	-0.242674504923574	2	1	2	2	7
60.433972650457	11.1778750509782	-0.350821887531035	1.10023450216834	-0.519482182835446	0.368945022188463	2	1	2	2	7
71.6786851887883	22.4225875893095	-1.03061414934887	1.12792158194209	-1.23011825446753	0.835466721818249	2	1	2	2	7
12.0133143922397	-35.7150753088579	0.301721258572559	-0.58043380342317	-1.0200958466143	-1.04188681361223	2	2	2	2	8
22.5751113174687	-25.1532783836289	-0.47708665596981	-0.794114523709156	-1.42010877207161	-1.09293164993927	2	2	2	2	8
36.0729265272787	-11.6554631738189	-0.596364438968831	-0.427656447467946	-1.08088672343311	-0.729604360878622	2	2	2	2	8
47.7283897010976	0	0.0389957483337489	0.305088380580673	-0.253386835840426	-0.107499332841487	2	2	2	2	8
61.1615845324576	13.43319483136	0.922380413231718	0.976515849911104	0.450204855176696	0.506967855064341	2	2	2	2	8
70.1472595033963	22.4188698022986	1.34941021400542	1.19480450397334	0.509369840294354	0.850652517728076	2	2	2	2	8
11.932089452498	NaN	-0.9071352460753	-0.632222570014031	-0.588470071962706	-0.0670759917490783	1	1	2	1	9
23.0244247265889	NaN	-1.46229382350387	-1.22593763185317	-1.02039118038337	0.543962072414552	1	1	2	1	9
36.8644124618912	NaN	-1.29545929726098	-1.36272104774548	-1.24363033765077	1.13290534950113	1	1	2	1	9
48.4820892358739	NaN	-0.531012175233184	-0.968638589020814	-1.19700058435004	1.46337884255791	1	1	2	1	9
59.6907602439381	NaN	0.261127613944362	-0.256699869660287	-0.893282531453123	1.40274554908664	1	1	2	1	9
72.9324165801438	NaN	0.490394367153318	0.388277698569129	-0.41572136051166	0.97534091040588	1	1	2	1	9
9.32502675020072	NaN	0.00106061680922581	-0.71494780382455	-0.280106474025605	-0.733560446141827	2	2	1	2	10
25.1653570181447	NaN	-0.451600402890981	-0.185080182351466	-0.703992869126131	-1.00930320145744	2	2	1	2	10
35.8266104772283	NaN	-0.627849306743869	0.291809478604428	-0.514935658972704	-0.652966347526447	2	2	1	2	10
48.4588620407462	NaN	-0.468536879261064	0.580959811784093	0.169630715115871	0.109872877868621	2	2	1	2	10
60.8634648911081	NaN	-0.0271284464511855	0.600661571982687	0.924482218459875	0.796302972764195	2	2	1	2	10
73.206331238137	NaN	0.548239112874604	0.345347357851122	1.28073663015949	0.971782847656986	2	2	1	2	10
10.7623895344894	NaN	-0.016971828878166	-0.60342059969802	-0.439702975281645	-0.685276859426646	1	1	1	2	11
23.2813758291295	NaN	-0.783072033879894	-1.22110362687142	0.250584752362573	-0.408356550120792	1	1	1	2	11
35.8382115545116	NaN	-0.812340062446517	-1.46730454120975	0.682635365880131	0.335734718068832	1	1	1	2	11
48.9818710593781	NaN	-0.0800785384606517	-1.22069228312568	0.64291439964834	1.0649293740478	1	1	1	2	11
58.8541344739301	NaN	0.795804904394766	-0.602800627832749	0.151053339037091	1.30681077796216	1	1	1	2	11
73.0692179751008	NaN	1.0762094833681	0.0818652629057516	-0.549852943611851	0.904673447752417	1	1	1	2	11
11.279849168359	NaN	-0.930186564826275	-0.509878788463553	-0.577300241008562	-0.591643793170761	2	1	1	2	12
23.904039580714	NaN	-0.978102952014571	-0.987144983496261	-0.297088950560734	0.0752099327441196	2	1	1	2	12
36.0543781223036	NaN	-0.718566167047706	-0.891025036563508	0.55066519818489	0.794170293657493	2	1	1	2	12
46.6418735161426	NaN	-0.232963637851997	-0.278721447284781	1.28761947927229	1.15996191677612	2	1	1	2	12
59.6653007635206	NaN	0.326425871501413	0.485374240748757	1.32408928109858	0.96638937814684	2	1	1	2	12
71.205977195707	NaN	0.784184940391201	0.946536606864865	0.630892765010993	0.322568822442576	2	1	1	2	12
11.7575578029977	NaN	-0.640134239290742	-0.433888206029059	-0.740530510004619	-0.0792331172027004	2	1	2	2	13
25.9743989932926	NaN	-0.225953356439222	0.295902627318487	0.0224478703392016	0.441218315855661	2	1	2	2	13
34.6760395289801	NaN	0.307443655472994	1.06520424822697	0.765224867031072	0.860610109390316	2	1	2	2	13
46.9823708783516	NaN	0.804873089785179	1.3516740188877	0.979421448008505	1.06389623850021	2	1	2	2	13
60.5793659379983	NaN	1.12161545670871	0.96080386653376	0.518434997690536	0.995311994785831	2	1	2	2	13
73.3514518746051	NaN	1.16551940657727	0.157987936806143	-0.302221420849625	0.673671157467028	2	1	2	2	13
12.2368428081139	NaN	-0.677460813247526	-0.545297563778271	-1.17872833731087	-0.627811311676353	1	2	1	2	14
24.1917795903261	NaN	-0.00874265312984964	-0.51817707454283	-1.19914267533125	-0.477444318238336	1	2	1	2	14
36.9704794970772	NaN	0.645284055394092	0.073986729876116	-0.694774657594774	0.0670646442352167	1	2	1	2	14
49.0311262861828	NaN	0.957352267486142	0.86126678818588	0.0519664956039211	0.750674121150727	1	2	1	2	14
59.0335035629902	NaN	0.771306828886945	1.35184614667947	0.622960325748877	1.25318964853745	1	2	1	2	14
70.5576724242328	NaN	0.180242624105718	1.23925794759875	0.698492027987943	1.33923899215636	1	2	1	2	14
12.8431638796801	NaN	-0.496940033990043	-0.94141448028316	-1.38096288738208	0.106198757955754	2	2	2	1	15
22.8943247146052	NaN	0.265760445743193	-1.41926705242684	-0.960697831081129	-0.599209801304283	2	2	2	1	15
36.0787007971229	NaN	0.645361421236902	-1.32184949987892	-0.109348798220732	-0.831053104890271	2	2	2	1	15
47.8653641952797	NaN	0.405680080446659	-0.707313062140698	0.537953311497581	-0.445340365016124	2	2	2	1	15
60.2547686090091	NaN	-0.304156949677243	0.0575084137190346	0.498302480147433	0.318374027854559	2	2	2	1	15
73.6161088280155	NaN	-1.04249825965178	0.516071772435045	-0.198720630031249	0.98577041310567	2	2	2	1	15
12.9482252232924	NaN	0.352300693309803	-1.13599038849607	-0.870253263666463	-0.0701772918441188	1	1	2	1	16
24.9919586977719	NaN	1.11459362002626	-1.01734779130513	-0.0190185398011902	-0.539435758588008	1	1	2	1	16
36.3330459843045	NaN	1.37445116917489	-0.497011364204498	0.552679117851514	-0.448420841002883	1	1	2	1	16
48.4468320700827	NaN	0.954105211175082	0.18381849339869	0.429750741057778	0.14993407925173	1	1	2	1	16
59.052428446369	NaN	0.141113736838389	0.709545130896632	-0.298549826989335	0.907631660618384	1	1	2	1	16
72.0173291103749	NaN	-0.508357099604458	0.836469532923351	-1.10342991535944	1.38400243570488	1	1	2	1	16
