age	diseaseAge	x1	x2	x3	x4	z1	z2	z3	z4	id
9.62283595531645	-38.1804420246958	-1.45967308472284	-0.223230944191327	-0.604001525293003	-0.764749068467527	1	2	2	2	1
23.443663306648	-24.3596146733642	-1.33337755947352	-0.932117404626228	-0.256449848941085	-1.20335493662879	1	2	2	2	1
36.4727507588736	-11.3305272211386	-0.814733503977974	-1.20135205189267	0.324734268317498	-1.45472788913529	1	2	2	2	1
47.8032779800122	0	-0.139923351842746	-0.868736796989586	0.917851310251842	-1.4531507767186	1	2	2	2	1
58.9743544275639	11.1710764475517	0.383754852608831	-0.134652828837634	1.29664980618275	-1.19903590838438	1	2	2	2	1
72.1621122715239	24.3588342915116	0.517826202658886	0.558657303138467	1.31663261518178	-0.758817260290902	1	2	2	2	1
11.5552613433883	-36.9937821377892	-0.626932235347859	-1.00451482822964	-0.19397796993963	-0.517801516105598	2	2	2	2	2
21.8954360001169	-26.6536074810606	0.138214585525375	-0.354893859326002	0.396502311584494	-0.446705103655454	2	2	2	2	2
35.1861644197548	-13.3628790614227	0.749245242499758	0.292143973412845	0.872360023090326	0.11070569764728	2	2	2	2	2
48.5490434811775	0	0.841839088775975	0.627769937649959	1.06747977972649	0.849603028022914	2	2	2	2	2
60.4364810227692	11.8874375415917	0.360788010685841	0.491791018649297	0.913747957016538	1.36591059169654	2	2	2	2	2
74.0462876427819	25.4972441616044	-0.407086311200447	-0.050890555226751	0.464830220717071	1.37727840683273	2	2	2	2	2
11.2006151478192	-46.4740998804921	-1.08449633941935	-0.904072438475942	-0.770293284347819	-1.42765250998726	2	2	1	2	3
23.9780855590363	-33.696629469275	-1.41712562442434	-1.18886520440704	-0.302151171819166	-1.32440836296016	2	2	1	2	3
34.0664554548079	-23.6082595735034	-1.41409546881151	-1.16060813669932	0.322753631879434	-0.889731102999842	2	2	1	2	3
47.3955779800338	-10.2791370482775	-1.076469076857	-0.828403528404513	0.858387244012584	-0.286069832731242	2	2	1	2	3
57.6747150283113	0	-0.522710933403633	-0.299262613990014	1.09386311588243	0.260973051130621	2	2	1	2	3
72.677770582496	15.0030555541847	0.0528793607029578	0.25636536819871	0.936471057546849	0.546954772837987	2	2	1	2	3
11.2945244553795	-38.8121142463967	-0.503382412577657	-0.603051101677818	-0.922221123968887	-0.796676468728158	2	1	2	1	4
24.5309287947146	-25.5757099070616	-0.194454191444566	0.114110936999888	-0.306100107406262	-0.273909892090378	2	1	2	1	4
34.9992664630014	-15.1073722387748	0.633725179568423	0.6189959013888	0.247888799607742	0.318043933479721	2	1	2	1	4
50.1066387017762	0	1.35552549239422	0.651095933117618	0.524191669776329	0.769423731637844	2	1	2	1	4
59.1732684363675	9.06662973459122	1.42567829951795	0.193848228559487	0.415300630587696	0.92028121167653	2	1	2	1	4
71.0632870728067	20.9566483710304	0.791188178868641	-0.5168189738525	-0.0364154350304239	0.717159404163202	2	1	2	1	4
10.4321284236403	-38.6737223479532	-1.0870025051104	-0.490391378759989	-0.86205496721689	-0.32043537872007	2	2	2	1	5
22.2629792967498	-26.8428714748437	-0.735969526527325	0.0955648335673386	-0.902990985246196	-1.00563501514864	2	2	2	1	5
34.2419251203969	-14.8639256511966	0.00911447808596393	0.61587395940772	-0.577233465547075	-0.87271133657286	2	2	2	1	5
49.1058507715934	0	0.694333857617915	0.889747301903661	-0.00793939989303356	-0.037077690904566	2	2	2	1	5
61.4111338425651	12.3052830709717	0.902243332222624	0.822023730421755	0.589661968120202	0.775712147632597	2	2	2	1	5
71.5144026347844	22.408551863191	0.506181526869716	0.436234748882821	0.989639440243639	0.85993894662352	2	2	2	1	5
13.6236493410241	-33.8286469475038	-0.471986656712726	-0.392627170435988	-0.77640475858849	0.269472424297559	2	2	2	1	6
25.9554775794923	-21.4968187090356	0.257158777005563	-0.937799535912724	-0.140861354651923	-0.319460328869856	2	2	2	1	6
37.6541973508194	-9.79809893770852	0.998869207100815	-0.792742657417585	0.570631879969002	-0.64019794247959	2	2	2	1	6
47.4522962885279	0	1.27466941085243	-0.0611760640245534	0.977876780398282	-0.562191356322531	2	2	2	1	6
60.6663880240167	13.2140917354888	0.906641485852733	0.733810658028488	0.863255305782978	-0.117191403730363	2	2	2	1	6
72.4371308560188	24.9848345674909	0.132199166945682	1.02378084247085	0.288017334805831	0.513674653825498	2	2	2	1	6
12.6016751877782	-36.5581047514767	-1.14792810835691	0.280331281875148	-1.09052606327717	-1.01493759961913	2	2	2	1	7
22.99058966335	-26.169190275905	-1.09869671439353	1.04474531664863	-0.459169866952344	-0.70137275088195	2	2	2	1	7
35.739220423736	-13.4205595155189	-0.788875679964057	1.3246675130503	0.172035171276978	-0.0584460661557765	2	2	2	1	7
49.1597799392549	0	-0.304745627607634	0.930999547768191	0.519746753638307	0.602511195964854	2	2	2	1	7
58.6502653431316	9.4904854038767	0.218870310398301	0.129679431911869	0.427880259855574	0.961436637726366	2	2	2	1	7
71.818853113276	22.6590731740211	0.636152760666914	-0.537969951616061	-0.0623262624318681	0.844523957135234	2	2	2	1	7
12.5725539817576	-35.7398002649073	-0.0335153304116679	-0.556121959050061	-0.606675579985976	-0.616087767275023	2	2	2	1	8
24.3221587051539	-23.990195541511	-0.80329494915739	-0.182202809159932	-0.932297022120863	-1.07301111386331	2	2	2	1	8
34.8561427154633	-13.4562115312017	-0.997989256030834	0.420562787451154	-0.942986871580706	-1.06704873304444	2	2	2	1	8
48.3123542466649	0	-0.474514924083523	1.0130342362374	-0.635209770979192	-0.601138798394161	2	2	2	1	8
59.1129615953189	10.8006073486539	0.382420089939612	1.36015503213159	-0.110754061680503	0.0951251266679027	2	2	2	1	8
72.134718337056	23.822364090391	0.94304332502474	1.32420883236955	0.45693175522753	0.678634420181312	2	2	2	1	8
11.0488162458869	NaN	-0.802037170361251	-0.972817636867846	-0.343331405144102	-0.0316800128192726	2	1	1	1	9
23.571528295678	NaN	-0.820903771588531	-1.14909969109003	0.514391086143988	0.614152005920026	2	1	1	1	9
36.6943179788259	NaN	-0.261921604831961	-0.659648560572907	1.24207694980723	1.0521828034251	2	1	1	1	9
50.1192187926889	NaN	0.526859711598676	0.162380869348142	1.25140939486623	1.094256441465	2	1	1	1	9
60.5042280098236	NaN	1.05430637694811	0.757457517034166	0.534843360459889	0.722300207149968	2	1	1	1	9
72.1162179828651	NaN	0.992004317438582	0.720530336600076	-0.328294481096692	0.0960877388794318	2	1	1	1	9
10.9305940005562	NaN	-1.21032219517892	-0.295786702101664	-0.346332116067061	-0.9581827270612	1	2	1	1	10
25.4542244048785	NaN	-0.656560445354363	0.398735526872577	0.156956788021484	-0.273905051724348	1	2	1	1	10
34.8302335554255	NaN	0.274662621079594	0.908617327945115	0.597922515042559	0.553889590212941	1	2	1	1	10
49.152697140422	NaN	0.774828577586407	0.987568584679475	0.864864819575833	0.923510533521373	1	2	1	1	10
59.2185308860549	NaN	0.409676926613511	0.597453175776546	0.890165020389848	0.566295165525112	1	2	1	1	10
71.9303621085856	NaN	-0.503755685160662	-0.07328999139287	0.667414368534431	-0.258111015350303	1	2	1	1	10
11.2201013039291	NaN	-0.280887440389267	-0.339985941738041	-0.900448791035151	-0.813923061244514	1	1	1	1	11
24.1737817473644	NaN	0.542529012639146	-0.881011923885785	-1.33369878046096	-1.26259165089965	1	1	1	1	11
36.7264616277644	NaN	1.32598392211069	-1.13274198204851	-1.22991123248743	-1.38491540020751	1	1	1	1	11
48.3278427564465	NaN	1.43342707134608	-0.997221689978511	-0.646482039347538	-1.135097515338	1	1	1	1	11
60.6486674443373	NaN	0.777630417575154	-0.52718536375836	0.0939447077468497	-0.606667325086022	1	1	1	1	11
72.718472376005	NaN	-0.10899556007202	0.0944641721081061	0.581903185463248	0.00253616860890504	1	1	1	1	11
10.8506150905075	NaN	-1.25763040394437	-0.0785776445668561	-0.813246829153863	-0.19900342042636	1	2	2	2	12
23.6066211526118	NaN	-0.946673108873026	-0.641864208346555	-0.0825531100594407	0.578951939487711	1	2	2	2	12
36.8869655862942	NaN	-0.402788162375546	-0.7838228791015	0.688849647658494	1.09230483067849	1	2	2	2	12
46.0119764160947	NaN	0.181611457232433	-0.433717127510905	0.974433774017863	1.02955254770528	1	2	2	2	12
57.7919231427099	NaN	0.599779687094363	0.233998991374836	0.579271336584638	0.428773196787367	1	2	2	2	12
73.5225264414696	NaN	0.703778999130331	0.886609479509671	-0.226916101729382	-0.34548011173876	1	2	2	2	12
10.688324587412	NaN	-1.29625996140571	-0.714795201517998	-0.374496365645132	-0.581036270737514	1	2	1	2	13
24.0917649165834	NaN	-1.13914743673965	-0.945176795188786	0.430723894308229	0.00728605383565945	1	2	1	2	13
36.6272746215961	NaN	-0.317519478063546	-0.834121446593332	0.70154107122406	0.832376928670921	1	2	1	2	13
49.3213415202454	NaN	0.484430543880932	-0.419764394280905	0.237339739206231	1.32951186546571	1	2	1	2	13
59.8899085312089	NaN	0.598895645547793	0.155608508483857	-0.618009934480163	1.1584322559124	1	2	1	2	13
69.6688061954234	NaN	-0.0694425746761775	0.694420259069155	-1.23088366857307	0.436231680743285	1	2	1	2	13
12.0996790045944	NaN	-1.31961722702816	0.386281434738345	-0.730590532353041	-0.747331648266361	2	1	1	2	14
25.0352048931621	NaN	-1.14334017603878	-0.194696069933422	-0.611139985725611	-0.834775450748957	2	1	1	2	14
35.7134663949978	NaN	-0.577079345054449	-0.51225516809988	-0.115784097192484	-0.291235775379732	2	1	1	2	14
47.9915083290565	NaN	0.109635372228526	-0.439894383227801	0.541187122744268	0.52296334160037	2	1	1	2	14
59.3805585641777	NaN	0.589940215116653	-0.00643904635721548	1.07556918014656	1.06807195105508	2	1	1	2	14
72.7426696455249	NaN	0.635218782541861	0.615441438794798	1.25618941845841	0.98272593689667	2	1	1	2	14
12.8729154052219	NaN	-0.878501536255728	-0.704025648196535	-0.51771812548689	-0.537209495697232	1	1	2	1	15
24.2213458109071	NaN	-0.5096698726711	-0.38014005580161	0.324700362415392	-0.305361349933214	1	1	2	1	15
36.616323443634	NaN	0.133286294841978	0.194149010905884	0.840274528648181	0.285643530507612	1	1	2	1	15
47.2939987463263	NaN	0.758358847867581	0.797309473834349	0.662456020173331	0.959473544266496	1	1	2	1	15
59.7270045624279	NaN	1.08166177783308	1.19667211025019	-0.0823347841577368	1.40107118013186	1	1	2	1	15
71.3126319789724	NaN	0.956362244448998	1.23818273405413	-0.864587562522097	1.4039620316929	1	1	2	1	15
11.6841320677082	NaN	-0.162889833034627	0.239728452458297	-0.612297829824064	-0.372410085386276	1	2	2	1	16
25.3952463280075	NaN	0.519094058119081	1.03884079776645	-0.133877727456057	-0.730439211842082	1	2	2	1	16
35.7910504748586	NaN	0.982642409051672	1.25843115660097	0.774917724184252	-0.636960550760067	1	2	2	1	16
46.3875539187925	NaN	1.00852522682878	0.731285180857485	1.35960608057252	-0.13511501329178	1	2	2	1	16
58.9321702109	NaN	0.584501523111251	-0.141184375472313	1.13477877191835	0.543492952091637	1	2	2	1	16
71.6282055453416	NaN	-0.0888914477174566	-0.694606686287926	0.287087543807684	1.08568207383074	1	2	2	1	16
