age	diseaseAge	x1	x2	x3	x4	z1	z2	z3	z4	id
12.2958129525981	-35.2657985884968	-1.36273419259609	-0.489603747397533	-0.339593775150768	-0.773927165490513	2	1	1	2	1
24.0277034069353	-23.5339081341596	-1.19943829139826	0.0574673301935397	0.155374986607187	-0.00325981606915587	2	1	1	2	1
35.3204726001375	-12.2411389409573	-0.76997960097269	0.534386785367705	0.586011907971846	0.580346381317405	2	1	1	2	1
47.5616115410948	0	-0.210977648156102	0.79817734854148	0.8467880739568	0.628127130239314	2	1	1	2	1
59.3789901171077	11.8173785760129	0.299737698900695	0.769756369478459	0.873799475208873	0.111528554203715	2	1	1	2	1
72.5202682222913	24.9586566811964	0.599697521489817	0.457644268013132	0.660426883963386	-0.660728946432879	2	1	1	2	1
11.8370331100956	-47.8690917792112	-1.16587226114634	0.22762976085343	-0.0349263425801967	-0.785544887931182	1	2	2	1	2
24.1936134505327	-35.5125114387741	-0.906611240687753	-0.347059898718152	0.492373661687151	-0.572453308690971	1	2	2	1	2
35.7428143936877	-23.9633104956191	-0.402586411080967	-0.673135165351321	0.990096116270239	-0.0285776127615835	1	2	2	1	2
46.1988581157355	-13.5072667735713	0.176405668588121	-0.625059326629919	1.31591711944557	0.617455827830835	1	2	2	1	2
59.7061248893068	0	0.635313371711151	-0.221341246479906	1.3766680467953	1.09407708849567	1	2	2	1	2
69.7384678719479	10.0323429826411	0.819539257147979	0.382590418861471	1.15497715040226	1.20093121593772	1	2	2	1	2
11.5930376557159	-35.1945517033172	-1.40267094095621	0.425842720022449	-0.655439246908829	-0.619559920209792	1	1	1	2	3
24.1448722496805	-22.6427171093527	-1.16416907982437	-0.301739863921409	0.0707959159077909	0.153467017515434	1	1	1	2	3
35.5093776533059	-11.2782117057273	-0.555173997136509	-0.500861964030155	0.825695129397544	0.71980344285568	1	1	1	2	3
46.7875893590332	0	0.128008362739764	-0.0375029587370608	1.1128442665873	0.740342320896426	1	1	1	2	3
62.3186228373226	15.5310334782895	0.552976310409897	0.776469901341258	0.743416944163999	0.202785523314594	1	1	1	2	3
70.3035298655282	23.515940506495	0.512962118777317	1.39320608335804	-0.0396551478352006	-0.570992382813184	1	1	1	2	3
13.3963409191669	-33.8524872730773	-1.3410346833438	-0.930555517716399	-0.499527293512963	-0.580739885787786	2	2	1	2	4
24.0413543375447	-23.2074738546994	-1.12296107607617	-0.961820947215945	0.375403744078182	-1.18194567995962	2	2	1	2	4
35.4052250060291	-11.843603186215	-0.528538475241781	-0.412546226427727	1.14302051218809	-1.32919723225747	2	2	1	2	4
47.2488281922441	0	0.155910360048412	0.375833905042218	1.13008912790386	-0.942665602583015	2	2	1	2	4
59.4702784177966	12.2214502255525	0.600698640100547	0.913254358247622	0.347950987628992	-0.231899755479435	2	2	1	2	4
71.5300984140861	24.281270221842	0.591579787839698	0.865649126590132	-0.517424139570532	0.417775445940096	2	2	1	2	4
11.6698715489969	-48.5810302944889	-0.958560735405105	-1.2131736715486	-0.348460591309063	-0.927503545611678	2	1	2	1	5
23.3201349360686	-36.9307669074173	-0.975591115855658	-0.996454224558421	0.173477718145897	-0.656816330118795	2	1	2	1	5
36.8021946306726	-23.4487072128133	-0.297742665177158	-0.328830565819867	0.674442167638689	0.00269558994709626	2	1	2	1	5
46.627851414261	-13.6230504292248	0.555985150452135	0.402816004757811	1.01263128153308	0.699412197519904	2	1	2	1	5
60.2509018434858	0	0.93192958365908	0.774503543763452	1.09231827633597	1.06187772661362	2	1	2	1	5
71.3728010926356	11.1218992491498	0.542246117056655	0.570842802526216	0.890947193309152	0.896843000605219	2	1	2	1	5
12.2883416573276	-35.9308294682839	-0.604584597337051	-0.859944249036293	-0.750993769660513	-0.344463586973087	1	2	2	2	6
23.3519603375767	-24.8672107880349	-0.917635490281154	-1.04380914424253	-0.136869758259149	-0.754427891826347	1	2	2	2	6
34.7642930842501	-13.4548780413615	-0.902987592603192	-0.512408806599137	0.790008165862829	-0.752490986828341	1	2	2	2	6
48.2191711256116	0	-0.56562249800016	0.344211673322183	1.22208842818336	-0.339497205677531	1	2	2	2	6
59.3764322036431	11.1572610780315	-0.0202744752257598	0.897297307976213	0.782916819279577	0.304521613699368	1	2	2	2	6
72.2975385999411	24.0783674743296	0.547589432418086	0.740886111303182	-0.144874045456804	0.898825428707193	1	2	2	2	6
12.4119503619745	-34.5458416172935	-0.456513731731834	-0.68818825630994	-1.35699304471791	-1.02883899660914	2	1	2	1	7
25.2875507090343	-21.6702412702336	0.256785707771149	-0.336777818356454	-1.09217063829652	-1.34229019971766	2	1	2	1	7
34.9379685464478	-12.0198234328202	0.95736422948773	0.182556918937949	-0.467004896261409	-0.882526437381507	2	1	2	1	7
46.957791979268	0	1.23483390832688	0.714463813357712	0.211894256955284	-0.00657388234197381	2	1	2	1	7
59.0159207241689	12.0581287449009	0.926657352340791	1.09982992757493	0.61156357006089	0.605352942534595	2	1	2	1	7
70.7001034818764	23.7423115026084	0.213359561158246	1.22337806736064	0.535986899416066	0.478066755907661	2	1	2	1	7
14.0047368410481	-33.5062794823863	-0.759099704350265	-1.1211147542239	0.177883172467021	-1.10723700433139	1	2	1	1	8
23.8400771155854	-23.670939207849	-0.120228012122615	-1.30183878529957	-0.385415255920627	-1.01556435650704	1	2	1	1	8
36.4487673570561	-11.0622489663783	0.643986251374347	-1.19011266249651	-0.628992829357625	-0.706695314008874	1	2	1	1	8
47.5110163234345	0	1.07046105235568	-0.818682530270817	-0.449709180466307	-0.254626643122563	1	2	1	1	8
60.5241798282724	13.0131635048379	0.900770413147596	-0.296411960185369	0.0765199110264148	0.232338086735894	1	2	1	1	8
73.2916655850846	25.7806492616501	0.237739797853792	0.223625199817057	0.726868258556971	0.63753514321812	1	2	1	1	8
11.6876537734935	NaN	-0.553827631265868	-1.06226836801593	-0.775193567582279	-0.719656346991633	2	1	2	1	9
23.7065476445035	NaN	0.0597595329719069	-0.951258529850858	0.00937722271806302	-0.351735915204523	2	1	2	1	9
37.6755217609982	NaN	0.540643732919229	-0.150957474389432	0.691873707182563	0.188818178096304	2	1	2	1	9
48.895173916169	NaN	0.707373405674984	0.672180516457624	0.821697299541804	0.730166804632683	2	1	2	1	9
60.7676080891464	NaN	0.497036607559513	0.83268360073814	0.313135723596458	1.10021825844685	2	1	2	1	9
70.8818351049431	NaN	-0.0110004839610703	0.196892117442481	-0.498047932684281	1.18133524841554	2	1	2	1	9
13.1825774882332	NaN	-0.0834278000610552	-0.431315281717744	-0.09518104982661	-0.27139764763999	2	2	2	1	10
22.6033111924117	NaN	0.738743239680428	0.206145220449336	-0.574423563081217	0.233355475923776	2	2	2	1	10
35.4865973097193	NaN	1.3764657486306	0.658155564743925	-0.607271079222222	0.745822151644649	2	2	2	1	10
48.4690337865196	NaN	1.38738237775635	0.737556343046058	-0.177784135922569	1.12341521595095	2	2	2	1	10
59.629531408375	NaN	0.763920787909108	0.411470868220435	0.505626045606969	1.26107432721552	2	2	2	1	10
72.5558831460366	NaN	-0.0614537836987639	-0.185081904447471	1.11133040715525	1.12049763451818	2	2	2	1	10
11.6237143105782	NaN	-0.397907543484748	-0.71305945981868	-0.482500491200341	-0.458431358925198	1	2	1	2	11
23.6357625405987	NaN	0.393587382292362	-0.898617564748761	-0.490722244857261	-0.429338756785531	1	2	1	2	11
35.9008716759396	NaN	1.06467797758906	-0.773339654944636	0.194583444059004	0.226465603601257	1	2	1	2	11
47.8220648437114	NaN	1.17050472509537	-0.376228371013034	1.04705486957548	1.04870768398278	1	2	1	2	11
60.9082576356001	NaN	0.64091608917052	0.169084046435725	1.41193559075607	1.46029970388892	1	2	1	2	11
71.4254721403135	NaN	-0.173028704200926	0.692826052925881	1.00897222289448	1.17236721758875	1	2	1	2	11
12.7023119889717	NaN	-0.676043633094849	-0.761917390117965	-1.13640213246405	-1.04432729971008	2	1	2	2	12
25.645242536425	NaN	-0.442326165848501	-0.702974706147099	-0.911189406366377	-0.732616598044968	2	1	2	2	12
37.0667577111231	NaN	0.0800757935903535	-0.259420278182705	-0.257027187746866	-0.258662397349694	2	1	2	2	12
47.1857549633054	NaN	0.693586252013287	0.381784509586781	0.46259834650103	0.25208054198073	2	1	2	2	12
60.0129024097183	NaN	1.16617135890245	0.950367223584707	0.847826234075516	0.664419551576352	2	1	2	2	12
72.1466649330813	NaN	1.31909619532791	1.20666615707865	0.684604045622468	0.869209292975253	2	1	2	2	12
14.6527767396452	NaN	-0.609089181160099	-0.538172868336504	-0.714758206116763	-0.749858905111367	1	1	1	2	13
21.495422934914	NaN	-1.06090686527644	-1.00693580818213	-0.116997579169823	-0.598546751881692	1	1	1	2	13
35.5520882180201	NaN	-1.1090990217041	-0.884160370514589	0.346804323315468	-0.166920996771907	1	1	1	2	13
48.4472328773636	NaN	-0.732448252476947	-0.244672640056242	0.509925726455974	0.402403317788755	1	1	1	2	13
60.1392888747784	NaN	-0.0967813198178478	0.52178849073009	0.31372976458279	0.921313665344567	1	1	1	2	13
70.7844139976607	NaN	0.518038842470402	0.948099575997589	-0.17125746309422	1.21835498243478	1	1	1	2	13
11.882825660983	NaN	-1.2714571190599	-0.5212041832792	-1.20614792034539	-1.11263307978588	2	2	2	2	14
24.078285234343	NaN	-0.885613412532158	-0.826261692121365	-0.810466938466863	-0.423873350218491	2	2	2	2	14
34.9943518146454	NaN	-0.181110625714495	-0.321092109051794	-0.227995085459812	0.34469136345862	2	2	2	2	14
48.6811165845121	NaN	0.466316413988013	0.581812878898033	0.331688979366103	0.69929081441401	2	2	2	2	14
58.1547123837526	NaN	0.711373278261117	1.14519431119155	0.667205849714017	0.412109887916697	2	2	2	2	14
72.6367097594677	NaN	0.423362970123434	0.909028138009907	0.65783351043372	-0.332349845198215	2	2	2	2	14
15.1543210918072	NaN	-0.331445826289208	-0.340422573483411	-1.35418387269219	-0.870317412754815	1	1	2	1	15
25.4801680899496	NaN	-1.00961941956393	-0.897514589589852	-1.13440982348016	-1.11948097626552	1	1	2	1	15
36.7251048240118	NaN	-0.954488227051823	-0.871838043853608	-0.666006454033051	-0.951652459940471	1	1	2	1	15
46.3315730751269	NaN	-0.209958085639964	-0.279469552701856	-0.0994217497477408	-0.436970170253185	1	1	2	1	15
58.4862970620707	NaN	0.631035908280277	0.508696717897059	0.383361125127779	0.209471670663906	1	1	2	1	15
72.9799086930965	NaN	0.898735974447568	0.999173562015301	0.627275585579684	0.717514349927166	1	1	2	1	15
12.5860339567065	NaN	-0.896260769333206	-1.14352757590559	-1.08519790563818	-0.0184289177954338	2	1	1	2	16
23.910978018718	NaN	-1.40371778873305	-0.960143902139731	-1.32378216942529	0.570510481865165	2	1	1	2	16
36.4410234084601	NaN	-1.13176237074307	-0.33692014141844	-0.814054037893252	1.04071993557028	2	1	1	2	16
47.6348689497583	NaN	-0.294720924919473	0.387156534116772	0.0567241047366663	1.22871175950497	2	1	1	2	16
60.1333434505009	NaN	0.447739280260278	0.818242500196459	0.626984652554476	1.06912285297219	2	1	1	2	16
72.215694361691	NaN	0.510489876364867	0.721859192617429	0.463476141271773	0.617440872559908	2	1	1	2	16
