age	diseaseAge	x1	x2	x3	x4	z1	z2	z3	z4	id
10.7703089033039	-36.3505643803523	-0.83665849806674	-0.475509085776282	0.1762019106536	-0.979796145008027	1	1	1	1	1
22.4113142814531	-24.7095590022031	-0.634876646195871	0.0514366978572316	-0.632696519306838	-0.85887739680982	1	1	1	1	1
34.0817986843021	-13.0390745993541	0.113615820301295	0.634444094305548	-0.736770516884918	-0.103845612414959	1	1	1	1	1
47.1208732836562	0	0.884564278387875	1.07163822578159	-0.0476186141745684	0.708726640362692	1	1	1	1	1
60.5676766846838	13.4468034010276	1.13798561351561	1.21163420008908	0.849386845803076	0.958326583118975	1	1	1	1	1
71.3364214063784	24.2155481227222	0.696379967685072	1.00595635400972	1.1923206826273	0.45434968383869	1	1	1	1	1
12.6138456977004	-34.1314601168024	-0.795383322958751	-0.943165386880769	-0.345683545541351	-1.15208796945098	2	1	1	1	2
23.6394380624803	-23.1058677520224	-0.155456321184577	-1.06142609129942	-1.13949449168614	-0.708471957312174	2	1	1	1	2
35.0088878556543	-11.7364179588485	0.613095762098996	-0.923512610797562	-1.25880380030398	-0.120156932212276	2	1	1	1	2
46.7453058145028	0	1.0394122978697	-0.564761933565318	-0.606000812107648	0.406099280160081	2	1	1	1	2
60.9849043263917	14.2395985118889	0.862306469304452	-0.0770952292985407	0.284836027551949	0.685348844745323	2	1	1	1	2
72.7152155250898	25.969909710587	0.190283820341736	0.41453472358919	0.684885369830722	0.619452107897278	2	1	1	1	2
11.4378260603359	-34.8537900781663	-0.438684652251218	-1.22612115623773	-1.22770166696707	-0.497528595485697	2	2	2	1	3
22.3355944185285	-23.9560217199737	0.217282890846774	-0.822087388347496	-0.876004161499003	-0.901492150170445	2	2	2	1	3
34.1878437778937	-12.1037723606085	0.649441637330761	-0.198791195409448	-0.281230131825685	-0.892354323048995	2	2	2	1	3
46.2916161385022	0	0.665249760850809	0.38757176457287	0.320285478201229	-0.474095064221476	2	2	2	1	3
59.1485854985194	12.8569693600173	0.25766418985398	0.695986632109522	0.689528940965411	0.171114202304549	2	2	2	1	3
71.8608855603472	25.569269421845	-0.391721457869747	0.599684543822445	0.679780445771877	0.762254734241309	2	2	2	1	3
12.3080644747153	-35.4882992519331	-0.624536676762664	-0.597939260081416	-0.888650850050206	-0.954521933691105	1	2	1	1	4
25.1910331430199	-22.6053305836286	-0.219079954339397	0.298557746804495	-0.823623651094745	-0.548631030925015	1	2	1	1	4
35.0861941737952	-12.7101695528532	0.314280843098847	0.794994040488056	-0.530361688759157	-0.0424002177019806	1	2	1	1	4
47.7963637266484	0	0.818989251420745	0.491221904955208	-0.0809992169139461	0.432004541684749	1	2	1	1	4
59.9558516142597	12.1594878876112	1.14689909227248	-0.367906041706333	0.413933144084239	0.75072638026483	1	2	1	1	4
71.779243367189	23.9828796405406	1.20175956228758	-1.08989795312162	0.832695853612275	0.830553889256049	1	2	1	1	4
11.5199832573109	-35.786744892422	-0.304050299281049	-1.11276463287696	-1.35291162605047	-0.880863485122889	1	1	1	1	5
24.5441604667562	-22.7625676829767	0.223353539700203	-0.778687927662681	-1.49514918566107	-0.061121982483566	1	1	1	1	5
36.7886305909602	-10.5180975587727	0.666254797743791	-0.305016470923802	-1.348431890861	0.6288735223053	1	1	1	1	5
47.306728149733	0	0.901250530066779	0.189106322113608	-0.955154812908655	0.693762929268216	1	1	1	1	5
60.9557419221716	13.6490137724386	0.862865272661284	0.57939287560777	-0.428958335964646	0.0869609738673554	1	1	1	1	5
69.4985616158864	22.1918334661534	0.561794081624037	0.767673725812128	0.0781090908338012	-0.755898379318523	1	1	1	1	5
12.3071484723407	-35.8844384863436	-0.15821256470102	-0.355039899252574	-1.39371122335197	-0.65439936846584	1	2	2	2	6
23.9002676270624	-24.2913193316219	0.44481519101937	-0.552160756037526	-1.48100492294734	-1.14289725822065	1	2	2	2	6
37.9427544416968	-10.2488325169874	1.00275320878686	-0.411651293694119	-1.3174218533551	-0.897191105463886	1	2	2	2	6
48.1915869586842	0	1.30500399639749	0.0189867077762931	-0.944128401038932	-0.0999167720359774	1	2	2	2	6
58.6530803215959	10.4614933629117	1.23748094232733	0.594168237479037	-0.455065476636613	0.656303687730497	1	2	2	2	6
71.20115989661	23.0095729379258	0.825671081695494	1.11944271515351	0.0266921212116503	0.809363977915682	1	2	2	2	6
11.3460512218888	-36.6995923078773	-0.187610302404945	-0.81820324724184	-0.590606166924118	-0.299890277388268	1	2	2	2	7
24.6166778192149	-23.4289657105512	-0.610650547432444	-0.0398318206375009	-0.265061067143047	-0.859724158685229	1	2	2	2	7
35.1193372022507	-12.9263063275153	-0.51541037996593	0.569580760731528	0.369991240545207	-1.21224539232345	1	2	2	2	7
48.045643529766	0	0.047250691354764	0.634988900463131	1.01830335322666	-1.23383929428174	1	2	2	2	7
61.3257899510636	13.2801464212976	0.776864215251509	0.116139024008381	1.3774422628886	-0.916933772122419	1	2	2	2	7
70.645435644053	22.599792114287	1.28380692341776	-0.66765750666348	1.27987221226404	-0.3726545460808	1	2	2	2	7
13.6148291450291	-34.5321302109023	-1.23888731657606	-1.27184526578739	-0.760337391252398	-0.538142619111691	2	2	2	2	8
24.5335129853468	-23.6134463705845	-1.33680585100744	-1.30661135139927	-0.862948913511259	-0.00360133938895102	2	2	2	2	8
36.2963511736398	-11.8506081822916	-0.9456369300332	-0.772425057815596	-0.703186183659315	0.736457275299703	2	2	2	2	8
48.1469593559314	0	-0.261564422363029	0.00652007505924801	-0.323036702009305	1.27670020143514	2	2	2	2	8
59.9478522919858	11.8008929360544	0.372327178740082	0.557488256263903	0.177591833977293	1.32123425658691	2	2	2	2	8
73.0848677258851	24.9379083699537	0.638120728076394	0.546101147782395	0.667128432550504	0.845667963018038	2	2	2	2	8
12.6082327420558	NaN	-0.529487243273136	-1.05711101365798	-1.07469542232157	-0.506663891576044	2	2	1	1	9
24.1602334760576	NaN	-0.0986922675598734	-0.952032726187334	-1.12740403420142	0.239736758875313	2	2	1	1	9
35.2271352416399	NaN	0.408685113237359	-0.366596397543992	-0.706101836009772	1.07836968742601	2	2	1	1	9
47.757599606877	NaN	0.861768693088244	0.374568051406544	-0.018819811088891	1.34298073137742	2	2	1	1	9
59.323290890893	NaN	1.14368716044092	0.860478000284872	0.595075295997679	0.823348942413921	2	2	1	1	9
72.4526213905338	NaN	1.1817206408717	0.821691836853377	0.832453799849769	-0.0677028213568882	2	2	1	1	9
12.749087783679	NaN	-0.133402659690312	-0.531851778991146	-1.40904173936998	-0.486152078282566	1	1	1	1	10
24.729200029771	NaN	0.751926725592056	-1.03068885164005	-1.31970487590724	-1.03646375324451	1	1	1	1	10
37.6772803567464	NaN	1.37066721209734	-1.34853808507922	-0.485968790968173	-1.29507166495609	1	1	1	1	10
47.5788717607533	NaN	1.23075465287174	-1.39257438187922	0.346722958744852	-1.15949100076234	1	1	1	1	10
59.5569399095884	NaN	0.443456947147636	-1.14993732549393	0.433860556809352	-0.683451590031473	1	1	1	1	10
71.9722192404091	NaN	-0.365113694196534	-0.691486952788186	-0.302465736075992	-0.0556050849972916	1	1	1	1	10
13.1979252674618	NaN	-0.400986726968339	-0.176770107355593	-0.0621688925536223	-0.581717445113374	2	1	1	2	11
24.2019537894455	NaN	0.380650604220108	0.68726451419973	-0.464734191476847	-0.0779883006198897	2	1	1	2	11
35.9774153949404	NaN	0.915324961395974	0.970324302198797	-0.613611988684701	0.362375878600646	2	1	1	2	11
47.9327916868753	NaN	0.876304925922765	0.439182761497389	-0.464427412739119	0.627635193312215	2	1	1	2	11
60.7186355332545	NaN	0.287435051731865	-0.468527193533423	-0.0616467742806648	0.650481605086827	2	1	1	2	11
72.412816701262	NaN	-0.491435181199888	-1.00489992459771	0.474676168611593	0.425117967221681	2	1	1	2	11
10.6092720614629	NaN	-1.13920681310365	-0.58744157295	-0.569478498090357	-1.06115317320883	2	2	2	1	12
24.9586613234916	NaN	-1.10536387650358	-1.12854058341978	-0.807585845288176	-1.13924922195972	2	2	2	1	12
37.468439185271	NaN	-0.438286733518706	-1.18151880498928	-0.391746463455087	-0.474343429585028	2	2	2	1	12
48.3954280360292	NaN	0.3868360565264	-0.717672184841122	0.4041300706636	0.402485008440011	2	2	2	1	12
60.1311429148675	NaN	0.782233028231242	0.0116832175297908	1.0558072029421	0.790888243177216	2	2	2	1	12
72.3198583536473	NaN	0.466245426950137	0.61137641729097	1.13403119918588	0.380637547805728	2	2	2	1	12
11.5119290709863	NaN	-0.455516925503356	0.183652469634935	-1.07744769638708	-0.421375601963083	2	2	2	1	13
22.3021795934886	NaN	-1.04591062587679	0.928574715586159	-0.383662268094399	-0.667962014084577	2	2	2	1	13
38.0155170152134	NaN	-1.3789586774243	1.32684079251597	0.403493983051653	-0.584583349592592	2	2	2	1	13
49.4432385044649	NaN	-1.32083809725903	1.14446490272762	0.755067129114138	-0.199056201737461	2	2	2	1	13
59.3919608938978	NaN	-0.894902480661565	0.488594931830005	0.434806748024825	0.360000772367665	2	2	2	1	13
71.6659177507826	NaN	-0.272298226675462	-0.255438138666065	-0.34207831661867	0.906076304556107	2	2	2	1	13
12.1648501221094	NaN	-0.263101701916344	-1.20347958525272	-0.853861902651193	0.10434439907411	1	2	2	1	14
22.7413834784928	NaN	-0.757543063372853	-1.29941652328306	-1.09266898952917	0.935582911735409	1	2	2	1	14
37.0959637181177	NaN	-0.970254739851676	-0.856120169237414	-0.584433367612073	1.44990246206949	1	2	2	1	14
47.802191314421	NaN	-0.824949535600974	-0.120524511446385	0.285438076956346	1.29116800149133	1	2	2	1	14
60.2807934582161	NaN	-0.373739900411616	0.497613934117646	0.857301607415008	0.569293502342443	1	2	2	1	14
71.724344261442	NaN	0.22155174799767	0.653967066601675	0.697499815528961	-0.215866791727114	1	2	2	1	14
10.9384736011017	NaN	0.162748630816091	-0.919013494318101	-0.664092790138258	-0.308354909141097	1	1	2	1	15
23.3440031429198	NaN	-0.626699651759211	-0.212735287313984	-1.06793769435567	-1.08612686332209	1	1	2	1	15
35.6434362992172	NaN	-0.649527634149013	0.475329736904553	-0.70915049380109	-1.28355652421756	1	1	2	1	15
46.745329572171	NaN	0.114344138253186	0.755122903531052	0.138533639445463	-0.753656602380381	1	1	2	1	15
59.2205799133995	NaN	0.993015349544304	0.468031657134164	0.828377693235653	0.109059976239909	1	1	2	1	15
71.4871661606201	NaN	1.2136082920106	-0.223194222575558	0.834068074217364	0.662296755896228	1	1	2	1	15
10.9853928997111	NaN	-0.721481401941024	-1.19569973177177	-1.1152956032856	-1.40779779856328	2	2	2	1	16
24.6943359527605	NaN	-0.464568019295038	-0.474448956322319	-0.782483471036594	-1.13461067225554	2	2	2	1	16
34.9256185238143	NaN	0.0399772324014395	0.291873808057985	-0.221706953537087	-0.426068053822029	2	2	2	1	16
46.571664169389	NaN	0.621023173909816	0.592155439163164	0.363593478367838	0.293018976143644	2	2	2	1	16
60.6260615107943	NaN	1.08149119468369	0.226117556721708	0.761080482195444	0.591517370322575	2	2	2	1	16
72.0524803770163	NaN	1.26520018880296	-0.562104112603471	0.826552329289071	0.29046058233121	2	2	2	1	16
