age	diseaseAge	x1	x2	x3	x4	z1	z2	z3	z4	id
10.7178313236687	-36.9938322745625	-0.228454879765793	-1.25136163768541	-1.39798683752054	0.372691453049575	1	1	1	1	1
23.3797826950263	-24.3318809032049	0.445917328189426	-1.07307457421876	-1.2877066327241	-0.252848140321565	1	1	1	1	1
37.978934341532	-9.73272925669912	1.04700028802416	-0.646638789898575	-0.737819605464394	-0.588114316969003	1	1	1	1	1
47.7116635982312	0	1.29075516505889	-0.101041996606815	-0.0267795415688686	-0.482914663268158	1	1	1	1	1
60.6279455052177	12.9162819069865	1.06199677547235	0.398684435015256	0.48535451437406	0.0156235201394401	1	1	1	1	1
71.9236840871308	24.2120204888996	0.468823785743424	0.701383938488044	0.539246262980994	0.684165288468291	1	1	1	1	1
11.4836751639359	-35.7620091216394	-0.490195933649315	-0.620924994021479	-0.536767539594136	-0.947834065965165	2	2	2	2	2
23.842636128127	-23.4030481574483	-1.16981046503734	-0.44109837471972	-1.1396516475552	-0.225017867208614	2	2	2	2	2
37.9179206644007	-9.3277636211746	-1.31370260431388	0.171459179821126	-1.3713949581257	0.567322293463712	2	2	2	2	2
47.2456842855753	0	-0.828876867902347	0.890473851590956	-1.12002696969324	0.871997698788092	2	2	2	2	2
60.2770596179968	13.0313753324215	-0.0286693701634817	1.33296830168572	-0.507000162093345	0.474754791137903	2	2	2	2	2
71.7818975875273	24.536213301952	0.569756939015492	1.26325144669544	0.171491719189649	-0.345057638220355	2	2	2	2	2
12.2583497061902	-35.4234249801782	-0.501270084969073	-0.773084148124985	-0.868810575668739	-1.4002029366063	1	1	2	1	3
22.9882763180155	-24.6934983683529	-0.477929719250015	-0.570572159269933	-0.564458906937192	-1.15311539279399	1	1	2	1	3
36.7368074272224	-10.944967259146	-0.169266835816967	-0.0944975433043402	-0.0244444757032881	-0.717096764232951	1	1	2	1	3
47.6817746863684	0	0.331931702295038	0.491519002060729	0.560677826228304	-0.206113004492293	1	1	2	1	3
61.8998893853159	14.2181146989475	0.87500106751776	0.986071157716273	0.98443589276533	0.246275649267134	1	1	2	1	3
71.7848928280279	24.1031181416595	1.29668968178975	1.21918773416976	1.09729821539641	0.521824468649938	1	1	2	1	3
11.7330485750145	-38.7411975008113	-0.888215286454633	-0.614047584492697	-0.196110571314576	-0.712414498988554	2	1	1	2	4
24.1339889252676	-26.3402571505581	-0.156908269194802	-1.00016797113954	-0.640280369807309	-0.260397982391815	2	1	1	2	4
37.2318682790846	-13.2423777967411	0.569438972541697	-0.586656371079233	-0.838746678026302	0.313378106920364	2	1	1	2	4
50.4742460758257	0	0.832753750783216	0.295781637261899	-0.730398485785937	0.818676513787822	2	1	1	2	4
60.1312153527709	9.65696927694514	0.466975948107972	0.941416947538908	-0.348597966943393	1.08796397262171	2	1	1	2	4
72.6720345859586	22.1977885101329	-0.297215757788174	0.833903225800149	0.189092277547849	1.03195738506388	2	1	1	2	4
13.3720997841632	-34.2420231309894	-0.884715332972659	-1.07508562620594	-1.24791847227786	-0.8036864090473	2	2	2	1	5
22.4097913661996	-25.204331548953	-1.22637691118414	-0.712995053140615	-1.44193636366414	-0.631613980040733	2	2	2	1	5
36.8113498181176	-10.802773097035	-0.682800556497726	-0.137016999189616	-1.22122297233226	-0.250168650756562	2	2	2	1	5
47.6141229151526	0	0.261241107141686	0.44152335546836	-0.677336985199623	0.243675970018506	2	2	2	1	5
60.2076597674659	12.5935368523133	0.763832219247847	0.81036072772038	-0.0358989978909077	0.724371366206602	2	2	2	1	5
71.1172935824441	23.5031706672915	0.376751642005359	0.834169433518025	0.437002831088715	1.06971190644505	2	2	2	1	5
12.8458396554645	-33.9923066926254	-0.00310200277031236	-0.493904998753979	-0.228138770713661	-0.647741703920303	1	1	1	2	6
25.7704836381466	-21.0676627099432	-0.465355528165022	0.341816554377306	-0.725170158246408	-0.878100032495006	1	1	1	2	6
36.8826928262729	-9.95545352181693	-0.57531834640589	0.923617313565511	-0.46562242306487	-0.631538687108818	1	1	1	2	6
46.8381463480898	0	-0.288928310664489	0.843617288544685	0.351860301029487	-0.0256568114697378	1	1	1	2	6
58.9430876598303	12.1049413117404	0.279057973081742	0.157901674996423	1.10161989564928	0.650566031742816	1	1	1	2	6
71.0746541147638	24.236507766674	0.901048165610112	-0.652798497835639	1.20982995029467	1.07460066751552	1	1	1	2	6
10.634205951563	-38.4306391616213	-0.773234759226055	-1.33873831787396	-1.1072053072357	-1.204063202926	1	2	1	2	7
25.3321860992117	-23.7326590139727	-0.190289938730712	-0.967950172301235	-1.13495525982181	-0.80787489047487	1	2	1	2	7
34.7802753917694	-14.284569721415	0.296419072537064	-0.157715344687141	-0.757124673821167	-0.238904655659191	1	2	1	2	7
49.0648451131844	0	0.521484091877427	0.525730815738534	-0.133563741801683	0.308285097767775	1	2	1	2	7
60.0356903378194	10.970845224635	0.408416714562829	0.604759648568821	0.47191529139902	0.646579917728593	1	2	1	2	7
72.3001196416219	23.2352745284376	-0.00435708213638974	0.0241415867303648	0.803150157190004	0.660298087814714	1	2	1	2	7
13.1343577961464	-35.6040513321411	-0.999545285391309	-0.368716188529976	-1.20496648962365	-0.0792127447827453	1	1	1	2	8
24.8161351216269	-23.9222740066607	-1.17678572274628	-1.05376336176694	-0.613795686303028	0.799923071690213	1	1	1	2	8
34.603944282401	-14.1344648458866	-0.890925327095963	-0.95251556860969	0.0351304135550163	1.30325379903311	1	1	1	2	8
48.7384091282876	0	-0.27482415343339	-0.150234389298702	0.456603964884602	1.04076706536232	1	1	1	2	8
60.6386703893803	11.9002612610927	0.385170906333372	0.677472747972385	0.465384208601956	0.215854136153254	1	1	1	2	8
71.6576536972557	22.9192445689681	0.782312288463445	0.833587011489864	0.0576121623201347	-0.532290457760061	1	1	1	2	8
12.777715560579	NaN	-0.642634393874447	-0.490675155177879	-0.134544895158996	-0.971470942436455	1	2	2	2	9
26.1490825650187	NaN	0.267102005737606	-1.27196315296294	0.60739240164218	-1.05146793307325	1	2	2	2	9
36.5576377831221	NaN	0.606212638633772	-1.27227274971885	0.925441123635843	-0.816665424842238	1	2	2	2	9
48.7730190922424	NaN	0.0789904464298475	-0.491329898676018	0.621893425381566	-0.341747214470683	1	2	2	2	9
60.654004144134	NaN	-0.854822797990184	0.379595671193477	-0.114557083430719	0.222229133313159	1	2	2	2	9
72.9086462846361	NaN	-1.3809348230177	0.569583934391506	-0.82611248285312	0.695879270215054	1	2	2	2	9
10.3981709785331	NaN	-1.29587454150374	-1.27371423652696	-0.489853643281892	-0.340827100154135	2	1	2	1	10
24.6159472533241	NaN	-0.98610906169057	-0.851414906726737	-0.748198372367297	0.503724068300382	2	1	2	1	10
34.6388228184626	NaN	-0.499253376950904	-0.289517214262348	-0.752872171989853	1.28285406583851	2	1	2	1	10
47.7898898379113	NaN	0.0274376246622096	0.230099462049432	-0.502645384612269	1.34274446965355	2	1	2	1	10
61.1134139522597	NaN	0.445478638918195	0.539241588798754	-0.0633516530902989	0.633137364522964	2	1	2	1	10
71.2450349619453	NaN	0.637015085061835	0.537843658094556	0.449432641114753	-0.250489986766681	2	1	2	1	10
9.68804252802193	NaN	-1.1970718520775	-0.613680422706459	-1.10456731343819	0.153087850287548	1	2	1	2	11
25.5421093352058	NaN	-1.18084982879927	-0.875018020184654	-1.28780702270963	-0.506983035309656	1	2	1	2	11
37.066437626322	NaN	-0.755488632509484	-0.389496694382849	-0.680938782343995	-0.323212020724941	1	2	1	2	11
48.166667463127	NaN	-0.107050037591934	0.476488686003947	0.219122799396227	0.542499951852395	1	2	1	2	11
60.0613961840922	NaN	0.480825519069002	1.06942903110284	0.67539114362351	1.3274668606819	1	2	1	2	11
72.3400004954198	NaN	0.750989124635778	0.941866549996587	0.314265540243561	1.34013850447581	1	2	1	2	11
11.9967908801077	NaN	-0.403231618952118	-0.273007684237954	-0.234053037099296	-0.95567904683287	1	2	2	1	12
24.009921787441	NaN	-1.02076739117408	-0.959995509022913	-0.973907373015801	-0.693203283225496	1	2	2	1	12
36.9623354451073	NaN	-0.992555943299573	-1.24442443178386	-1.14436072199961	-0.0947926125617643	1	2	2	1	12
47.2910172663181	NaN	-0.338359912595166	-0.966280957013231	-0.624552504188898	0.566433930764096	1	2	2	1	12
61.6362575564402	NaN	0.483544368808031	-0.282042524553088	0.216945333921401	0.988687685749953	1	2	2	1	12
72.2459746594082	NaN	0.897397859634971	0.423353278111551	0.783465626371763	0.979248930832084	1	2	2	1	12
11.2861469823876	NaN	-0.745497053651213	-0.827183544706099	-0.619350983655787	-1.06111199899207	2	2	2	1	13
25.3156881239522	NaN	-0.273477944246429	-0.34275201898934	-0.666821109790775	-0.265927037120601	2	2	2	1	13
35.5431095973797	NaN	0.622984902539805	0.296384466446421	-0.0307612923828924	0.482003866420858	2	2	2	1	13
47.4133277625664	NaN	1.21818625875443	0.828167981569085	0.818968572917902	0.635488384709488	2	2	2	1	13
61.3782727993898	NaN	1.03029830806554	1.03455732489221	1.25466968339844	0.0822359969079871	2	2	2	1	13
73.7339295417285	NaN	0.211420235144442	0.830928999988312	0.954487910402654	-0.772989354187251	2	2	2	1	13
11.1004452277883	NaN	-0.598795684605421	-0.358778764533046	-0.860281618868905	0.453174575065247	2	1	2	1	14
24.6002545577425	NaN	-0.0887794127670145	0.219124059051247	-0.979415708525441	1.14031705427375	2	1	2	1	14
35.2030161711012	NaN	0.43756178364814	0.86838159546178	-0.593229981574422	1.47702266684651	2	1	2	1	14
48.1042869467655	NaN	0.827351841582765	1.30719337536215	0.0991360730614052	1.28388732116115	2	1	2	1	14
59.5635117631381	NaN	0.967376044268019	1.34509974508408	0.740658845638104	0.663817740358098	2	1	2	1	14
71.94964498549	NaN	0.816964292184709	0.965648014932918	1.00053243591734	-0.0527994834395136	2	1	2	1	14
13.1364620638843	NaN	-0.761466805569421	-0.677676236204462	-1.06346695893734	-0.0360077242073154	1	1	1	2	15
25.3900899283906	NaN	0.0554099137650531	-0.586700010355226	-0.537198063397306	0.772229136810797	1	1	1	2	15
35.799295520957	NaN	0.727921407868367	-0.116913786836833	0.0351783028488337	1.37903975889102	1	1	1	2	15
47.6330779316093	NaN	0.783722848333525	0.53186414340871	0.461495058061946	1.38327655793479	1	1	1	2	15
60.4583577503594	NaN	0.183621564027788	1.08368337840568	0.598622521184287	0.782138690254001	1	1	1	2	15
72.9145033465036	NaN	-0.650895614492659	1.30383380762717	0.400522130932597	-0.0269763785241824	1	1	1	2	15
13.9573806698861	NaN	-0.935964271736706	-0.513674703033202	-1.1233959184053	-0.403230436342072	2	1	2	2	16
24.3005373671021	NaN	-0.993562659132311	-0.987807874584946	-0.796958522857003	-1.18697639629439	2	1	2	2	16
36.6488599251206	NaN	-0.671515368267677	-0.734845627254354	-0.122232453632194	-1.33655897926554	2	1	2	2	16
50.1764504997457	NaN	-0.0952449271738259	0.0593798531255191	0.549280054196267	-0.734721792281293	2	1	2	2	16
61.1663685228573	NaN	0.510817974614503	0.811411317021257	0.867750887936263	0.146760601725891	2	1	2	2	16
72.1820334842609	NaN	0.910639861752658	0.968788260046456	0.667270925395825	0.616902367784209	2	1	2	2	16
