age	diseaseAge	x1	x2	x3	x4	z1	z2	z3	z4	id
10.9039560594667	-37.7006700519812	-1.19830250041797	-1.14066856891525	-1.03854752398746	-0.159415810392532	1	1	1	2	1
24.5123256622838	-24.0923004491641	-0.654618647907561	-0.724157179256799	-1.13999632089719	0.676241602440637	1	1	1	2	1
35.4828883538974	-13.1217377575504	-0.0188903991828622	0.0399710491333998	-0.589437749262124	0.784590588621921	1	1	1	2	1
48.6046261114478	0	0.449492878363649	0.686056788339176	0.237030097597627	0.069824534956606	1	1	1	2	1
57.8662756669651	9.26164955551727	0.559421788061741	0.820375739326842	0.774829720740945	-0.836031126276253	1	1	1	2	1
70.4269046965624	21.8222785851146	0.266043217906504	0.361074006219407	0.656578931835392	-1.13198170186589	1	1	1	2	1
11.9271581600834	-36.1003535774046	-0.83158423834425	-0.508535134446786	-0.685847661879401	-0.777887082163481	1	1	2	1	2
25.5079862928938	-22.5195254445942	-0.538081473510387	0.178200458501831	-0.35662563141899	-0.148651130516805	1	1	2	1	2
35.1965587969286	-12.8309529405594	-0.0335204626435218	0.658340762722674	0.127525471761036	0.777567781235147	1	1	2	1	2
48.027511737488	0	0.52343113829464	0.70331843508231	0.637291264048864	1.19030732177939	1	1	2	1	2
60.3829359565666	12.3554242190786	0.957630575302653	0.291722177713854	1.0365158040801	0.728411131630874	1	1	2	1	2
71.4266014906598	23.3990897531718	1.13253656713568	-0.380510567423848	1.21856817646953	-0.203951258290039	1	1	2	1	2
10.2397472818187	-50.7181022928251	-0.636022562043398	-0.820764166792711	-0.196944058171812	-0.971530946494261	2	1	1	1	3
22.8511430768768	-38.106706497767	-0.42224906452503	-1.35088568055349	-0.617365520829895	-0.37605511024481	2	1	1	1	3
37.1120814272912	-23.8457681473526	0.207592620383557	-1.42899842832164	-0.722593199478906	0.344400377592252	2	1	1	1	3
47.8189034354689	-13.1389461391749	0.91898817108435	-1.01541533888662	-0.475232228783827	0.809168449669212	2	1	1	1	3
60.9578495746438	0	1.33410930829307	-0.320267306255645	0.0368124758657746	0.772679598943325	2	1	1	1	3
72.8014509430846	11.8436013684408	1.23248163515471	0.303258894542246	0.631575075997408	0.254213439535392	2	1	1	1	3
10.908476204373	-38.3259444447916	-0.0310957536627882	-0.180498399940802	0.15744361417225	-0.696901746597868	1	1	1	2	4
23.3203551110556	-25.914065538109	-0.643900467047199	-0.820974039724357	0.812464085799574	-1.02818487135725	1	1	1	2	4
35.8740085866633	-13.3604120625014	-0.536078601100714	-1.12115677567354	1.32138661873287	-0.664502000047889	1	1	1	2	4
49.2344206491646	0	0.210310178903783	-0.934293980211874	1.46581611506644	0.14134187263806	1	1	1	2	4
58.9983006097644	9.76387996059976	1.02721399487132	-0.351738695823879	1.18377321261634	0.829184660365247	1	1	1	2	4
72.045920107398	22.8114994582334	1.29291430103208	0.341710824778883	0.596291631267541	0.920889761114558	1	1	1	2	4
11.223382424053	-36.4886995959166	-0.52138047632612	-0.385559707948743	-1.26918386508336	-0.581897752612039	1	2	1	2	5
25.1235359540418	-22.5885460659278	-1.09205156554405	-0.528357094453932	-1.24165589701522	0.105395488083594	1	2	1	2	5
35.1885507006786	-12.523531319291	-1.23675599295289	-0.228347144735733	-0.852599535741309	0.792276250899019	1	2	1	2	5
47.7120820199696	0	-0.882354807367591	0.380576162064477	-0.252321618660516	1.10312374607143	1	2	1	2	5
58.6689485891016	10.9568665691321	-0.207975430641078	1.026651290651	0.327268330935027	0.867951000674315	1	2	1	2	5
73.970552271195	26.2584702512254	0.445525943689084	1.42153590480471	0.662253315449815	0.215362245804017	1	2	1	2	5
11.9184643002911	-36.2944607351675	-1.12203363891121	-0.134916042860788	-0.862883740413457	-0.527042661991751	2	1	2	2	6
25.3192502116507	-22.8936748238079	-0.715640312660552	0.446550874103542	-1.24323018879993	0.159967219651775	2	1	2	2	6
37.8212482263459	-10.3916768091127	-0.177333629637955	1.03080541452631	-1.39084837102122	0.790807354050881	2	1	2	2	6
48.2129250354587	0	0.331771836445229	1.39882283389052	-1.26542222507072	1.04823304363629	2	1	2	2	6
59.9031004618648	11.6901754264061	0.659301402663747	1.41264113844645	-0.901206936869976	0.802786870298613	2	1	2	2	6
69.8876610360874	21.6747360006287	0.707225844964765	1.06708013631604	-0.397673492458115	0.177901844691523	2	1	2	2	6
9.76903088214135	-38.4531084855482	-0.514444993090377	-0.316780521971705	-0.549706617292891	-1.06587009063363	1	2	2	1	7
24.8227728571188	-23.3993665105707	0.404771463620194	0.440327464581335	-0.570367822100515	-0.479712169616486	1	2	2	1	7
37.5890496430202	-10.6330897246693	0.968704823957106	0.73606803582175	0.0729179589217856	0.105677487929911	1	2	2	1	7
48.2221393676895	0	0.699886123503587	0.376442198275144	0.913266796033952	0.468405439075209	1	2	2	1	7
60.3795487915172	12.1574094238277	-0.174082237263962	-0.402643793401549	1.34077034212483	0.47097872867555	1	2	2	1	7
71.7595218694141	23.5373825017246	-0.913232032490981	-1.09012749829482	1.04515508973476	0.112421944743866	1	2	2	1	7
12.9967009414904	-35.3276925524683	-1.15070313354021	-0.346171810807433	-0.0298162387837853	-1.07198188366627	2	2	2	2	8
25.3171451165734	-23.0072483773854	-0.888851832158645	0.511053575508438	0.602955410341576	-1.08854070551483	2	2	2	2	8
36.6837746983974	-11.6406187955613	-0.358753122521099	0.819949342605204	0.977406918203657	-0.722365344714716	2	2	2	2	8
48.3243934939587	0	0.244438962602545	0.33321832686447	0.929776069392667	-0.11995801028118	2	2	2	2	8
61.7822420669758	13.4578485730171	0.69866131344308	-0.559470164267162	0.480893687551623	0.477665613309723	2	2	2	2	8
70.4964695162094	22.1720760222507	0.836693520048258	-1.14344356040616	-0.172926494392039	0.831403744811813	2	2	2	2	8
10.7240577569886	NaN	-0.943405027138727	-0.864342644991733	-0.170998118890579	-1.32481999868461	2	2	1	1	9
24.9918632320063	NaN	-0.926220450348145	-1.16824609161813	-0.752302950861881	-1.08166830057346	2	2	1	1	9
37.2364110865828	NaN	-0.167219428286694	-0.765443241068416	-1.09576137898301	-0.660314139976488	2	2	1	1	9
49.0553376119395	NaN	0.693489053065808	0.0588035335449947	-1.06953201562724	-0.164612768194212	2	2	1	1	9
60.5226178885368	NaN	0.930020288407641	0.720767998319878	-0.683683373832109	0.283255484422464	2	2	1	1	9
72.3095121683391	NaN	0.342893954516055	0.75165120141153	-0.0863289258057231	0.572900180861754	2	2	1	1	9
12.9532867132255	NaN	-0.511525688388852	-0.723993220342741	-0.711317072253492	-1.14157864858376	1	1	1	1	10
25.5873627234029	NaN	-0.00685209835633249	-0.925261567193749	-0.00778672718644752	-1.01292625238926	1	1	1	1	10
34.9733523945653	NaN	0.565710704404022	-0.880043387696139	0.639624288236768	-0.191193179060341	1	1	1	1	10
48.4185194625067	NaN	1.01711986042479	-0.599632129393581	0.886363687326038	0.624170035746619	1	1	1	1	10
60.3701618002133	NaN	1.1983337672258	-0.154061789043106	0.601116706897765	0.739134812847299	1	1	1	1	10
72.8541650220302	NaN	1.04952109285225	0.345384399008595	-0.0643081464940439	0.0558443450440381	1	1	1	1	10
10.9286362185338	NaN	-0.617218443292965	-0.414628132143235	-0.410881285344455	-0.621088756682136	1	2	2	1	11
23.1093024977318	NaN	-0.371828691271597	-1.12764149459256	0.107166953797977	-0.912670390508374	1	2	2	1	11
35.6135796121341	NaN	0.312002397409927	-1.24774120602413	0.50538648894263	-0.887884291624813	1	2	2	1	11
49.7754724203316	NaN	1.03586723946729	-0.689942700367973	0.673350313119029	-0.554815772873254	1	2	2	1	11
59.1259907723153	NaN	1.37803414249587	0.151046463193457	0.564481750031327	-0.0221129593383442	1	2	2	1	11
71.8166434280268	NaN	1.13915287049172	0.680128275823167	0.208970251762994	0.536454613105363	1	2	2	1	11
11.95252424632	NaN	-0.533758074161216	0.42722934174691	0.132006366082101	-0.593089757047681	2	1	2	2	12
24.8057535154733	NaN	-1.284334765222	1.25113752824614	-0.451673789370549	-0.412125349102416	2	1	2	2	12
36.4167472026027	NaN	-1.3487817832938	1.3835304060123	-0.377013837652922	0.0151211003306071	2	1	2	2	12
49.2251172200113	NaN	-0.675693688300546	0.7116290594479	0.30381745644835	0.559913959866957	2	1	2	2	12
60.2423404545571	NaN	0.198048361120787	-0.192207132811393	1.1150880997533	1.05809913802334	2	1	2	2	12
71.6620835993998	NaN	0.575513833391173	-0.558045019068336	1.48992138801565	1.35956612237434	2	1	2	2	12
12.1026040637395	NaN	-0.569108969158014	-0.739812928303356	-0.510558057427418	-0.196182425929216	1	1	2	2	13
24.1912910023528	NaN	-0.386267363012369	-0.496940950623061	-0.504717350355287	-0.757494265337639	1	1	2	2	13
35.2980153780681	NaN	0.482971981801109	-0.00103201817210152	-0.234956829227621	-0.680717632213353	1	1	2	2	13
48.6122940803871	NaN	1.26775273631606	0.580141746576016	0.224725456843393	-0.0176277443051386	1	1	2	2	13
59.4113154416695	NaN	1.27211789504438	1.04996207430357	0.748233990846997	0.78461300096998	1	1	2	2	13
72.6664126079507	NaN	0.492196360511294	1.24948294003278	1.19196506810502	1.18500420305621	1	1	2	2	13
12.5759276174969	NaN	-0.405840299914126	-0.638310668704688	-0.189781629126572	-0.921487483610966	1	2	1	2	14
22.2692532311285	NaN	-0.796785169663878	-1.05876401027298	0.482202772274902	-1.25030596844242	1	2	1	2	14
36.3854917614331	NaN	-0.375119381594646	-0.690480843937683	1.0596266087524	-1.02019518442442	1	2	1	2	14
47.9452106135912	NaN	0.516444515401858	0.175904318828662	1.27662016408229	-0.360097104322396	1	2	1	2	14
58.9535978993258	NaN	1.15328018386869	0.856674567928641	1.03327066824479	0.360104048356935	1	2	1	2	14
72.9876953977589	NaN	1.01779387695535	0.814592943169285	0.441626251771141	0.736845451424683	1	2	1	2	14
12.2159806850329	NaN	-1.36781219893001	0.165150377046344	-0.276496483521916	-0.952191207805498	2	1	2	1	15
22.8739476791986	NaN	-1.35065155429987	-0.392228305311668	0.483045594271615	-0.37792838186514	2	1	2	1	15
36.3599659121774	NaN	-0.668750679992508	-0.728947089260263	0.898142418460161	0.402245915557544	2	1	2	1	15
47.6440390315249	NaN	0.170551384979311	-0.725096185444136	0.718515092580781	0.911887463196657	2	1	2	1	15
58.1771057480011	NaN	0.542808010426477	-0.382046949093323	0.0524682970741517	0.839763538964573	2	1	2	1	15
72.1391939032205	NaN	0.171057652910089	0.178036476803338	-0.698411043616383	0.229919463283811	2	1	2	1	15
10.5825258022951	NaN	-0.0648275809228918	-0.275003570069313	0.150215231152602	-0.124475621177858	2	1	2	1	16
24.5324882088762	NaN	0.696784902880198	-0.644084004850248	-0.489355797176684	0.498933218848375	2	1	2	1	16
35.0562695988155	NaN	1.12258874237162	-0.141158252817535	-0.69278827535708	0.894095467140739	2	1	2	1	16
48.4913793397896	NaN	0.956157336517112	0.793775454706349	-0.347956136209218	0.897041294182307	2	1	2	1	16
60.0498630253143	NaN	0.297718620695549	1.34276501236268	0.35507917115349	0.506548349508479	2	1	2	1	16
71.0902241930377	NaN	-0.456203968176302	1.02551201942932	1.0288250260448	-0.115351032460076	2	1	2	1	16
