age	diseaseAge	x1	x2	x3	x4	z1	z2	z3	z4	id
10.6829574862628	-35.7024715318665	-0.946758887865738	0.275173651393767	-0.484573345553969	-1.454502581534	2	2	1	2	1
24.8623081099096	-21.5231209082197	-0.431951691045008	-0.41692195111621	-0.850394583843426	-1.47612173384137	2	2	1	2	1
35.1228574169937	-11.2625716011356	0.374054905225085	-0.385029496759172	-0.635645732959171	-1.24917354850044	2	2	1	2	1
46.3854290181293	0	0.946417042532061	0.345490882625706	0.0342770140907216	-0.831361590454711	2	2	1	2	1
60.645683351376	14.2602543332467	0.912432122729019	1.19374651176782	0.768192229588885	-0.328918211459053	2	2	1	2	1
73.3745140435269	26.9890850253976	0.29422996028622	1.48522440563502	1.13755199053027	0.130405956302544	2	2	1	2	1
12.315988737805	-35.6034774927458	-0.486161992726316	-0.279004001883363	-1.06300581970799	-0.0898749409956975	1	2	1	1	2
25.1969405747336	-22.7225256558172	-0.777901812772885	-0.976600997980833	-0.444079250330587	0.472734261090636	1	2	1	1	2
35.9406750494973	-11.9787911810535	-0.657131357161714	-1.16457903603451	0.427753187944667	0.944646608140932	1	2	1	1	2
47.9194662305508	0	-0.174164690735935	-0.722727668903484	0.880104016284751	1.17648367859203	1	2	1	1	2
62.1796114148561	14.2601451843052	0.469789902171623	0.0663926992150534	0.564104553435582	1.09486011632797	1	2	1	1	2
71.1419556649607	23.2224894344099	1.00645511003125	0.698145924217728	-0.276535431604017	0.725612920464313	1	2	1	1	2
11.4894083702241	-35.7053583701636	0.204613599625597	-0.351320938403712	-0.564699052341885	0.299573818539529	1	1	2	1	3
22.7368989407524	-24.4578677996353	-0.30363777269714	0.435182319771145	0.0377788163768312	0.953798079963898	1	1	2	1	3
36.4267433798763	-10.7680233605114	-0.662807315939403	1.11551780238557	0.530922888391016	1.31947249748867	1	1	2	1	3
47.1947667403877	0	-0.77184790961934	1.23962294580229	0.735731934286197	1.22421412494917	1	1	2	1	3
58.5560146626098	11.361247922222	-0.600082570639983	0.725398432208186	0.577864452073503	0.712928807868762	1	1	2	1	3
70.908339586115	23.7135728457273	-0.195834975741222	-0.0869806206975552	0.114623114550402	0.0266420735065043	1	1	2	1	3
12.9758038217846	-36.2016798241249	-0.601854326336098	0.0155819931225686	0.308946341288839	0.193133010669042	2	2	2	1	4
25.9148574823299	-23.2626261635796	-1.16829929257296	0.575186831278727	-0.42116335997012	0.95379800307257	2	2	2	1	4
36.1359099350892	-13.0415737108203	-1.16885353827837	1.09139189421859	-0.463440402518219	1.37672105417242	2	2	2	1	4
49.1774836459095	0	-0.603175995878659	1.39879689505934	0.215383242148464	1.20739084247493	2	2	2	1	4
60.4061777913912	11.2286941454818	0.180630922674532	1.39890439745526	1.081137655824	0.54770877968102	2	2	2	1	4
72.2566237025365	23.0791400566271	0.700233982628245	1.09167995593417	1.45255610896397	-0.205334350352293	2	2	2	1	4
13.2124298217153	-33.5634643108146	0.160421022113336	-0.786428402312145	-0.112863810745059	-0.674326819360906	2	2	1	2	5
25.2397423891087	-21.5361517434212	-0.526389135401229	-1.02226707250438	-0.636084267606757	-1.18982466686614	2	2	1	2	5
35.5770317749472	-11.1988623575827	-0.390144935989802	-0.908427371101641	-0.353170878920692	-1.37866670253736	2	2	1	2	5
46.7758941325299	0	0.450219513820085	-0.48494947081495	0.505230909521875	-1.16478536625702	2	2	1	2	5
59.5178058506962	12.7419117181663	1.2611097165936	0.0992192219776925	1.2393081122597	-0.634334312044454	2	2	1	2	5
72.0563876209881	25.2804934884582	1.33466066100969	0.638612467787085	1.25060349664996	-0.000984809182050461	2	2	1	2	5
10.3373142135751	-37.3665822082586	-0.665332407561594	-0.866131147572658	-0.682966682128192	-1.38787428165599	1	1	1	1	6
22.9608622757028	-24.7430341461309	0.144124881266198	-0.897080257235548	0.223622954070218	-1.2627031184983	1	1	1	1	6
35.8666290662317	-11.837267355602	0.942603443939503	-0.689959187991472	0.803510078155009	-0.499331962209636	1	1	1	1	6
47.7038964218337	0	1.08265375259155	-0.294940046888094	0.578092148303623	0.31283560715575	1	1	1	1	6
61.52982827723	13.8259318553962	0.450715455757455	0.192289447265264	-0.26658498325102	0.546719997915048	1	1	1	1	6
72.442603584786	24.7387071629523	-0.440801757620942	0.653704940757712	-1.0333776735638	0.0217376288093766	1	1	1	1	6
11.9911287541177	-35.0433517989193	-0.675047881496327	-0.508974766552032	-1.12707924049426	-0.0539731903265537	2	1	1	1	7
23.7710107739175	-23.2634697791196	-1.25399165724788	-0.0167855816064077	-0.575800581174471	0.858460967518629	2	1	1	1	7
36.3757844129415	-10.6586961400955	-1.45972717243949	0.44014133907461	0.0766552436301083	1.43432776487633	2	1	1	1	7
47.034480553037	0	-1.19545782611496	0.749871133118734	0.549952282689747	1.19246249603244	2	1	1	1	7
58.7318805123779	11.6973999593409	-0.585519829439897	0.836528293306444	0.640732437854675	0.334955351704174	2	1	1	1	7
73.12623610415	26.091755551113	0.083116797765919	0.67888413544306	0.30999085977963	-0.421704760184547	2	1	1	1	7
12.8759017505017	-35.2867522586996	-0.739908141097735	0.316333548762626	-0.494133939070667	0.0664460997093565	1	1	2	1	8
25.8298389261163	-22.3328150830849	-0.471983999626773	0.865266908277066	0.119120932753031	-0.684765727385107	1	1	2	1	8
35.3416199280977	-12.8210340811036	-0.0238822720403444	1.23491998040477	0.901797740309076	-0.659524815432614	1	1	2	1	8
48.1626540092012	0	0.487285771542724	1.30411070645929	1.36620042535305	0.120334256467975	1	1	2	1	8
59.191680546824	11.0290265376228	0.927926495698156	1.05015653553677	1.22295365856952	0.980196616103362	1	1	2	1	8
71.649599408133	23.4869453989318	1.18287856161596	0.556310364920792	0.561316356080892	1.17624077473616	1	1	2	1	8
13.2067251846034	NaN	-1.23031481088412	-0.646588122397031	-1.07040728881522	-0.501660113604164	1	2	1	1	9
24.4539883616862	NaN	-1.14338941416308	-0.111566940693758	-1.33950010704735	-0.527618359572824	1	2	1	1	9
35.6760646575188	NaN	-0.317473119824655	0.645039354139414	-1.21346189389325	-0.307680365930232	1	2	1	1	9
47.4454885316296	NaN	0.516715303004579	1.1900705191915	-0.742453584277584	0.10295694811913	1	2	1	1	9
59.8523207378643	NaN	0.62113842640624	1.21149395116507	-0.113927987759933	0.601237651807979	1	2	1	1	9
72.6176354635645	NaN	-0.0965907587191045	0.69704464637058	0.421973047751566	1.06211031910867	1	2	1	1	9
12.2572532195216	NaN	-1.11421401894939	-0.230394454851311	0.0205900647758608	-0.935423864241512	1	2	2	1	10
23.4146410674961	NaN	-1.2602713356319	0.262308487945207	0.551474152573617	-1.2138961772002	1	2	2	1	10
37.054315435744	NaN	-0.842668296876653	0.814860090609606	1.03779011217238	-1.08309481233946	1	2	2	1	10
47.409122899227	NaN	-0.101328770387005	1.25733123911173	1.34068795313607	-0.596952321415682	1	2	2	1	10
60.722357666385	NaN	0.537828296966043	1.45364644315111	1.37368611653	0.0440830427517796	1	2	2	1	10
70.4529246417086	NaN	0.707590453552922	1.34343185070704	1.12736316639013	0.575696966681241	1	2	2	1	10
12.2053903323499	NaN	-0.964148809655331	-1.19932114934334	-0.293513684908471	0.109617600809278	2	2	1	1	11
24.3641272020129	NaN	-1.20701817736523	-1.01032139110395	-0.949402099723253	-0.521786672591398	2	2	1	1	11
34.0968494997761	NaN	-1.1084894963164	-0.614035207974648	-1.06637572726344	-0.610280644460331	2	2	1	1	11
50.4371797113785	NaN	-0.702482197391529	-0.112725425542473	-0.570164932878396	-0.100547341670357	2	2	1	1	11
61.1074506893768	NaN	-0.128768135518074	0.364243479134283	0.224172990744097	0.688782454303192	2	2	1	1	11
71.9404464947976	NaN	0.415146194129225	0.693788264736826	0.812291990419339	1.26430411724455	2	2	1	1	11
12.1189366490983	NaN	-0.411449325930968	-0.181659171129738	-1.00238534431176	-1.12041421092586	1	1	1	2	12
24.6702589097491	NaN	0.17073577351111	-0.851768996573512	-0.476391456946833	-1.38331842268355	1	1	1	2	12
36.1893389829071	NaN	0.872762323603052	-0.880794468657623	0.0962071402321334	-1.02260418025944	1	1	1	2	12
47.9303941984277	NaN	1.34367500091746	-0.247839910844515	0.523103653986048	-0.263731370286651	1	1	1	2	12
60.2153003553101	NaN	1.34805634018711	0.591425474838466	0.660925222401829	0.418976130928698	1	1	1	2	12
71.722195465872	NaN	0.883716033452528	1.03280762127749	0.463384578986336	0.598800612455128	1	1	1	2	12
12.2370746153826	NaN	-0.439742920847191	-0.881052050290754	-0.202735078202591	-1.25794605694861	2	1	2	2	13
24.0836375273787	NaN	0.206433285330757	-1.07064860695986	0.303609137864325	-0.703126227815763	2	1	2	2	13
36.0520785104744	NaN	1.07351547768943	-0.79435086035299	0.687793475535508	0.187412104265744	2	1	2	2	13
47.6528030015886	NaN	1.49149843722357	-0.181178625532867	0.846796240414541	0.706985121513002	2	1	2	2	13
59.1841122593413	NaN	1.13740152056264	0.482541591730417	0.737979738443287	0.443287333844457	2	1	2	2	13
71.4433898819751	NaN	0.2848398293513	0.886879432842416	0.390523869248377	-0.394424730842944	2	1	2	2	13
12.5757855353352	NaN	-0.968708288518806	-0.533116396786805	-0.645805092286618	-0.610755082550885	2	1	1	1	14
23.1614296832927	NaN	-0.432535354431193	-0.776302121451142	-1.12058595396341	-1.09070216633782	2	1	1	1	14
36.2523656821581	NaN	0.505869254009747	-0.726789046497858	-1.28207941944151	-1.33314331014235	2	1	1	1	14
48.8609960811325	NaN	1.01997712925688	-0.399322583033612	-1.06987909902817	-1.26080405604511	2	1	1	1	14
59.8995640456428	NaN	0.656972119712853	0.108574995643494	-0.563358205812024	-0.896741450217956	2	1	1	1	14
71.5295582219424	NaN	-0.263418068927746	0.645647509125836	0.0480198762083031	-0.356994957219262	2	1	1	1	14
12.6022148415601	NaN	-1.21542487449504	-1.40305702774957	-1.01650524118311	-1.39960730461707	2	1	1	1	15
22.0583541502032	NaN	-0.510099964625018	-1.31840718606014	-1.05330127037487	-1.25793388089844	2	1	1	1	15
36.9751568059513	NaN	0.28543345758313	-0.720920821255962	-0.817104911455579	-0.840412306356126	2	1	1	1	15
47.3041288021276	NaN	0.619972387749321	0.0395856991015714	-0.373670037834008	-0.281321087136436	2	1	1	1	15
59.1342033696711	NaN	0.26172409631372	0.517850952945688	0.153557076048703	0.239531263155931	2	1	1	1	15
71.0146426990419	NaN	-0.541091129504027	0.433860158875639	0.617803528770468	0.554634177919177	2	1	1	1	15
14.1443806223738	NaN	-0.235631781251932	-0.689906797499044	-0.0624459709893211	-0.483426901164362	1	1	2	1	16
24.1093194491945	NaN	-0.883887047078186	0.0864362243049145	0.45136841519525	0.380810707701567	1	1	2	1	16
34.4934109503855	NaN	-1.1705102736357	0.682909578973043	0.869366776945441	1.12753092174341	1	1	2	1	16
48.9528635815804	NaN	-0.949952334269115	0.736327187512248	1.07995173892609	1.13174662189344	1	1	2	1	16
59.4608177630407	NaN	-0.334213975872786	0.214163654374332	1.02690124097483	0.38992936705408	1	1	2	1	16
71.9553533932992	NaN	0.36402888415057	-0.565641376181065	0.724378726954918	-0.477037384340805	1	1	2	1	16
