age	diseaseAge	x1	x2	x3	x4	z1	z2	z3	z4	id
10.8491535249092	-36.2436904999807	-0.613087920640901	-0.382376651915191	-0.113341466569491	-1.15993273333048	1	2	1	1	1
23.7554857848456	-23.3373582400443	-1.07726274544104	-0.929662303618151	-0.49813342984747	-1.00206464071214	1	2	1	1	1
36.2160262329203	-10.8768177919696	-0.662952210602417	-1.18151498261918	-0.367022226957352	-0.214884429026917	1	2	1	1	1
47.0928440248899	0	0.265712876341562	-1.03793280430774	0.211126443962703	0.585036721031927	1	2	1	1	1
60.8735571526147	13.7807131277248	0.892543836605043	-0.555927226670232	0.932642027133209	0.771148090033309	1	2	1	1	1
71.0909163385906	23.9980723137006	0.66662910855808	0.0731142044163812	1.41855100040411	0.197675044898025	1	2	1	1	1
10.3924384019858	-37.5382734994455	-0.548127075616421	-1.09868233203268	-0.460101927838815	-0.892951935114403	1	2	1	1	2
23.0481190415637	-24.8825928598676	-0.703583478980675	-0.39161604114913	0.35775728943863	0.004642195485209	1	2	1	1	2
34.8848288915705	-13.0458830098608	-0.421809363912499	0.372864965561792	0.533003921307508	0.688338275335982	1	2	1	1	2
47.9307119014313	0	0.173362036668812	0.696464102297859	-0.077342813852726	0.578991465364404	1	2	1	1	2
59.8763391894931	11.9456272880618	0.820366601952316	0.368256122272522	-0.975311272752214	-0.230772808409805	1	2	1	1	2
71.0378806385366	23.1071687371053	1.23486072921491	-0.39782963625204	-1.42826408168035	-1.05501994164489	1	2	1	1	2
11.5215042185883	-34.1748440724666	-0.966334126746874	-0.751716424104434	-0.473034077530384	0.136150314052952	2	1	1	1	3
24.0937103156744	-21.6026379753805	-0.540711701514972	0.0258668862536474	-1.09504360750903	0.793598582778525	2	1	1	1	3
36.3897432970563	-9.30660499399857	-0.0172394239172016	0.639656464940407	-0.997165382695165	1.30747390273789	2	1	1	1	3
45.6963482910549	0	0.459320117972501	0.711808075074087	-0.254137128529952	1.45565678211914	2	1	1	1	3
59.9676276265884	14.2712793355335	0.757177724214319	0.197905729454188	0.566680623464529	1.17409606963136	2	1	1	1	3
71.3034428094031	25.6070945183482	0.79396296221353	-0.585696162598842	0.838528939904839	0.58449467635602	2	1	1	1	3
11.8369040451252	-36.1615316697599	-0.781727728085347	-1.04978713574379	-0.934695646107325	0.0908835509052682	2	1	1	2	4
23.2462957980885	-24.7521399167966	-0.62732760086702	-0.934549244676399	-0.270633173685434	0.836318652675956	2	1	1	2	4
36.4739379022269	-11.5244978126582	0.060071995300989	-0.527246853744217	0.607524562842322	1.18387403273124	2	1	1	2	4
47.998435714885	0	0.834263473680997	0.0370411101456386	0.996665962513611	0.92103568474193	2	1	1	2	4
59.7088437319989	11.7104080171139	1.19270055236278	0.571172576811861	0.585218489845843	0.208517076412854	2	1	1	2	4
70.8663232620127	22.8678875471277	0.902713115205025	0.898006662844781	-0.297385591245377	-0.518009687234836	2	1	1	2	4
10.9360803294689	-37.2314069141227	-0.698726824576061	-0.500737514755876	-0.440118868259731	-0.28102825916068	2	2	1	2	5
22.8679607122719	-25.2995265313197	-0.727859006296794	-0.0683986421092032	-0.100481596494355	-0.832562954707943	2	2	1	2	5
35.3909824839586	-12.776504759633	-0.429874178017543	0.426539078598817	0.377904628658674	-1.02569705958511	2	2	1	2	5
48.1674872435916	0	0.0947672579732023	0.862825661661441	0.873366608286356	-0.774529179374948	2	2	1	2	5
59.6409833869041	11.4734961433125	0.669191566119184	1.13357949400478	1.25988808014832	-0.190772732878326	2	2	1	2	5
72.0131433085827	23.8456560649911	1.09974158134301	1.17247122361519	1.43916081240749	0.465931483754286	2	2	1	2	5
12.4953250335864	-35.9642424979646	-1.11161148607867	-1.39108359718498	-0.319011361732552	-0.861490036763966	2	2	2	2	6
24.0285714479172	-24.4309960836338	-0.726665905613844	-1.04721318046021	-0.97657758318201	-1.36003634956193	2	2	2	2	6
36.0002350279305	-12.4593325036205	-0.218293537298669	-0.231194843462743	-1.24789581965501	-1.07439679789269	2	2	2	2	6
48.459567531551	0	0.276082405594498	0.469574886109674	-0.989141566494159	-0.230592569372369	2	2	2	2	6
58.4504729999487	9.9909054683977	0.622822223366611	0.550659174911963	-0.337479220654971	0.503689971379267	2	2	2	2	6
71.6930438945108	23.2334763629598	0.728195212113292	-0.0463090841830907	0.361648112700955	0.547426904752377	2	2	2	2	6
11.7855486906276	-35.9940673207403	-0.865909061982915	-0.954270641802858	-0.0806480881205993	-1.13210148020772	2	2	2	2	7
23.691774291349	-24.0878417200188	-1.23628465759383	-1.01824448141389	0.70648027146858	-0.594504828270606	2	2	2	2	7
36.2467920313929	-11.5328239799749	-0.970638905293538	-0.669828897457703	0.934038132519509	0.123497554942933	2	2	2	2	7
47.7796160113678	0	-0.238362012895661	-0.0567021359638983	0.433793294841971	0.6517206350317	2	2	2	2	7
60.4129048774154	12.6332888660476	0.493606368179455	0.561257976412663	-0.424426149106026	0.717825094403188	2	2	2	2	7
73.8973435457288	26.117727534361	0.758523310142924	0.922124965328329	-1.00614356716331	0.287729038430553	2	2	2	2	7
11.5715244889543	-26.1192329294906	-0.519553076074091	-0.516149749070617	-1.3264299333967	-0.268199429562674	2	1	1	2	8
23.8434213587582	-13.8473360596867	-1.25353992443748	-0.798345123787865	-0.60459493181791	0.57267643097609	2	1	1	2	8
37.6907574184449	0	-1.354397084357	-0.845620478621496	0.253242762964602	1.00518004605171	2	1	1	2	8
47.7361111007734	10.0453536823285	-0.746547715174243	-0.646164621524612	0.557618233272826	0.715695203742865	2	1	1	2	8
60.3124697038832	22.6217122854383	0.114519103746569	-0.249809255322932	0.0638975467724289	-0.0858673888742358	2	1	1	2	8
73.0709490461825	35.3801916277376	0.58356698242838	0.244420887847712	-0.831104031196415	-0.818280164787321	2	1	1	2	8
10.43095948786	NaN	-0.509690509145923	-1.03954448976008	-0.935059500089131	-0.479317376205365	2	1	1	2	9
24.445454897034	NaN	0.151056065773044	-0.523229108084397	-1.00945083306155	-0.432161603939221	2	1	1	2	9
37.206850930796	NaN	0.935597571525734	0.334891493689811	-0.723639083350294	0.268241695364968	2	1	1	2	9
49.7549055022312	NaN	1.33664156761854	0.902001969532687	-0.182347486643515	1.10030298402762	2	1	1	2	9
60.7858778445793	NaN	1.09486896636593	0.75989046056837	0.416091286987628	1.44438716994425	2	1	1	2	9
71.612652603941	NaN	0.36661236717097	0.0133561564843483	0.852405479824222	1.04425515253751	2	1	1	2	9
13.2541726723435	NaN	-0.803076047867129	0.369879018247981	-1.33158488453753	-0.723339686672473	1	1	1	1	10
23.5694449566128	NaN	-0.587920229195977	0.985893696807778	-1.14400847959449	-0.197429324797998	1	1	1	1	10
36.4777079137797	NaN	0.0770046986398395	1.41005988021048	-0.379825829133659	0.246566743311441	1	1	1	1	10
48.4279785814472	NaN	0.808093566745658	1.47545281005968	0.401886368929797	0.485704633224219	1	1	1	1	10
59.704540419119	NaN	1.18357023621277	1.1563379996305	0.629226784266332	0.453766323628017	1	1	1	1	10
72.8367918599617	NaN	0.986816581930824	0.578298686615995	0.135872969444873	0.159595631227464	1	1	1	1	10
11.2758766910376	NaN	-0.441153360867751	0.0453831851456564	-0.108269596932172	-0.361132059153676	2	1	2	2	11
23.3791025793704	NaN	0.308960011366855	-0.464760965688544	0.595015573780163	-1.08969076048156	2	1	2	2	11
35.2492853200491	NaN	0.685550507114232	-0.591249732583429	1.06600369182836	-1.22895407411918	2	1	2	2	11
47.5619362982341	NaN	0.46091968288406	-0.277812157401004	1.06838886099723	-0.679353078524624	2	1	2	2	11
60.4267408949355	NaN	-0.229113608711224	0.336113032571414	0.600974385411698	0.166164672633345	2	1	2	2	11
71.8278425061779	NaN	-0.96733356369619	0.977409421442861	-0.101726819793734	0.703080383784469	2	1	2	2	11
12.651981990414	NaN	-1.19277999579794	-0.80724673581101	-1.1192985094215	0.209953521309031	1	1	2	2	12
23.9367222005322	NaN	-0.989553094023175	-0.415875277770432	-1.09502588122252	-0.371163510880571	1	1	2	2	12
34.829865994286	NaN	-0.341404840739018	0.367481414779582	-0.835752601033543	-0.593349493136729	1	1	2	2	12
49.2798049033946	NaN	0.386964321631006	1.03469865933337	-0.405247634359238	-0.354062393457094	1	1	2	2	12
59.5080913971588	NaN	0.785715202102389	1.15298568027686	0.090605156223327	0.236263344077113	1	1	2	2	12
73.6153977419467	NaN	0.630478419460538	0.645615546528635	0.529849433852135	0.905183886351997	1	1	2	2	12
11.4732644950749	NaN	-0.866876524351331	-0.615874135842535	-1.21146531210882	-0.335015300600214	1	2	1	1	13
24.2669669407832	NaN	-0.980671260500643	-1.18150590606598	-0.941911253079984	0.3583489981363	1	2	1	1	13
36.0466846914339	NaN	-0.42921776439908	-0.941569574942722	-0.481570104795367	0.765228449000942	1	2	1	1	13
47.4899083998293	NaN	0.404303277948529	-0.0933966114097838	0.0428424301741333	0.678854161826401	1	2	1	1	13
60.5944520394217	NaN	0.940714896835576	0.665447859555391	0.486974053422722	0.143120010977973	1	2	1	1	13
71.8177908491396	NaN	0.807288342586594	0.710865380460876	0.72857097364017	-0.569723449823196	1	2	1	1	13
12.4804309256981	NaN	-0.742230965134896	-0.165714386954112	-1.12666015812079	-0.227754321345659	1	1	2	1	14
23.1938952802507	NaN	-0.445516920649731	-0.676665964327762	-1.17101037742531	-0.890848471817185	1	1	2	1	14
35.7631314769065	NaN	0.0385542348842217	-0.826189767199308	-0.859171672085495	-0.75386186855017	1	1	2	1	14
48.5749696612509	NaN	0.57123062321072	-0.550348845724232	-0.305330005990279	0.0674313046868478	1	1	2	1	14
59.3453233321394	NaN	0.999828390854693	0.0329061673372162	0.287714444352358	0.878915386226947	1	1	2	1	14
73.4297525228638	NaN	1.20149629043818	0.674173198198087	0.702806620792839	0.994764865101433	1	1	2	1	14
11.9774894940604	NaN	-1.32408263604138	-0.0354266656974771	-0.223830654556107	-0.571131476156568	2	2	1	1	15
23.3292301460071	NaN	-1.27558443631818	0.676051045311814	0.696569871012051	0.296445876508427	2	2	1	1	15
35.9896326228766	NaN	-0.787639810981138	1.05024414727987	1.37284751849781	0.968025126153595	2	2	1	1	15
47.7415358063707	NaN	-0.0955593540243573	0.881790142770496	1.20586368544961	0.915774768766759	2	2	1	1	15
59.904661480561	NaN	0.466902129269262	0.263138985797347	0.343555333463702	0.180761267820753	2	2	1	1	15
74.1899046992119	NaN	0.628498397297612	-0.466184768083659	-0.450127667444396	-0.659327364616497	2	2	1	1	15
12.0655522733763	NaN	-1.3055402754961	-0.762261682684822	-0.757472438969818	0.297140814385498	1	2	2	1	16
22.5746486245737	NaN	-1.49708372319774	-0.246924232548479	-1.24383615146027	0.819451880179324	1	2	2	1	16
35.38195893164	NaN	-1.34510387401983	0.213041698259939	-1.31853668329557	1.19495568793224	1	2	2	1	16
45.5877658384353	NaN	-0.901841888905177	0.49515731947227	-0.947323933498918	1.31425762037846	1	2	2	1	16
58.9169599895254	NaN	-0.319663498109824	0.524301458654925	-0.300398486350503	1.14260173371779	1	2	2	1	16
71.6515108127799	NaN	0.201314801505161	0.292713673845984	0.325625144907071	0.729996122768315	1	2	2	1	16
