age	diseaseAge	x1	x2	x3	x4	z1	z2	z3	z4	id
11.3889348784901	-36.7180326368044	-0.200319659519289	-1.42320187948855	-0.675890350211179	-0.362569372292596	2	2	2	2	1
23.8050092397191	-24.3019582755753	0.334063310373648	-1.04674912425398	-0.12742049624407	-0.758704611617309	2	2	2	2	1
37.4579234185045	-10.64904409679	0.747661845224547	-0.265771817006345	0.30819155319228	-0.95863529576518	2	2	2	2	1
48.1069675152944	0	0.919584938287359	0.411079154559037	0.49855432237483	-0.912538164371775	2	2	2	2	1
60.1136221455924	12.0066546302979	0.799581067731253	0.54297043417281	0.385812644148742	-0.631900745673471	2	2	2	2	1
72.2114527233028	24.1044852080084	0.422726249311897	0.0440011693617445	0.00423103708083838	-0.18665863379582	2	2	2	2	1
12.4396346693881	-36.4103461632255	-0.690517694271487	-0.790820874800464	-0.533010624931275	-1.28028683291569	1	1	2	2	2
23.9557085905306	-24.894272242083	-0.433817187410182	-0.917756902678641	-1.0375329348271	-0.754750668357607	1	1	2	2	2
35.1662467391565	-13.683734093457	0.114666447338322	-0.764439831992236	-1.29539190498406	0.0483827208929358	1	1	2	2	2
48.8499808326136	0	0.738143814457852	-0.373851592322958	-1.21930538549507	0.610575338285868	1	1	2	2	2
60.9705993923562	12.1206185597426	1.19018407632126	0.144507705625627	-0.835027745098606	0.568851073750352	1	1	2	2	2
71.2484191677462	22.3984383351327	1.29211729838568	0.645317760971819	-0.272632328129412	-0.0498510650352463	1	1	2	2	2
12.8238120758997	-34.8437366883363	-0.288210017310285	-1.44922801460735	-0.186244947521834	-0.978485062768312	1	2	1	1	3
23.3032554704468	-24.3642932937893	-0.65390616632064	-0.932247183870339	0.498682790677577	-0.442870468310977	1	2	1	1	3
36.0303171797629	-11.6372315844731	-0.756377894416639	-0.134185272661047	1.17874826061027	0.0986829873238543	1	2	1	1	3
47.667548764236	0	-0.565451846566765	0.43563144422693	1.48788957574495	0.475597432635223	1	2	1	1	3
59.6722084165823	12.0046596523463	-0.137347231069544	0.413543679648937	1.25970385573222	0.569152798255627	1	2	1	1	3
71.1450183268588	23.4774695626228	0.401878230652315	-0.186352067498115	0.617017650132997	0.349881124985515	1	2	1	1	3
11.3380058801674	-37.1907749068877	-1.18265330474223	-0.331470475594504	0.0127802951936441	-1.19217986188098	2	1	1	2	4
23.2699376391187	-25.2588431479364	-0.627558180931745	-0.519782751265116	0.842879286027853	-0.911205773399961	2	1	1	2	4
36.6652224155371	-11.863558371518	0.137618235206999	-0.280011262234775	1.13906492497566	-0.0137176040199431	2	1	1	2	4
48.5287807870551	0	0.664565946899361	0.285112784437409	0.674808380235605	0.712463870517149	2	1	1	2	4
61.3543620504456	12.8255812633905	0.644551017831269	0.933459368674626	-0.194817451647588	0.629891971672441	2	1	1	2	4
71.7883526804187	23.2595718933635	0.0893000153624955	1.38724138801236	-0.804704956068774	-0.188951166948608	2	1	1	2	4
13.5104006148271	-33.7124257770904	-0.483417960399564	-0.96447968284581	-0.96412572688459	-0.82994614276942	1	1	2	1	5
24.2415414390474	-22.9812849528701	0.292575691802491	-0.819222543850632	-0.855026176234583	-0.437447217275486	1	1	2	1	5
36.7633789042561	-10.4594474876614	0.960472353606569	-0.448379307894275	-0.0689961342562431	0.301526315148694	1	1	2	1	5
47.2228263919175	0	1.09381551231261	0.0501350370800811	0.753923781255759	0.957593455541669	1	1	2	1	5
61.0676182571443	13.8447918652268	0.607464663848347	0.544696070441476	0.943654638210996	1.14954601204358	1	1	2	1	5
71.0331607593822	23.8103343674646	-0.18804190248778	0.904723177731983	0.345704307282319	0.76584984053749	1	1	2	1	5
11.703335474658	-37.6802404739164	-0.084355461569819	0.297618136209304	-1.09399353690647	-0.657232298631065	1	2	2	1	6
22.4546549353496	-26.9289210132248	-0.511926306826165	-0.415530035008211	-0.572652259773211	-0.488480684430817	1	2	2	1	6
35.7785079009466	-13.6050680476277	-0.375849417728827	-0.408886006987847	0.146330505357452	0.0932778665413605	1	2	2	1	6
49.3835759485743	0	0.245468679585045	0.312221360627428	0.691068055927258	0.796422910113044	1	2	2	1	6
62.1780447072655	12.7944687586912	0.994028960007832	1.16942606189157	0.779800298000922	1.26848610769024	1	2	2	1	6
71.3565351532482	21.9729592046739	1.43851636643076	1.47520487680496	0.366631359638621	1.27283444524183	1	2	2	1	6
14.3615524276772	-31.8715504896915	-0.672203865148823	-0.380163274537396	-0.599400874602186	-0.505980411290215	1	2	2	2	7
23.8392849954485	-22.3938179219202	-0.483242529101527	-0.904556762118401	-0.859391458894987	-0.682078108679512	1	2	2	2	7
35.3904792557575	-10.8426236616112	0.211165163199943	-1.24885758831298	-0.724422326934359	-0.100913250047123	1	2	2	2	7
46.2331029173687	0	0.970414764702949	-1.30656586804499	-0.24809442203134	0.782348537651447	1	2	2	2	7
60.9202578827131	14.6871549653443	1.31275937865806	-1.0598311499306	0.380425854154017	1.27594071108161	1	2	2	2	7
72.2057351086118	25.9726321912431	1.02097998372463	-0.584973956966821	0.911531208426128	0.99328416494722	1	2	2	2	7
10.7579442240492	-38.7780207539555	-1.22054016917761	-0.364635296306459	-0.598667030756014	-0.596764309975507	1	2	2	1	8
24.0704747775132	-25.4654902004914	-1.03175813128544	-0.52977090802617	-0.878660601063922	-0.0507293061870166	1	2	2	1	8
36.3659956638327	-13.1699693141719	-0.272669159761537	-0.383425701360788	-0.351282849606281	0.411383048057603	1	2	2	1	8
49.5359649780046	0	0.507395553011238	0.0288095939571643	0.552576405204897	0.651781408783442	1	2	2	1	8
61.0754627904292	11.5394978124246	0.74392526471105	0.578511858624434	1.09442611193797	0.598784478337409	1	2	2	1	8
72.9543715614479	23.4184065834432	0.265750121162322	1.09443306919804	0.831552255647303	0.268194730307643	1	2	2	1	8
11.0410641621229	NaN	0.0192772861527359	-0.832363322974656	-0.495432944940237	-0.146860771936277	1	1	1	2	9
23.0684821147429	NaN	0.616173569821328	-0.975757121427433	-0.887151623198742	0.33095744402931	1	1	1	2	9
36.7867352446187	NaN	1.06661872817398	-0.804890772132778	-1.07783200050432	0.814845243060756	1	1	1	2	9
48.0331917023199	NaN	1.20806529067327	-0.373478257032849	-1.01955480493586	1.1854964746544	1	1	1	2	9
60.4074608237853	NaN	0.989470903940241	0.182860483835261	-0.726965490948126	1.35152430965399	1	1	1	2	9
73.3338441651696	NaN	0.489717456209819	0.68923338305119	-0.273593737348697	1.27199334545193	1	1	1	2	9
12.8582391041072	NaN	-0.837740386160106	-0.551608375272275	-1.28628556482884	-0.739209629180849	1	2	1	2	10
24.4619313026019	NaN	-0.458822555798599	-1.10551228908136	-1.31100665124854	-0.187237354428802	1	2	1	2	10
35.0572110476774	NaN	0.0422761235692845	-0.788218443159488	-0.659895505265446	0.635999854534556	1	2	1	2	10
50.1046337103618	NaN	0.533337230250177	0.120985905699987	0.186099514406559	1.17249046289408	1	2	1	2	10
60.0224725374411	NaN	0.884790826917071	0.821804150042273	0.602077546061223	1.05858721986337	1	2	1	2	10
71.5240143245112	NaN	1.00390340266075	0.697364555704297	0.280773151501701	0.371496698191983	1	2	1	2	10
12.1330637776625	NaN	-0.844096053703039	-0.96543281259215	-0.838522277563183	-0.558388745303497	2	1	2	1	11
24.6920572387168	NaN	-0.500939899936026	-0.437695816772234	-0.424602690481624	0.359548893130182	2	1	2	1	11
36.4523517978178	NaN	0.0199639048560804	0.0826518056052901	0.261026040228324	0.972321338823234	2	1	2	1	11
49.6515066670511	NaN	0.559478368950158	0.441162806587202	0.879501406335566	0.756741166156714	2	1	2	1	11
60.0138372345869	NaN	0.952780912788912	0.531425558481969	1.12515052038506	-0.103128460240102	2	1	2	1	11
71.5299778995307	NaN	1.07971694527941	0.326648676024614	0.876564708552176	-0.873127609769056	2	1	2	1	11
11.9157341867368	NaN	-0.527221213029039	0.0134742088987277	-1.46171426076455	-0.533588648717784	1	2	1	2	12
25.7812096783006	NaN	0.299979212889673	0.825047172347479	-1.36674720353484	0.278534889713501	1	2	1	2	12
34.7376089377326	NaN	0.951716780654425	1.07217436282181	-0.954609782299612	0.543230956286087	1	2	1	2	12
46.9055867673364	NaN	0.966636502185464	0.566156699662077	-0.37136121744919	0.0607934010977806	1	2	1	2	12
61.062375832707	NaN	0.334176936360539	-0.306625558235426	0.176298428642801	-0.804791457647242	1	2	1	2	12
73.1346199504585	NaN	-0.497953529450837	-0.879741455356615	0.4942816093816	-1.40046284049762	1	2	1	2	12
11.6319280498612	NaN	-0.817430344756246	-0.280449254065487	0.0837166360349157	-1.22047263234066	2	2	1	2	13
24.3247044556782	NaN	-1.04325142996688	0.583305139993723	0.965433077334431	-0.7853627094025	2	2	1	2	13
35.8064719568131	NaN	-0.592226350486546	0.900953599481152	1.25876802733899	-0.0714666875980153	2	2	1	2	13
49.5186312742864	NaN	0.226901127978433	0.416232578360711	0.715344683423444	0.544616301327984	2	2	1	2	13
59.5806270166188	NaN	0.853407192494674	-0.479808245648404	-0.204701697322962	0.737886101014042	2	2	1	2	13
71.8754282786977	NaN	0.85842469044296	-1.06428610042697	-0.722336164196006	0.406387753691536	2	2	1	2	13
12.9878972885653	NaN	0.0630826709818626	-1.33973194468357	-0.550469036879834	-0.722154327015226	2	1	2	2	14
23.73316066286	NaN	0.807123408756764	-1.19445429054317	0.0802197521783926	-0.204775347899993	2	1	2	2	14
37.863370960517	NaN	1.34127320829379	-0.59887493302206	0.637169978767243	0.568714447424564	2	1	2	2	14
48.2455438780306	NaN	1.36981125386287	0.127504699495005	0.894351230040491	1.1346518671725	2	1	2	2	14
60.4358219249921	NaN	0.876938056027984	0.595014738151681	0.747390113859246	1.15378957805311	2	1	2	2	14
71.4930802312186	NaN	0.135522507076579	0.552857160402793	0.25592873139696	0.614655609571092	2	1	2	2	14
11.2504116646162	NaN	-1.40208884177872	-1.22228394126672	-1.07065457543254	-0.641097029159181	2	1	2	1	15
24.9673449413805	NaN	-1.12110486914242	-1.06332115419054	-1.18551749707856	-0.974824854687843	2	1	2	1	15
36.3302259612081	NaN	-0.385141248452509	-0.670165959714456	-0.787640264922877	-1.03248558115352	2	1	2	1	15
48.8243930626109	NaN	0.339329075249109	-0.152392722547587	-0.0856666596579512	-0.796923531153569	2	1	2	1	15
61.0484512073681	NaN	0.593117908426799	0.345692506358466	0.552293723313475	-0.33822499714063	2	1	2	1	15
71.5225653968211	NaN	0.215367266931608	0.685270824709628	0.791699333287425	0.207134389082824	2	1	2	1	15
12.6843956082706	NaN	-0.52145937001909	-0.562406052870953	-0.429425257531395	-0.00607799539423365	1	2	2	2	16
22.9374930601269	NaN	-0.499947758528988	-0.858469637308819	-1.12813489560613	-0.437259583927361	1	2	2	2	16
36.309008298229	NaN	-0.176177824969114	-0.590221462292367	-1.34876442579435	-0.610174608490546	1	2	2	2	16
46.7332004017073	NaN	0.346605002579733	0.0909326645968233	-0.954711954531494	-0.470796521536628	1	2	2	2	16
59.4092449074476	NaN	0.901693036871519	0.800532753415269	-0.189953497595594	-0.0626734002837106	1	2	2	2	16
72.6158409377003	NaN	1.31207693953794	1.13806322003671	0.472013796885269	0.486678460653738	1	2	2	2	16
