age	diseaseAge	x1	x2	x3	x4	z1	z2	z3	z4	id
12.8721184338829	-35.3682941266105	-1.2850364639144	-1.22318243317493	-0.404586472047886	-0.601813931157658	1	1	2	1	1
24.3042117199753	-23.9362008405182	-1.37650241662095	-0.692231723355883	0.440727616588622	0.0581221701939381	1	1	2	1	1
36.5048201648007	-11.7355923956928	-1.17415740553684	-0.0184542018765217	0.685918761906172	0.864600784965424	1	1	2	1	1
48.2404125604935	0	-0.737789321568041	0.492097122473008	0.131108935108512	1.26989567448439	1	1	2	1	1
59.993353356558	11.7529407960645	-0.196334021642212	0.60751221414285	-0.771424949833891	0.998747654783159	1	1	2	1	1
72.3116562989884	24.071243738495	0.290221992824203	0.275365554413132	-1.28594386935036	0.235309017359898	1	1	2	1	1
11.6781593280187	-34.9822355843608	-1.00052628924636	-0.255760832098034	-1.3079744268733	-0.728031387911269	2	2	1	2	2
24.575447724929	-22.0849471874504	-0.249212210547718	0.230995490772246	-1.11009931295242	-1.0261709374417	2	2	1	2	2
35.8491478013159	-10.8112471110635	0.63031214460707	0.799100451797644	-0.301069291624738	-0.881266935436599	2	2	1	2	2
46.6603949123794	0	0.874480960998409	1.26499387530033	0.480714256247805	-0.357998686404314	2	2	1	2	2
61.4344428236227	14.7740479112433	0.2713172078069	1.47814111621939	0.618350000257313	0.310067959503459	2	2	1	2	2
73.2326493629853	26.5722544506059	-0.65553787613498	1.36967225143759	0.00323029085397764	0.824734985498941	2	2	1	2	2
11.1229261217318	-37.6745701760402	-0.635090214017264	-0.677462006581124	-0.335223034156016	-0.504846614926539	2	1	1	1	3
23.1937049131169	-25.6037913846551	-0.177216726820369	-0.167965960930625	0.181567557538932	-1.14198496712672	2	1	1	1	3
34.1475897877836	-14.6499065099885	0.53151553730698	0.581796592256553	0.566548695639376	-0.936953023689857	2	1	1	1	3
48.7974962977721	0	1.12754656354442	1.14905987696848	0.711710677344423	-0.068651473643105	2	1	1	1	3
57.8823931255463	9.08489682777419	1.3051289495226	1.21396328967825	0.576327085304608	0.705282882704211	2	1	1	1	3
71.2020425326623	22.4045462348902	0.973167851467829	0.739909988461155	0.198380927239448	0.709553370641716	2	1	1	1	3
11.8896479818402	-37.3357290972527	-0.55797357858385	-0.950194058779213	-0.396562940491927	0.179645898223596	1	1	2	1	4
24.5387440973238	-24.6866329817691	-0.730967810669163	-0.697496117622045	0.184835435952179	1.08667581868315	1	1	2	1	4
34.117194912743	-15.1081821663499	-0.623297031635268	-0.188001208190023	0.860743710244916	1.43659639709481	1	1	2	1	4
49.2253770790929	0	-0.265242499325448	0.400792836480185	1.31583006100909	0.927347164776982	1	1	2	1	4
58.9944106135405	9.76903353444762	0.24249676919999	0.863761951164129	1.33778282802642	-0.00147480602070288	1	1	2	1	4
72.7815171267915	23.5561400476986	0.75712452183499	1.03961695887883	0.91636037604679	-0.548086433278854	1	1	2	1	4
12.4829991724266	-34.7921807847831	-0.882170417355817	-0.385718915942596	-1.10073600956348	-0.5431896321497	1	2	1	1	5
23.698278163308	-23.5769017939017	-0.458139104359246	0.181377081837156	-1.31343159153731	-0.0445886183246698	1	2	1	1	5
35.5756054366632	-11.6995745205465	0.0506797467275585	0.562421166962236	-1.24490144544544	0.653309943717853	1	2	1	1	5
47.2751799572097	0	0.511834333144607	0.625550974348972	-0.914610611575459	1.20924942466435	1	2	1	1	5
60.891652263223	13.6164723060133	0.80528044624768	0.348920092953982	-0.416373633665246	1.35138797859545	1	2	1	1	5
72.7322021834238	25.4570222262142	0.854630454937035	-0.171741865611126	0.108292164875645	1.01022306395545	1	2	1	1	5
11.7565585555933	-34.4751830565894	-0.598385335489997	-1.24738122877499	-0.157976692559405	-0.448189080144178	1	2	2	1	6
25.3097313029464	-20.9220103092364	-0.812594996769932	-1.400064839939	0.561277071075751	-0.977963481508498	1	2	2	1	6
37.6984826510683	-8.53325896111444	-0.371297615489164	-1.13414084881505	0.861607981261871	-0.831471333593917	1	2	2	1	6
46.2317416121828	0	0.432803053613146	-0.561404395653774	0.563194396586777	-0.111093559738871	1	2	2	1	6
61.2790535089771	15.0473118967943	1.06636306829236	0.0773646191034343	-0.155290030668077	0.679709806944344	1	2	2	1	6
71.0881574750579	24.8564158628752	1.10915470226788	0.513626033695667	-0.863656316764762	0.988259458979257	1	2	2	1	6
11.830298778058	-36.2186336841233	-0.80867192293233	-0.354946915241061	-0.91009639585182	-1.02379698417683	2	1	2	1	7
22.7640995992768	-25.2848328629044	-0.0967874062880245	-0.929707555869994	-0.111932132490642	-1.46998227269359	2	1	2	1	7
34.9736802925559	-13.0752521696254	0.484225712535992	-1.20650690823658	0.660911576687911	-1.33553660749055	2	1	2	1	7
48.0489324621812	0	0.636456364776984	-1.07024456526544	0.81845712925943	-0.700465518154578	2	1	2	1	7
60.1727926600639	12.1238601978827	0.281849176402512	-0.577581971468391	0.240436550891086	0.0573147661008976	2	1	2	1	7
72.1704560834305	24.1215236212492	-0.397773096685787	0.0666188869829276	-0.631897689220998	0.486866590567718	2	1	2	1	7
13.2478288335571	-34.6419667021484	-0.498848239096454	-1.08534503868603	-1.21366837980956	-0.427256758605255	1	1	1	1	8
23.2306114121645	-24.659184123541	-0.970180742021805	-0.910500275067183	-0.686934557584192	0.125606032508023	1	1	1	1	8
36.6519818739255	-11.23781366178	-0.912381973319298	-0.161110987394384	0.176519300134709	0.58676637578629	1	1	1	1	8
47.8897955357055	0	-0.35750305957987	0.623789883272471	0.732635835739058	0.815183583601158	1	1	1	1	8
59.5937910451311	11.7039955094256	0.386759231494704	0.879626045657708	0.5666031363031	0.740998830218935	1	1	1	1	8
72.4298940341943	24.5400984984888	0.907689448631203	0.42237549503232	-0.197733637578523	0.386900685420345	1	1	1	1	8
12.7812953734113	NaN	-0.455871533118238	-0.455332603625522	-0.74094500544973	-0.575344281128207	2	2	1	2	9
24.3664161878338	NaN	-1.24654567161155	0.132942087618127	-0.324538472596478	-0.607527665071765	2	2	1	2	9
35.4782657485383	NaN	-1.40857482013096	0.985249414058494	0.251340048324524	-0.37435239928266	2	2	1	2	9
49.8669215658382	NaN	-0.814688084727376	1.4792788010331	0.788968139077211	0.061030571380198	2	2	1	2	9
60.8271159681818	NaN	0.068627507974695	1.25431563050348	1.10375630317324	0.580706313359033	2	2	1	2	9
70.7456276377471	NaN	0.547543926725105	0.474616333908363	1.08762501554607	1.04393085016407	2	2	1	2	9
12.5494399888147	NaN	-0.614662645511185	-1.33069654054527	-1.07040052982731	-0.273749103356447	1	2	1	1	10
24.4027685607657	NaN	-0.482174915394054	-0.814668160585743	-0.441278704151302	0.316020479800456	1	2	1	1	10
34.8945318232849	NaN	0.350058565475061	-0.0360516472180248	0.474991495108486	0.866899250895583	1	2	1	1	10
48.5054164101262	NaN	1.16325831919598	0.532095515504926	0.894143588950342	1.17958137512453	1	2	1	1	10
60.8840542935853	NaN	1.25508382733913	0.544588936094846	0.457411203580695	1.14093965451236	1	2	1	1	10
72.5602538154101	NaN	0.54622766918871	-0.00616190788134119	-0.461391724438323	0.764954515949702	1	2	1	1	10
11.8666784706149	NaN	-0.328402934500236	-1.30917764324278	-0.0514395932601132	-0.871502717354849	1	2	1	2	11
23.981113753778	NaN	0.546546262985286	-0.792012351867831	-0.596431608371405	-1.10489895058826	1	2	1	2	11
36.5258396719858	NaN	1.13378165595081	-0.109951557969222	-0.479501661811951	-1.07232925752193	1	2	1	2	11
48.043680896457	NaN	0.981496340332344	0.419641284442271	0.218647378996724	-0.782634007910709	1	2	1	2	11
60.8774324880885	NaN	0.206855524167717	0.550346185842835	1.01616607224206	-0.314444987370929	1	2	1	2	11
72.5527758246343	NaN	-0.5941479877744	0.221346047030038	1.36262189605131	0.20515757499315	1	2	1	2	11
11.0573959248466	NaN	-0.0771253375078261	-1.04414800149653	-1.14563262363886	0.160450342923688	2	2	2	2	12
24.401864923072	NaN	0.764852377928584	-0.366829793835548	-0.713421816907161	-0.319783867621153	2	2	2	2	12
35.6948187145792	NaN	1.182842793311	0.377412243444583	-0.176349057095154	-0.573417609862237	2	2	2	2	12
49.1737379181969	NaN	0.871102956456009	0.740408857827861	0.309250588561134	-0.521554334175202	2	2	2	2	12
61.84615711666	NaN	0.0576578519700662	0.50356997621316	0.6020252233838	-0.180326884194216	2	2	2	2	12
72.8354118327196	NaN	-0.66249058103028	-0.190484260070369	0.616751865227883	0.344120864259067	2	2	2	2	12
10.994679454964	NaN	-1.03904488715958	0.0712487973298112	0.0271036247401999	0.127486214871979	2	2	1	2	13
24.349425266105	NaN	-0.560333155429415	-0.6519234683905	0.886655392671342	0.916195767771799	2	2	1	2	13
34.8943248851707	NaN	-0.0384479975104731	-0.924945698483557	1.33906123005205	1.24882625281659	2	2	1	2	13
49.9046721123477	NaN	0.382788093278093	-0.578460454591184	1.04476333634105	0.898033836986926	2	2	1	2	13
59.158136180611	NaN	0.587289759968471	0.172605246850926	0.224649987584924	0.103575535933737	2	2	1	2	13
70.3795590904953	NaN	0.518699891910851	0.862360539770923	-0.505734404785959	-0.591558144493218	2	2	1	2	13
10.5821497601786	NaN	-1.00887478519429	-0.589261353196609	-0.844474591329651	-0.911082536559715	1	1	2	2	14
23.2344502250983	NaN	-0.921966486696298	-0.121419716531596	-1.44488076103345	-0.8621013918028	1	1	2	2	14
36.3516424785161	NaN	-0.372951378480179	0.727141419835534	-1.2740113802129	-0.557899372266544	1	1	2	2	14
46.3442399557934	NaN	0.350529283339672	1.33811722785538	-0.468672780763186	-0.0813718145258639	1	1	2	2	14
60.5911291366333	NaN	0.86942784920674	1.26631964065823	0.326341808738218	0.43762707352688	1	1	2	2	14
72.0114129721657	NaN	0.911881791026067	0.564064034124177	0.474505063907404	0.85766960652416	1	1	2	2	14
12.1411938891331	NaN	0.135578181958464	-1.00448558757429	-0.344761506004062	-0.116768639537073	2	1	1	2	15
24.5450273747203	NaN	-0.568430321803923	-0.828643589107781	0.531261768559384	0.555177434902016	2	1	1	2	15
36.9925810482092	NaN	-0.601280793495717	-0.235498259345223	0.773738445314685	1.17902839026845	2	1	1	2	15
47.505728892101	NaN	0.0619984874864012	0.472119051671976	0.173256174725917	1.45402782766765	2	1	1	2	15
60.5933544903893	NaN	0.917207001830155	0.932933130508706	-0.751585049090531	1.24759946460978	2	1	1	2	15
73.0109778719161	NaN	1.31424668463907	0.911674570815469	-1.2020561433267	0.659261704599602	2	1	1	2	15
11.4363786125864	NaN	-1.36875937267458	-0.94702678107483	-1.13937180898323	-0.865709021404719	2	2	2	2	16
22.1221488383931	NaN	-1.19143485201263	-1.21145853573434	-0.606271716720799	0.0130041486417379	2	2	2	2	16
35.2107197289349	NaN	-0.720823243668961	-0.737360523502912	0.0359369279681456	0.58275652727017	2	2	2	2	16
48.7427836284635	NaN	-0.12469973208503	0.121915382172457	0.521405253410874	0.402746315673683	2	2	2	2	16
59.7973972478534	NaN	0.384414932437459	0.725938841478317	0.649168654694119	-0.387757519397014	2	2	2	2	16
71.7638903115195	NaN	0.625019050348977	0.624522729716337	0.366338158190515	-1.17716382793786	2	2	2	2	16
