age	diseaseAge	x1	x2	x3	x4	z1	z2	z3	z4	id
11.8743254907168	-34.462627364854	-1.05172736713153	0.468811378451366	0.0436902956239947	-0.939237584478193	1	2	2	2	1
23.6050131002212	-22.7319397553496	-0.527237232787501	1.23194692577997	0.873385277785895	-0.377220710262279	1	2	2	2	1
34.8117806003694	-11.5251722552014	0.112707266256942	1.46276524181415	1.32674967198103	0.183597450471383	1	2	2	2	1
46.3369528555707	0	0.605596340347236	0.999043966138508	1.08595723963085	0.54976873114865	1	2	2	2	1
59.4748218254224	13.1378689698516	0.74924338212028	0.166692936444607	0.319812928878455	0.594986303890667	1	2	2	2	1
72.7602888109383	26.4233359553676	0.484723352331814	-0.449299831363608	-0.434586021029819	0.303652855421357	1	2	2	2	1
13.1339735634853	-35.163115187987	0.021458592008307	-0.465367013229204	-1.12551676077645	-1.28140955966431	2	1	1	2	2
23.9598704124544	-24.337218339018	-0.570897595459868	0.00933057398555243	-0.706341014332888	-1.28264620173408	2	1	1	2	2
36.3805856898672	-11.9165030616051	-0.688292400043891	0.578669414162354	0.0132851250461454	-0.905894345939298	2	1	1	2	2
48.2970887514723	0	-0.265731945082946	1.0580895364674	0.643573209171041	-0.301127398738542	2	1	1	2	2
58.3224040446046	10.0253152931323	0.462839497452963	1.29217951005176	0.843125113683169	0.290915389907711	2	1	1	2	2
73.7065371370761	25.4094483856038	1.09405925199603	1.20505545760293	0.503852731527129	0.634559868918756	2	1	1	2	2
12.6288602384222	-36.1023965066093	-0.183975648276062	0.321363924214168	-0.966819088109309	-0.494455447315831	1	2	1	1	3
25.3439339536316	-23.3873227913999	-0.600283504621755	0.944922453885239	-0.268487002447231	-1.11335101980568	1	2	1	1	3
35.9399921041006	-12.791264640931	-0.705866528913138	1.33678391443223	0.591244895042462	-1.24346156310726	1	2	1	1	3
48.7312567450316	0	-0.463742051160256	1.33369934088736	0.934014977014131	-0.809639145360483	1	2	1	1	3
61.2790459244785	12.5477891794469	0.0412807491563602	0.936953762500157	0.489364428003752	-0.0624465315877611	1	2	1	1	3
73.3186900900634	24.5874333450319	0.632307037977316	0.311830861255698	-0.391860318458006	0.566560324317137	1	2	1	1	3
11.6822153315659	-35.702419299937	0.339857236020785	-0.296180308828087	-0.617723236332164	-0.152394383404843	1	2	2	1	4
23.8264897945395	-23.5581448369635	1.19596615277814	0.276444116252691	0.260341548720294	-0.631469995514715	1	2	2	1	4
35.0768365450687	-12.3077980864343	1.37915864965013	0.771272128285366	0.945408285810176	-0.875024604787671	1	2	2	1	4
47.3846346315029	0	0.730601395088844	1.02561251900835	0.880948716165657	-0.805888444947579	1	2	2	1	4
59.6120627798404	12.2274281483375	-0.187387223414571	0.955842404368518	0.119327916228536	-0.445967162994986	1	2	2	1	4
70.8534207978549	23.4687861663519	-0.57888382968687	0.584901035934665	-0.720735564865442	0.0906989390245054	1	2	2	1	4
13.1394671601394	-35.9193970539041	0.135842931010122	-0.976779682981549	-1.44872702500056	-0.498071914624456	2	1	1	1	5
26.4744536591008	-22.5844105549428	0.629947001990239	-1.36545619836448	-1.19692271743847	0.011822992017366	2	1	1	1	5
34.2093694570694	-14.8494947569742	1.02321765550013	-0.97771642863978	-0.773842609180267	0.681074157351557	2	1	1	1	5
49.0588642140436	0	1.21710549205234	-0.114607898178954	-0.281993268169892	1.20977717052276	2	1	1	1	5
60.088333990193	11.0294697761494	1.16302430342208	0.55373775667939	0.159456885928507	1.36100997013509	2	1	1	1	5
71.8368242655212	22.7779600514776	0.874526254296725	0.508405994457035	0.443550472392757	1.06700220924103	2	1	1	1	5
12.1444985549604	-37.0532207204322	-0.542872127635973	-0.887594339172962	0.094831839474831	-0.857301244673272	2	1	1	2	6
23.6707765599962	-25.5269427153964	-0.0405399516148647	-0.848916854716108	-0.59609976425358	-1.19450951325717	2	1	1	2	6
36.462620873373	-12.7350984020196	0.533673545754909	-0.56843651338486	-0.885641876655011	-0.958206924448364	2	1	1	2	6
49.1977192753926	0	0.989413021431119	-0.117896740849395	-0.61019924192259	-0.284267277827351	2	1	1	2	6
59.2632156105068	10.0654963351142	1.17559800686399	0.387459923862633	0.0745992819670764	0.439794668786514	2	1	1	2	6
74.329969638886	25.1322503634934	1.03050702226643	0.818369454118863	0.781833157746595	0.797643875163628	2	1	1	2	6
12.0584369498177	-35.0830031163161	-0.58054795186276	-0.237405069569569	-1.03809345311337	-0.580683262080546	2	2	2	2	7
24.6191096274648	-22.522330438669	-0.13293850159464	0.360816274796826	-1.02435956250131	0.136488705714261	2	2	2	2	7
36.7641297013241	-10.3773103648098	0.406533855033606	0.795195347613942	-0.652406204225964	0.803637864222223	2	2	2	2	7
47.1414400661339	0	0.880519264629554	0.906455130512514	-0.0633340856731848	1.04594189638658	2	2	2	2	7
59.2312880492541	12.0898479831202	1.15076868849136	0.653799168061189	0.519391966775353	0.727267888585517	2	2	2	2	7
71.5869313582858	24.445491292152	1.13845749973764	0.129870708728354	0.874714510342676	0.0266554580717677	2	2	2	2	7
11.1444263633095	-38.5417859769964	-0.86741982865441	-0.379642576450685	-0.327816635549936	-1.44260394705375	2	1	2	2	8
24.3514907070421	-25.3347216332638	-1.18774713988287	-0.708207680115831	0.403984914842262	-1.24313878798681	2	1	2	2	8
35.9666223438592	-13.7195899964467	-1.26208106172373	-0.673992836916875	1.14896700772011	-0.401457234918889	2	1	2	2	8
49.686212340306	0	-1.07051919250054	-0.289826119277652	1.42170891208726	0.378822438277733	2	1	2	2	8
59.3420232310301	9.65581089072409	-0.664350918979852	0.30025795398067	1.04449551793376	0.445411922810899	2	1	2	2	8
71.4099414868915	21.7237291465855	-0.152325032126056	0.875020864128275	0.263114211670817	-0.257355414376144	2	1	2	2	8
11.5407980985452	NaN	-0.564279302534724	-1.28783701896687	-0.623635070227145	-1.07172078331705	1	1	1	1	9
24.2692030279057	NaN	0.209288221824186	-0.48402359535055	-0.639386549493542	-0.887713823164309	1	1	1	1	9
33.9023660497891	NaN	0.603577003127046	0.344523712426418	-0.399965004118317	-0.0639367227333125	1	1	1	1	9
46.0601623680735	NaN	0.369215399646561	0.497356201251423	0.0319124882122265	0.724913820291657	1	1	1	1	9
60.1639796907377	NaN	-0.345572392066066	-0.154729757426537	0.543114529089424	0.832746944600007	1	1	1	1	9
71.300780452071	NaN	-1.08871212197253	-1.06046477948574	0.999730454538373	0.171244277620131	1	1	1	1	9
10.5927057615675	NaN	-1.40274796931063	0.240008879090079	-0.221357844614884	-0.433082059015239	2	1	2	1	10
21.7204670797402	NaN	-1.30670136973989	1.03367918268784	0.303055684117384	-0.996225667110672	2	1	2	1	10
34.8246966306319	NaN	-0.791507574022934	1.45104647595616	0.793691046185374	-0.87099706969578	2	1	2	1	10
46.7722674083562	NaN	-0.102134736165144	1.21886107551141	1.11262555936121	-0.147336595665269	2	1	2	1	10
58.8980741427711	NaN	0.433629051439122	0.489134382776564	1.17020342850031	0.655016155672183	2	1	2	1	10
74.3339671185232	NaN	0.561034863000289	-0.260382731582552	0.950238918202035	0.959804068653299	2	1	2	1	10
10.337949759701	NaN	-1.0279129883618	-0.708273578671062	-0.660494688984312	-0.869330020477956	1	2	2	2	11
22.6349720262722	NaN	-0.50904906469812	-0.627100271111839	-0.319714948189144	0.00460233770245555	1	2	2	2	11
37.2545625262066	NaN	0.0305657577987191	-0.11339378457921	0.194181179238945	0.582316777180165	1	2	2	2	11
47.384547455765	NaN	0.426567583061999	0.583285080953263	0.728098280622438	0.421192064599118	1	2	2	2	11
61.0841671053331	NaN	0.558336294415462	1.12448676417969	1.1229764708811	-0.355324618988332	1	2	2	2	11
72.4196717614791	NaN	0.385735820952953	1.24729318142031	1.26117711397858	-1.15229787172213	1	2	2	2	11
12.6610793851812	NaN	-0.801793110139888	-0.297125763896518	-1.38096976398917	-0.599562463940675	1	1	2	2	12
25.5022607023569	NaN	-0.225219973911669	0.446406669808439	-1.35819177341235	-0.151320339043141	1	1	2	2	12
35.6843148532253	NaN	0.362848425737085	1.08970664686553	-0.716824760511103	0.408125803908884	1	1	2	2	12
49.6016091097042	NaN	0.742195035262475	1.2598896668483	0.101377316884646	0.902647727291969	1	1	2	2	12
60.7692844494787	NaN	0.770763943019792	0.858310288049072	0.532861923761835	1.17655703119685	1	1	2	2	12
71.5911110913237	NaN	0.437856800495425	0.117741293594842	0.280435676306631	1.1436199224815	1	1	2	2	12
12.5432507217718	NaN	-0.584334990938024	-0.732933656974667	-0.346283407859738	-0.555310405748239	2	1	2	2	13
24.1576400475255	NaN	0.209144307414007	-0.128432391499521	0.392172462538144	-0.421848933683963	2	1	2	2	13
35.4112953600058	NaN	0.670093766442565	0.799219180129743	1.21149950813582	0.127982807528622	2	1	2	2	13
47.9653790768257	NaN	0.503054641875353	1.24293572261444	1.49154653730417	0.82580324199188	2	1	2	2	13
60.874977003904	NaN	-0.184904560137339	0.816670227119273	1.02034508179342	1.33099517019347	2	1	2	2	13
72.1347388589318	NaN	-0.952816705442417	-0.108713243943027	0.15454899027423	1.39696641554772	2	1	2	2	13
12.7445330491122	NaN	-0.594755905835075	-0.444159207820758	-1.27078162693325	-0.0215081858072589	2	1	1	2	14
24.488643878196	NaN	0.171909119004252	-0.955796184451692	-1.14716411309821	-0.466965300188229	2	1	1	2	14
37.155619421362	NaN	0.576025688917247	-1.23695058779179	-0.514684456212728	-0.629609943067848	2	1	1	2	14
45.7798973440873	NaN	0.367853136360913	-1.19440478191955	0.247279439646458	-0.454505604580968	2	1	1	2	14
58.7630751484623	NaN	-0.323959638544813	-0.842264963980263	0.681681624232215	-0.000797308187319545	2	1	1	2	14
73.3999823780664	NaN	-1.07187811461728	-0.297284209693772	0.527956261915872	0.578265814389919	2	1	1	2	14
10.2861932708441	NaN	-1.1280873776519	0.0652128410912445	-0.384886062146199	-0.946954129972116	1	1	2	2	15
25.2368495150354	NaN	-0.261378498630559	-0.502601257621153	-0.508952320240784	-0.572283890561108	1	1	2	2	15
36.8311563009807	NaN	0.438730865215435	-0.564744601601537	-0.0752130717177016	-0.0582094067600763	1	1	2	2	15
48.3231213729404	NaN	0.410535214604326	-0.0859969847181961	0.668246678205576	0.450578460859437	1	1	2	2	15
60.047829455743	NaN	-0.323343767592679	0.662307791664397	1.29619168377544	0.810876817125687	1	1	2	2	15
71.3799008553809	NaN	-1.17410684314966	1.25606238498258	1.44945744578289	0.921276467703224	1	1	2	2	15
10.9719985697572	NaN	-0.804759692396107	-0.713310857971072	-0.276213457257798	-0.817872050912071	2	2	2	2	16
22.3234598762759	NaN	-0.991811078903663	-0.404933251546894	0.348654734252288	-0.40219494963073	2	2	2	2	16
36.8365430866333	NaN	-0.702088486083065	0.332125029839169	0.775758455458164	0.350973722868915	2	2	2	2	16
48.4066661973586	NaN	-0.0741583926903539	1.0410198060604	0.832343395030313	0.994959223165981	2	2	2	2	16
61.2354150030394	NaN	0.591657223967517	1.28236322812625	0.49552215634337	1.14783905685123	2	2	2	2	16
73.5752543433732	NaN	0.97691676566078	0.906565581672053	-0.0984682805870573	0.718946202075554	2	2	2	2	16
