age	diseaseAge	x1	x2	x3	x4	z1	z2	z3	z4	id
10.1907131168798	-39.4522348025597	-0.549571680714193	0.0745259681857399	-0.220332760647302	-1.32434411020295	1	1	2	2	1
23.327258402919	-26.3156895165205	0.183232284797741	0.756743246493663	0.534186932744589	-1.08039769022446	1	1	2	2	1
35.5478248754074	-14.0951230440321	0.820157860300078	1.29446542370846	1.10494477242683	-0.444274118563864	1	1	2	2	1
49.6429479194395	0	1.00320209086502	1.43715338236887	1.16583052259133	0.253943917831924	1	1	2	2	1
58.4114578396161	8.76850992017665	0.629479524965444	1.11832499331983	0.682056283777	0.651953093326514	1	1	2	2	1
73.2503723975166	23.6074244780771	-0.0909479588036186	0.486530914500896	-0.0699669687670961	0.543227594493707	1	1	2	2	1
13.5613835036291	-35.6167297698621	-0.302034473381281	-0.834393963791217	-0.55851949902484	-0.567615881342146	1	2	1	1	2
22.7867102132352	-26.391403060256	-1.0438109731857	-1.12272304831558	-0.994006091214222	-0.842401370892648	1	2	1	1	2
36.5255396066073	-12.6525736668839	-1.22050063352197	-0.979513775184875	-1.09232957197686	-0.877711795251778	1	2	1	1	2
49.1781132734912	0	-0.707089545134401	-0.466990821789201	-0.816245388445699	-0.664626016327132	1	2	1	1	2
59.8874187562881	10.7093054827969	0.13316658650791	0.192153700300185	-0.270333157712483	-0.25697991102521	1	2	1	1	2
70.1012706749219	20.9231574014307	0.705758135925167	0.711520353785505	0.338617686197367	0.242235201114969	1	2	1	1	2
10.9872274162205	-37.925909590113	-0.489198269026217	-0.765668870127745	-1.37671356150109	-1.10632515360835	1	1	2	2	3
22.9983078421245	-25.914829164209	0.145800959282003	-0.105512833166646	-0.865214314947474	-1.04481617434855	1	1	2	2	3
35.353182193958	-13.5599548123754	0.600385833602051	0.439967289697542	0.0136449889210589	-0.360243326940086	1	1	2	2	3
48.9131370063335	0	0.688142216417656	0.631795265095106	0.579980176757913	0.458966022045083	1	1	2	2	3
58.9052810841618	9.99214407782832	0.373083361714473	0.385930767643076	0.39567523918061	0.82832438305684	1	1	2	2	3
73.5363652848433	24.6232282785098	-0.215592800738704	-0.189912339114058	-0.396691814365116	0.484302852964934	1	1	2	2	3
12.370759357095	-34.7743168032935	-0.905398647867362	-0.590647278647945	-0.391692960156448	-0.481935443310588	1	2	2	2	4
24.4094918423931	-22.7355843179955	-0.451857383054626	0.110889234629857	0.112884532442116	-1.1033054255405	1	2	2	2	4
37.8083947235468	-9.33668143684179	0.237720140313881	0.940579427549219	0.682235254565879	-1.21010502216911	1	2	2	2	4
47.1450761603886	0	0.827895707704571	1.28300361293304	1.13028273720128	-0.738427791838356	1	2	2	2	4
59.7687487476484	12.6236725872598	1.03158420993374	0.884169894951753	1.31059510579441	0.0294853749277325	1	2	2	2	4
71.0925802111354	23.9475040507469	0.749703375330147	0.0399117353606202	1.16424227109881	0.634132763617301	1	2	2	2	4
11.961782202693	-48.7623066935371	-0.453686644760836	-1.43579743801432	-0.950705467597377	-0.665769193457964	2	2	1	2	5
24.0373946597015	-36.6866942365286	-0.484387579230684	-1.28337761753251	-1.20570950211408	-1.10374078564208	2	2	1	2	5
34.7456064032178	-25.9784824930122	0.219883817885311	-0.557537476710885	-1.22728825407483	-0.674957608815036	2	2	1	2	5
44.0851481834724	-16.6389407127577	1.08901641644663	0.232059126356448	-1.01018017048011	0.24892469667026	2	2	1	2	5
60.7240888962301	0	1.41944313984495	0.530980398187011	-0.607322774803774	0.867114289126486	2	2	1	2	5
71.6761475565412	10.9520586603111	0.943681944259292	0.129332506655301	-0.116944896148509	0.643784062313177	2	2	1	2	5
11.5550609225475	-35.9471229924962	-0.493739070782381	-0.421967371104569	-0.529209641026903	-0.708533390692002	2	1	1	1	6
24.4626772095216	-23.0395067055221	-0.818976137295443	0.385327926954347	0.324361887197194	-0.0737267835732838	2	1	1	1	6
34.8069764169048	-12.6952074981389	-0.917458593324939	1.08180512381158	0.867176016464814	0.531972106316631	2	1	1	1	6
47.5021839150437	0	-0.764372108865281	1.1775470075862	0.703746831571313	0.846041493773173	2	1	1	1	6
59.8963117981063	12.3941278830627	-0.398289427711965	0.605206654400806	-0.0468537102998049	0.732357542927696	2	1	1	1	6
72.6771792147157	25.1749952996721	0.088548691468841	-0.232619280254945	-0.837749751927356	0.24019310902761	2	1	1	1	6
13.2268412825178	-46.6614618265074	-0.493509722843459	-0.00277370182782471	-0.748045777611344	-1.39409150470644	2	2	2	2	7
24.3099066743186	-35.5783964347066	-0.93929072924357	-0.605247518095741	-0.725252274951312	-1.25102671666546	2	2	2	2	7
37.6018526202016	-22.2864504888236	-0.871433993059519	-0.587918376678488	-0.353034630274167	-0.692599356929439	2	2	2	2	7
47.3339763151419	-12.5543267938833	-0.326219720727628	0.0375442977480202	0.230296021605991	0.00679812175536471	2	2	2	2	7
59.8883031090252	0	0.404848436610107	0.849954631569183	0.807981755353903	0.503505283926797	2	2	2	2	7
71.5055809574335	11.6172778484083	0.930898398173168	1.30223640397336	1.16536222226446	0.553456909375603	2	2	2	2	7
11.0906600552202	-35.1874909767231	-1.06581482634222	-0.600245091502204	-0.582238868995587	-0.0337161408409276	2	1	1	1	8
25.6464567020467	-20.6316943298966	-1.26182300099993	-0.564466763881875	-1.10947950383639	-0.41884549093211	2	1	1	1	8
36.6744934881363	-9.60365754380697	-1.19747768661725	-0.0810194401435909	-1.19597633949626	-0.599563456797181	2	1	1	1	8
46.2781510319433	0	-0.889681304056107	0.614324595924946	-0.798672206340513	-0.530413338024786	2	1	1	1	8
59.5152097480707	13.2370587161275	-0.419286733557161	1.18245321493115	-0.115340714552026	-0.228788735839903	2	1	1	1	8
70.8316441503329	24.5534931183897	0.0901413632096342	1.34629593698802	0.513863265067292	0.229441527791815	2	1	1	1	8
11.405117014035	NaN	-0.302772542181968	-1.06804625759413	-0.710146002370911	0.394234153553937	1	2	1	2	9
23.5923801838656	NaN	0.343147616258866	-1.16565970345632	-0.652060330471359	-0.126698107611092	1	2	1	2	9
35.4784557455113	NaN	0.894405604993363	-0.527101371854993	-0.139680770312308	-0.478290821953624	1	2	1	2	9
48.8853625853434	NaN	1.11848609152455	0.347601389992207	0.569161499768786	-0.554691981029845	1	2	1	2	9
59.8733671701245	NaN	0.920874075804106	0.773506768682587	1.11777458188733	-0.332899924663785	1	2	1	2	9
73.6709499814984	NaN	0.384920410753205	0.417106725665893	1.23009446332186	0.120311680724496	1	2	1	2	9
13.8414005060632	NaN	0.148182062550691	-1.32977006367682	-1.07323474184047	-0.554354240835099	2	1	2	1	10
23.9847277881522	NaN	-0.498162519113224	-1.32459975599987	-1.30591290310379	-0.448435336930328	2	1	2	1	10
36.0678583852482	NaN	-0.61738774431053	-0.835659239812234	-1.19563185442857	-0.127760804866147	2	1	2	1	10
47.5971187817356	NaN	-0.135463026243973	-0.117256251196028	-0.780440182384946	0.330605879279688	2	1	2	1	10
60.6036548810001	NaN	0.648369846182074	0.45695345504625	-0.203585130871386	0.816511502618276	2	1	2	1	10
72.7294101734889	NaN	1.24740508230421	0.588311932607669	0.335909808500406	1.21318478263097	2	1	2	1	10
11.2947607861079	NaN	-0.346683447620692	-0.251863912541021	-1.15640935167527	-1.06612474136494	2	1	2	2	11
23.3073120710151	NaN	-0.59590272856414	0.305479600984852	-1.38700041322972	-0.641435187612371	2	1	2	2	11
36.7849201982521	NaN	-0.208986590076751	0.880055022831494	-1.0293510063432	-0.0838185207668855	2	1	2	2	11
48.3170638344102	NaN	0.56684014466482	1.26957324347665	-0.294693444288203	0.429589868489921	2	1	2	2	11
59.2288151448646	NaN	1.23585344599863	1.33689770782064	0.383074122098252	0.735698019286995	2	1	2	2	11
72.3551867983056	NaN	1.37057904063208	1.0583256861201	0.603653500921462	0.737266035282993	2	1	2	2	11
11.3150827132802	NaN	-0.331008618057394	-1.23283444144384	-1.35822357048309	-0.327725424615941	1	1	2	2	12
24.6199212906901	NaN	0.206513580784056	-1.15948051744401	-1.00520749464402	0.582178156690464	1	1	2	2	12
36.0634835059747	NaN	0.846544701772282	-0.782204916828954	-0.142990880852244	1.29638485004708	1	1	2	2	12
45.6267103609523	NaN	1.32541287419363	-0.226590491623998	0.54844803122754	1.17816690257597	1	1	2	2	12
61.5784224178304	NaN	1.44584008654669	0.322416676235278	0.523813075004394	0.332917681131999	1	1	2	2	12
70.9274806876899	NaN	1.15821426947314	0.682069847204325	-0.197467645378379	-0.485808356733574	1	1	2	2	12
11.3299020813901	NaN	-0.968693554978467	-1.1844728106424	-0.291316272913394	-0.329024133720965	1	1	2	2	13
23.9218018229024	NaN	-0.0475735011072491	-1.09762830841262	0.54577393679566	0.58818443337525	1	1	2	2	13
36.3964914653077	NaN	0.518337570810581	-0.665210892392337	1.22924045249338	0.95564576402915	1	1	2	2	13
48.0985104263469	NaN	0.24776126009498	-0.0536457379439001	1.25238802823038	0.452275509449899	1	1	2	2	13
59.6365195281056	NaN	-0.629191130356591	0.501693105914709	0.598055959989996	-0.482086007287842	1	1	2	2	13
70.8050652934057	NaN	-1.36671647900641	0.787071499320908	-0.248659641979902	-1.03100224141054	1	1	2	2	13
13.5167056919051	NaN	-0.443463993040467	-1.07375265404381	-0.662702214087388	-0.86939716158011	1	2	2	1	14
24.6849679064641	NaN	-0.411181753517387	-0.510399033247023	-0.496541601089557	-1.05033061987092	1	2	2	1	14
36.2720216023214	NaN	0.184327236739556	0.340363256170618	-0.11296726171921	-0.74143379117114	1	2	2	1	14
48.8785475161335	NaN	0.97109231118745	0.86213563560666	0.387693875149788	-0.0947363838231818	1	2	2	1	14
58.9204443118589	NaN	1.45767919436926	0.67688095292246	0.874489894561346	0.571476630978047	1	2	2	1	14
71.877483276484	NaN	1.3401528488138	-0.0811791361899386	1.22009541365551	0.929315288287027	1	2	2	1	14
12.2306433375779	NaN	-0.750969003154174	-0.760533406630027	-0.591053992123371	-0.91545353821783	2	2	2	2	15
24.482001354991	NaN	-0.541946970525633	-1.38460458116053	-0.610827003051539	-0.410728065049741	2	2	2	2	15
36.5703052911071	NaN	-0.0714830577175637	-1.26548448081839	-0.14988053164564	0.0709336573725651	2	2	2	2	15
47.596143510476	NaN	0.504302333752435	-0.496549927537984	0.556976037489556	0.403172398989945	2	2	2	2	15
58.6254706662876	NaN	0.994338552008592	0.319440479127648	1.14966498102049	0.498828583626275	2	2	2	2	15
71.6759432884821	NaN	1.23601025277151	0.542841618963525	1.3262663695721	0.332807749175959	2	2	2	2	15
11.9225960367605	NaN	-0.508960252816884	-1.46438811006022	-0.945286350682445	-1.42550165983548	2	1	2	2	16
24.051581804346	NaN	-0.277182539906605	-1.34831671895762	-0.0631549760529221	-1.12269427333094	2	1	2	2	16
34.9149792559977	NaN	0.461575023304313	-0.808474857690111	0.571191456906518	-0.576429498169149	2	1	2	2	16
49.1789083301548	NaN	1.21408589316411	-0.109089929392944	0.453617468470479	0.015584587983153	2	1	2	2	16
60.9228876412705	NaN	1.47794122286772	0.407521775452069	-0.322437117341062	0.439081987670552	2	1	2	2	16
70.9635252709441	NaN	1.07697976713709	0.488502931405269	-1.14021680135087	0.540787475038957	2	1	2	2	16
