age	diseaseAge	x1	x2	x3	x4	z1	z2	z3	z4	id
13.5251389107283	-36.6591888825221	-0.259229077158068	-0.862491743764377	-0.351871231151598	-0.439646404619863	2	2	1	2	1
23.5166325764801	-26.6676952167703	0.355972753948004	-0.274039839668392	-0.637431005573451	-1.23728751134123	2	2	1	2	1
35.4946379089591	-14.6896898842914	0.842773100150971	0.475404971129495	-0.655080715495176	-1.38922540483489	2	2	1	2	1
50.1843277932505	0	1.01673151012957	0.96081674991643	-0.399868667720673	-0.773623064458794	2	2	1	2	1
60.4578889159129	10.2735611226624	0.811938072566266	0.906908252096582	0.0566044278158895	0.115875999751019	2	2	1	2	1
73.3861930117729	23.2018652185225	0.305985571333199	0.344252122326849	0.586273309339944	0.565994057300483	2	2	1	2	1
10.9329514790055	-38.4592622004312	-1.09730654000533	-0.716325101839183	-0.303330113034662	-1.1614893351915	2	2	2	1	2
23.4632860746246	-25.928927604812	-0.669599138445514	-0.0799988597896996	0.164759982830775	-1.01932438668749	2	2	2	1	2
36.323380426379	-13.0688332530577	-0.119895951106553	0.672065332756146	0.6890157136874	-0.622881630687172	2	2	2	1	2
49.3922136794366	0	0.382960339882424	1.09788065249075	1.12481645456927	-0.0896829846411558	2	2	2	1	2
61.3381803269259	11.9459666474892	0.684516191497424	0.947196173561475	1.35194267939895	0.42220957070561	2	2	2	1	2
73.1535185884803	23.7613049090436	0.692147984354165	0.308568903234234	1.30773959081763	0.761050055075975	2	2	2	1	2
11.796365115349	-37.1070215551842	-0.197214333408861	-0.547438358240085	-1.04871329601773	-0.698984614667554	2	1	2	2	3
25.0231033778383	-23.8802832926948	0.701645225923188	-0.298087632759877	-0.955071051607612	-1.01870175460248	2	1	2	2	3
35.6543888548859	-13.2489978156473	1.07960335125795	0.181046056339609	-0.171123392161	-0.527429193546315	2	1	2	2	3
48.9033866705331	0	0.619506874718935	0.740113271568186	0.658699536323961	0.374139345206636	2	1	2	2	3
59.046691468296	10.1433047977628	-0.292566897024194	1.20426530237356	0.852256643798403	0.950662865160886	2	1	2	2	3
73.4045116665402	24.5011249960071	-0.89127633839008	1.4283382366609	0.250437773448052	0.731914909376577	2	1	2	2	3
14.1562761365036	-33.8111174846669	-0.625577882136789	-0.382961892760896	-0.98180783506254	-0.826429346686315	1	1	1	2	4
23.8150446118088	-24.1523490093617	-0.0411820157848997	-0.733715076047309	-0.740636282369179	-0.55219746029715	1	1	1	2	4
34.6820653184597	-13.2853283027108	0.797294711963358	-0.334693372029416	-0.210706098805385	-0.0596172447930205	1	1	1	2	4
47.9673936211705	0	1.29783162037528	0.51478370133722	0.405333761369864	0.497543205310091	1	1	1	2	4
61.8919425884053	13.9245489672348	1.1070161561345	1.17749499654579	0.871905410128358	0.945355871680508	1	1	1	2	4
72.092075148397	24.1246815272265	0.359576806384038	1.15631861915258	1.01058863356203	1.14402768459978	1	1	1	2	4
14.5793424376611	-32.7029693999796	-0.368585247530457	-0.284851025641184	-1.01834828996642	-0.795759842720607	1	2	2	2	5
24.2119873596578	-23.0703244779829	0.409998246146839	0.27887551347499	-0.613071539326438	-0.431296785828803	1	2	2	2	5
34.7882893495396	-12.4940224881011	1.0090955554582	0.9163467655359	0.278223955972644	0.127195325446717	1	2	2	2	5
47.2823118376406	0	1.06150383788007	1.3626098037449	0.927144700685973	0.688289428581092	1	2	2	2	5
60.651966517908	13.3696546802674	0.535100648564201	1.43218379628034	0.80337313809794	1.05966661021004	1	2	2	2	5
72.4479533718756	25.165641534235	-0.247467349875549	1.09615162273625	0.00805911308144116	1.11403475369894	1	2	2	2	5
13.7214900984435	-24.8348101746151	-0.13258165989288	-0.501330406279402	-1.114218685509	-0.826096535878314	2	1	2	2	6
22.7319160588421	-15.8243842142165	0.442256331485575	0.097269504788294	-0.462052848338753	-1.08282772579013	2	1	2	2	6
38.5563002730587	0	0.900493141306021	0.87227239163004	0.359220143701521	-0.609849992904899	2	1	2	2	6
46.6112136636083	8.05491339054966	1.09003280295856	1.35295952552279	0.775914862401674	0.24429488652936	2	1	2	2	6
60.6829962964445	22.1266960233859	0.947964137262171	1.24737272099242	0.496956731527884	0.8501794516571	2	1	2	2	6
72.1365692409146	33.580268967856	0.521441957123603	0.619642947409906	-0.282793080570134	0.7613216212973	2	1	2	2	6
11.4282390803261	-37.3536099669785	-0.203246764196465	-0.820394723678755	-0.916265375930603	-1.28055828832142	1	2	1	1	7
25.7174141934504	-23.0644348538543	-0.644303873161279	-1.32319031567114	-1.14738424305403	-0.817669749830166	1	2	1	1	7
36.1770784217398	-12.6047706255649	-0.84689687451114	-1.05219529823225	-1.04182097783554	-0.0940908132778784	1	2	1	1	7
48.7818490473047	0	-0.750055418720772	-0.219377832364632	-0.635344839200265	0.50416688777608	1	2	1	1	7
60.2077176522866	11.4258686049819	-0.382923935107744	0.523844988144915	-0.0656869803068063	0.657947528296691	1	2	1	1	7
72.436688119117	23.6548390718123	0.144009382123423	0.596135631826645	0.474128639124394	0.285212904491001	1	2	1	1	7
12.8655037996771	-35.8579696022718	-0.872839244717526	-0.574387505082864	-0.79535132243068	-0.983600687570912	2	2	2	1	8
24.8258032731648	-23.8976701287841	-1.01004727619597	-1.04769188619393	-1.04118011956924	-0.352780898456421	2	2	2	1	8
37.4103602287905	-11.3131131731584	-0.847265919993595	-1.34949792612926	-0.975416747407639	0.282008049621984	2	2	2	1	8
48.7234734019489	0	-0.433342244145958	-1.39831721537539	-0.618844000836374	0.634211915410715	2	2	2	1	8
59.7517191485446	11.0282457465957	0.107514453504971	-1.18096841987056	-0.0841473765377451	0.544840042514156	2	2	2	1	8
72.2701153531549	23.546641951206	0.613005095693858	-0.756136275212336	0.459696232938785	0.0542363740724787	2	2	2	1	8
13.0309541008134	NaN	-0.515095389156742	-0.400147134991895	-0.72564141473781	-0.538814194440582	2	1	1	2	9
22.5955674130749	NaN	0.0202290117203577	0.42954466987246	-0.421575699759743	0.0991519567861551	2	1	1	2	9
36.7874277378339	NaN	0.554104299743931	1.13376693404468	0.0320132059945309	0.695632899476369	2	1	1	2	9
46.8891164874389	NaN	0.921137643449412	1.18875972673967	0.524292980970832	0.993569398919866	2	1	1	2	9
60.6829483524355	NaN	1.00762330421367	0.553622578374203	0.934977371200793	0.864562837394243	2	1	1	2	9
71.5929744207132	NaN	0.786768305032966	-0.299266107540202	1.1637175722542	0.364209841052893	2	1	1	2	9
12.2656903895806	NaN	-0.776999327274957	-0.533586328085717	-0.674063007956774	-0.674953824939223	2	2	2	1	10
24.7587945860253	NaN	-0.0166888987482043	-1.02349953220809	-1.09174424720718	-0.258055070630661	2	2	2	1	10
36.6621391585538	NaN	0.63085734566402	-0.762034032062045	-1.14860296452084	0.433082361934704	2	2	2	1	10
48.6561377186809	NaN	0.773997548590644	0.0522338437610355	-0.822271545674071	1.05219989505753	2	2	2	1	10
60.0407084159749	NaN	0.326159213592375	0.800888567474337	-0.241125297580075	1.28912078769209	2	2	2	1	10
69.396442204635	NaN	-0.441800961706213	0.915346114284716	0.366219031106764	1.02514811004483	2	2	2	1	10
9.9025020400122	NaN	-0.220312206179498	-0.422661901652188	-0.449744728096936	-0.867138388874796	1	1	1	1	11
23.5873230042356	NaN	0.619741363726103	-0.874410728414684	-0.571785120790006	-0.0479036620671543	1	1	1	1	11
36.2798214276211	NaN	0.812115871720947	-0.744097038234402	-0.44423858231597	0.69104607373343	1	1	1	1	11
48.4960711159922	NaN	0.195642543394273	-0.109575869800662	-0.0989395773295206	0.790150320367676	1	1	1	1	11
59.0750181392123	NaN	-0.713205561393019	0.650062367818542	0.377928379500462	0.174363619491548	1	1	1	1	11
73.5268673338707	NaN	-1.15300772894618	1.0809769131659	0.867343350783258	-0.690017207327252	1	1	1	1	11
10.0240726952953	NaN	-1.1300081876732	-0.705022509829777	-0.490997508994363	-0.599327368020385	2	2	2	1	12
24.6101165242944	NaN	-1.38712041192152	-0.179496345288912	-0.790142989441444	0.256875904556881	2	2	2	1	12
38.8500530877964	NaN	-1.08933002435755	0.376492422729515	-0.569691637327083	0.590523960007105	2	2	2	1	12
46.0665949776869	NaN	-0.40195322505256	0.784577696753502	0.0556143776406488	0.138882503762481	2	2	2	1	12
59.3804471129631	NaN	0.293417680721859	0.913842123860846	0.76031110071274	-0.742399158072432	2	2	2	1	12
72.3241447468381	NaN	0.610752516763151	0.722816536450796	1.17761270718935	-1.35934750473098	2	2	2	1	12
11.10890962425	NaN	-0.979826276007175	-1.0411526830096	-1.25807150004348	-0.821382600894419	1	2	2	2	13
24.985246084117	NaN	-1.42826719733388	-0.715667923604785	-1.02555587357434	0.0527232148904997	1	2	2	2	13
35.7843874443485	NaN	-1.21189115467555	-0.187119924978266	-0.134867893433056	0.833650514364961	1	2	2	2	13
49.7647674397025	NaN	-0.476310487851811	0.372576931710853	0.619778574539866	0.825830981492229	1	2	2	2	13
60.9337488532069	NaN	0.283458715836897	0.781376854965034	0.56547595548686	0.0362294378583074	1	2	2	2	13
71.8043719292896	NaN	0.556122460471192	0.906314464143813	-0.249354873736284	-0.831859691543512	1	2	2	2	13
12.4221594250454	NaN	-0.659552539755641	-0.38928673243799	-0.74777048025616	-0.480246445025167	1	2	2	1	14
21.722644132703	NaN	-0.735850146053369	-0.783019122720972	-0.84362520563031	0.104442342046942	1	2	2	1	14
34.7819978349624	NaN	-0.290816752888715	-0.933376680897262	-0.547423214202256	1.02099167619946	1	2	2	1	14
46.193281821056	NaN	0.434625516328337	-0.797285562863425	0.0230455723906614	1.49524871048037	1	2	2	1	14
58.9411550410647	NaN	1.0477531163638	-0.41373261885268	0.640924226734268	1.12663769888788	1	2	2	1	14
71.4348408026738	NaN	1.21664487997359	0.107403406653353	1.0605024552359	0.226501690190936	1	2	2	1	14
12.7006836272872	NaN	-0.616250203218422	-1.21649407336267	-0.740378713753512	-0.513234773894611	2	1	1	1	15
23.8085437778983	NaN	-0.780798812059765	-0.809987651726952	-0.0842766799448378	0.196361453112605	2	1	1	1	15
36.6381831082249	NaN	-0.151042196742302	0.0219017704919583	0.550422499565546	1.07798387085737	2	1	1	1	15
48.2207533478126	NaN	0.750847876605965	0.680979685903292	0.863234025360026	1.39499386472986	2	1	1	1	15
61.1528887984623	NaN	1.17705626639073	0.693316773600421	0.706063947393826	0.882514092680343	2	1	1	1	15
72.1444172690259	NaN	0.774186148792543	0.0500416885457609	0.153321089369152	-0.0312535510337714	2	1	1	1	15
9.9381719968238	NaN	-0.806595856237013	-0.920120619581327	-0.58748109155248	-0.766626850348671	2	2	1	2	16
22.2666105791211	NaN	0.0418910249411201	-0.70086706024091	0.213054416282535	-1.15140398560596	2	2	1	2	16
38.5273646660764	NaN	0.722896591431126	0.0608200655916556	0.824133534617069	-1.15131259527583	2	2	1	2	16
48.9443290675085	NaN	0.719740053729162	0.825725817592169	0.848525369282907	-0.766389784411007	2	2	1	2	16
58.4655579589719	NaN	0.0348162856397902	1.05235671972509	0.270374051532444	-0.152916651557317	2	2	1	2	16
72.3994538767514	NaN	-0.812221173042378	0.580275810113662	-0.534494182679025	0.440032826829215	2	2	1	2	16
