age	diseaseAge	x1	x2	x3	x4	z1	z2	z3	z4	id
13.3118199873628	-34.7876280800523	0.285193621545277	-1.07806371343198	-0.755699748171486	-0.156590592886006	2	2	1	2	1
24.2298392342348	-23.8696088331802	-0.335476260444893	-0.502122246848186	-0.153781401443583	-0.853986524799632	2	2	1	2	1
36.2357288997393	-11.8637191676757	-0.582154185156822	0.184135426637066	0.45603558761768	-1.04435239473032	2	2	1	2	1
48.099448067415	0	-0.332374740318258	0.652825781090136	0.824310920306376	-0.606312009226397	2	2	1	2	1
60.6657870307874	12.5663389633724	0.289856885017051	0.680015661478026	0.800404797076573	0.180842579045708	2	2	1	2	1
72.2093884171231	24.1099403497081	0.975628360674	0.252714154626652	0.394095808269813	0.815226091925137	2	2	1	2	1
9.93841206622608	-38.8903465733681	-0.611515974761139	-0.227172065973208	-0.601508957055652	-0.513589766037485	1	2	1	2	2
24.5292532599574	-24.2995053796368	-0.258826052255241	-0.521956192284675	0.0757365384944836	-0.62124008244325	1	2	1	2	2
35.7392514023472	-13.089507237247	0.432312359624328	-0.113845973473474	0.530245658329792	-0.231801937485115	1	2	1	2	2
48.8287586395942	0	1.09552956130075	0.709503821951711	0.549043461313665	0.456660361052178	1	2	1	2	2
60.070327268525	11.2415686289308	1.3792567747176	1.36775855915961	0.123321629176409	1.09400184056884	1	2	1	2	2
70.7665706500393	21.9378120104451	1.13309134223845	1.3969501596178	-0.547434111210632	1.3560770607754	1	2	1	2	2
10.981969424761	-38.1061113433878	-0.404646616349614	-0.320136011565166	-0.657683836830714	-1.28940718031953	2	1	2	1	3
23.6701885286128	-25.417892239536	0.431409254573667	0.262649869133834	-0.536298761975816	-0.692425405992207	2	1	2	1	3
36.2144090415218	-12.873671726627	1.18453731349372	0.678695686519629	-0.130457398442394	0.0676317480415207	2	1	2	1	3
49.0880807681488	0	1.2543862308272	0.781384481305302	0.428032955862229	0.546367354802425	2	1	2	1	3
59.7020359969458	10.613955228797	0.585276378263307	0.534528126570323	0.957788363462361	0.463870053215887	2	1	2	1	3
73.6246230592143	24.5365422910655	-0.289415503195831	0.0251202335936445	1.28675729116869	-0.131624906099675	2	1	2	1	3
11.5026147227463	-36.113633041566	-1.44859949366617	-0.777417964928474	-1.11988347524003	0.0275660951572504	2	1	2	1	4
24.3620461029807	-23.2542016613316	-0.907620791168058	-1.23557970521892	-0.524270075875232	-0.506795295351001	2	1	2	1	4
38.5568826140205	-9.05936515029181	0.0305418780031696	-1.42967492230279	0.307395305502567	-0.154003819205351	2	1	2	1	4
47.6162477643123	0	0.539822208658222	-1.29598570875371	0.795716816097492	0.771083583878782	2	1	2	1	4
59.9869003263827	12.3706525620704	0.171791229069365	-0.878399786591869	0.600495784178141	1.44285119357117	2	1	2	1	4
73.0387826999802	25.4225349356679	-0.74949426177274	-0.314002971380517	-0.142263263909545	1.26176441765745	2	1	2	1	4
11.6315586314094	-36.1064712820724	-1.11028461488628	-1.02129267589563	-1.09117521584357	-0.404571900840337	1	1	2	2	5
22.9376785709891	-24.8003513424927	-1.37647078821653	-1.2853131692576	-0.833322543114882	0.401975398378906	1	1	2	2	5
37.722952591301	-10.0150773221808	-0.940185026186816	-1.02035931102537	-0.0778480184290655	0.761861972033778	1	1	2	2	5
47.7380299134818	0	-0.109828462357714	-0.36658492980922	0.664950263185105	0.423923816666775	1	1	2	2	5
60.6320904043538	12.8940604908721	0.527637494415725	0.33018001295483	0.893336590313672	-0.375992814384467	1	1	2	2	5
72.871569233589	25.1335393201072	0.521601706239398	0.701364646016345	0.453043540487567	-1.07962796313736	1	1	2	2	5
12.1353655995505	-33.4817411975871	0.244409170305789	0.0332459761331975	-1.20846136173403	-0.624441200083421	1	2	2	2	6
23.4200188557963	-22.1970879413414	-0.203671639543929	0.523527238660887	-0.755376598621162	-0.303351771306217	1	2	2	2	6
36.1914831582251	-9.42562363891258	-0.505253379652928	0.963651568383051	-0.171680818897328	0.211478434745118	1	2	2	2	6
45.6171067971377	0	-0.588207032762522	1.24767126052604	0.34205163972675	0.760279583560728	1	2	2	2	6
58.9698944053705	13.3527876082328	-0.43269265274517	1.30721646488851	0.609287810544035	1.17273946794206	1	2	2	2	6
70.841570599304	25.2244638021663	-0.0759044656047104	1.12795332781492	0.538197805732849	1.32085734765478	1	2	2	2	6
13.089202852949	-34.5014981014123	-0.492815914153069	-0.837095008617904	0.329614288183969	-1.29298051115533	2	2	1	2	7
23.7729788483557	-23.8177221060056	0.417385015678291	-1.22428796051272	-0.151388241649303	-1.26919824681462	2	2	1	2	7
35.4039240715154	-12.1867768828459	0.80902723359165	-1.28060444223695	-0.460948603685367	-0.717583912284911	2	2	1	2	7
47.5907009543613	0	0.347782591843541	-0.985827454282268	-0.514015094061649	0.0427943114760673	2	2	1	2	7
60.0441763621138	12.4534754077525	-0.572604160713761	-0.445778703511114	-0.29600769550842	0.572113741284903	2	2	1	2	7
72.1937585865784	24.6030576322171	-1.16643836677398	0.14567022942137	0.133176063170425	0.564202153102712	2	2	1	2	7
13.1559722366081	-33.5017965999789	-0.514374634079856	-0.921525758740949	-0.943185289474565	-1.12755442609475	2	1	2	2	8
22.5055877166309	-24.1521811199561	-0.359809704940327	-0.053229314607618	-0.477456994507848	-1.44600648470886	2	1	2	2	8
35.0798910155538	-11.5778778210332	0.0680179865900128	0.607537426556386	0.105425045078493	-1.14488248003602	2	1	2	2	8
46.657768836587	0	0.630811671818056	0.544349174765909	0.606830801140476	-0.410765011568061	2	1	2	2	8
60.0176559964235	13.3598871598365	1.14664636166813	-0.193409000753158	0.855895102555611	0.301471704513109	2	1	2	2	8
73.0077580646368	26.3499892280498	1.44877672338514	-1.02913879988027	0.767743745214164	0.550511214262435	2	1	2	2	8
11.2957393010596	NaN	-0.936621173824263	-0.578501399732129	-0.772886725983898	0.0476317669202218	1	1	2	2	9
24.3514295231229	NaN	-0.208883814153275	-0.383931557600385	-0.0209543756243076	0.818584225121283	1	1	2	2	9
36.044322508222	NaN	0.459241725842507	0.300340778188417	0.66921057678506	1.23971578855879	1	1	2	2	9
47.9083773048432	NaN	0.683531262564263	1.05213012947297	0.86851103887548	1.05069608254997	1	1	2	2	9
63.1274168499033	NaN	0.335000856650508	1.40759406079553	0.453035692791425	0.368371183617906	1	1	2	2	9
70.0967226483029	NaN	-0.385917383477301	1.14741680858438	-0.318901470973698	-0.38546697427631	1	1	2	2	9
12.5904479233284	NaN	-0.669786224570206	0.0639120223707384	-0.822275449750228	-0.560223351530479	1	1	1	2	10
24.5220805509353	NaN	0.239250329733742	0.764956170559762	-0.661861084728805	-0.990547204865802	1	1	1	2	10
35.1730933168722	NaN	0.817591413832976	1.21533420604168	-0.189052396393338	-0.882252057455406	1	1	1	2	10
48.6069309522524	NaN	0.585434241856734	1.18809698455751	0.42002267255068	-0.295319923550127	1	1	1	2	10
61.1773350840354	NaN	-0.26461917168037	0.696969562883629	0.938475019823888	0.445161947217641	1	1	1	2	10
73.0450627976255	NaN	-1.02734831388793	-0.0105649685762671	1.17317379235855	0.929058888734367	1	1	1	2	10
13.8568234645125	NaN	-0.885469178567837	-0.405058068894462	-0.991813267840887	-1.15409645972013	1	1	2	2	11
25.1371742265723	NaN	-0.195893890894994	0.491747774732077	-0.335588026006473	-0.718245815728512	1	1	2	2	11
36.6024735171546	NaN	0.448852815581556	0.903044958221163	0.346048422437133	-0.151930090577345	1	1	2	2	11
47.5094436528981	NaN	0.716889876445168	0.489632396259174	0.702174872782052	0.360453131196275	1	1	2	2	11
59.6124641468666	NaN	0.470246171922841	-0.407544251107783	0.549449716361771	0.652067181888711	1	1	2	2	11
71.2012643817376	NaN	-0.164119331981756	-1.04857402722473	-0.0335008289878264	0.627959856967044	1	1	2	2	11
12.0962375948513	NaN	-0.0397722939905602	0.21630196295301	-0.602152135422762	-0.186749592125935	1	2	2	1	12
23.7142274830239	NaN	0.711318004103485	-0.596039461535362	-0.947990521508558	-0.689098895622485	1	2	2	1	12
34.566649112955	NaN	1.1228455546644	-0.684697555556625	-0.535241688622842	-0.625464610645728	1	2	2	1	12
48.2679345814374	NaN	0.951393644148012	0.0269841163152306	0.322703141034511	-0.0337060423462506	1	2	2	1	12
61.9992788957205	NaN	0.298375314115899	0.923664329728651	0.974425096411648	0.734109237197349	1	2	2	1	12
73.446214619406	NaN	-0.449952001236189	1.23004659724933	0.925085854884682	1.22116847400909	1	2	2	1	12
13.9419789344525	NaN	-0.79240512221522	-0.590776909447211	-0.136772683430967	-0.201736184213813	2	1	2	2	13
24.9816919524844	NaN	-0.172540819933034	-0.348259744186198	0.764736129597789	-0.675731877172996	2	1	2	2	13
36.9309436925781	NaN	0.643125710301982	0.135173630969689	1.40914554560732	-0.837943281365291	2	1	2	2	13
46.4274324396202	NaN	1.10259090886592	0.703368875968862	1.25893591225149	-0.627942201417831	2	1	2	2	13
60.8185120911433	NaN	0.894911006792889	1.17279262703666	0.439401224147027	-0.12395979716038	2	1	2	2	13
72.0596018872607	NaN	0.160633692331949	1.39181580802811	-0.365862050852785	0.486256668256231	2	1	2	2	13
12.6899680124757	NaN	-0.390915489167992	-0.175563009287253	-0.617547293964708	-1.13796743974227	1	2	2	1	14
24.5244643993774	NaN	-0.632728756192303	0.627752732876962	-0.835224682335393	-0.859627104114739	1	2	2	1	14
37.7507959101332	NaN	-0.47829873500342	0.899947682343837	-0.382402747301053	-0.390159040936073	1	2	2	1	14
47.9972109335013	NaN	0.0110188406924237	0.440365858822692	0.433508825525123	0.13872506987803	1	2	2	1	14
60.6327454040858	NaN	0.640815923541192	-0.412199378356946	1.05860771674326	0.578644070630936	1	2	2	1	14
73.5114556265494	NaN	1.16087133370527	-1.02925615686937	1.06852964812566	0.806176422861253	1	2	2	1	14
11.8958684081424	NaN	-1.43229791187398	-1.36389312219095	-0.275949733563678	-1.05939506899501	1	2	2	1	15
22.8997211329873	NaN	-1.19009100608709	-1.14127861238522	-0.924732043221286	-1.16453461919527	1	2	2	1	15
34.8204265330395	NaN	-0.574499650240002	-0.600939478550339	-0.791362051039505	-0.438628613716158	1	2	2	1	15
46.875620385215	NaN	0.111150208285197	0.0361539613763816	0.0141158091962448	0.468331166316756	1	2	2	1	15
60.4790730615723	NaN	0.529012056645006	0.509463961447773	0.827096601950513	0.744233513139379	1	2	2	1	15
70.5918113514846	NaN	0.473189012395142	0.625431597925684	0.976784674066716	0.142029557511956	1	2	2	1	15
11.9116845095784	NaN	-0.496789496586634	-0.850843425458354	-0.75286624489658	-0.78949228398754	1	2	1	2	16
22.3344600551014	NaN	-0.263220962678636	-1.2076727252459	-0.804705658017164	-0.161832755312286	1	2	1	2	16
36.9642762035415	NaN	0.20883631167407	-0.939969822205359	-0.314092677307915	0.640112342947687	1	2	1	2	16
47.257170895491	NaN	0.770475583434905	-0.215239200660851	0.438708492338697	1.08893057331435	1	2	1	2	16
61.7087215363199	NaN	1.2445321752159	0.513047669123747	1.02365782028972	0.889449214642749	1	2	1	2	16
72.3127348063279	NaN	1.48146867507074	0.789194135458352	1.10660116724051	0.17286047676956	1	2	1	2	16
