age	diseaseAge	x1	x2	x3	x4	z1	z2	z3	z4	id
11.3214748769681	-37.210957885128	-0.804183433148917	-0.840456175747214	-0.0713873817753696	-1.03714224806329	1	2	1	1	1
22.0311501346296	-26.5012826274666	-0.123023908532241	-0.867859386153583	0.530920321016948	-1.4273382433447	1	2	1	1	1
35.9751822775113	-12.5572504845848	0.518779981446381	-0.484367918379754	0.951035138546571	-1.19912360772441	1	2	1	1	1
48.5324327620962	0	0.797973543238936	0.145488042240019	1.03072688482523	-0.494517868510909	1	2	1	1	1
59.7604191926227	11.2279864305265	0.573936517811416	0.751480011780835	0.739980813147372	0.247998007683078	1	2	1	1	1
70.8125601568863	22.2801273947901	-0.0404912988661191	1.07361792673906	0.188302237482794	0.566351316933432	1	2	1	1	1
13.5591953164895	-33.9562397280821	-1.18612371768159	-0.58182072971918	-0.832397802940238	-1.38228438180353	2	1	2	2	2
22.1320155301166	-25.383419514455	-1.14767428717101	-0.442222286026463	-0.561266713979484	-1.19319285212284	2	1	2	2	2
36.9566927013956	-10.5587423431759	-0.606578940498862	-0.0475979393308358	-0.0775853944924927	-0.624507200076102	2	1	2	2	2
47.5154350445715	0	0.13754033518902	0.485065984906797	0.472020603752511	0.0567563133902662	2	1	2	2	2
60.3022553403536	12.7868202957821	0.67264063945679	0.997861350191737	0.920940995220264	0.530722489332336	2	1	2	2	2
72.7093504361171	25.1939153915456	0.702419633958524	1.33877005120334	1.13308782809824	0.57484891673686	2	1	2	2	2
10.5350156034566	-37.0786192033483	-0.516558570652078	0.0016119738031265	-1.19060315059825	0.052014617407486	2	2	1	2	3
23.9597142418139	-23.6539205649911	0.0302545789313673	-0.640444295130305	-1.29636214322043	0.635121212292519	2	2	1	2	3
37.5483603453063	-10.0652744614987	0.42987169642127	-0.541738188103589	-0.657310850113879	1.12591620950917	2	2	1	2	3
47.613634806805	0	0.557501177082916	0.219935463027252	0.221424134510614	1.35744847444523	2	2	1	2	3
59.7177753246422	12.1041405178372	0.373287151369807	1.04426655178776	0.645262555851454	1.25095890289298	2	2	1	2	3
72.2121928965139	24.5985580897089	-0.0652444067863691	1.28156175751584	0.279188961194617	0.842671488364662	2	2	1	2	3
12.7138459919788	-36.5020293977551	-0.699786252337541	-0.261394016131329	-0.962526560459527	-0.908124743420937	1	1	2	2	4
23.3601907165181	-25.8556846732158	-1.31287537183475	-0.764342351137521	-1.25828599055917	-1.39226226442054	1	1	2	2	4
36.1866267967126	-13.0292485930212	-1.3579400506289	-0.77767915582434	-1.06574208734245	-1.30047354638003	1	1	2	2	4
49.2158753897339	0	-0.80631711965319	-0.294342355283288	-0.479207321550717	-0.687740210909718	1	1	2	2	4
58.167819172361	8.95194378262709	-0.00886365266824668	0.42973263179957	0.214019971146227	0.0789092757688792	1	1	2	2	4
72.2758388205951	23.0599634308612	0.527203963596485	1.01113524208266	0.674380980174106	0.540250371858667	1	1	2	2	4
10.4907660944196	-36.6540087596662	0.123660127154585	-0.991845654281409	0.104119643389781	-0.349213057012138	2	1	1	2	5
25.0650868333483	-22.0796880207375	0.92657112914533	-1.3073551020099	0.624525837895821	-0.874811045386171	2	1	1	2	5
34.8096882905787	-12.3350865635072	1.32230430966515	-0.919108225049077	1.01348586621026	-0.771526456639132	2	1	1	2	5
47.1447748540859	0	1.04286491999339	-0.100648055867786	1.16074553136998	-0.107125923813477	2	1	1	2	5
61.4938444238021	14.3490695697162	0.277492308014306	0.571371503291747	1.02456276492234	0.682466978747288	2	1	1	2	5
72.2617869573832	25.1170121032973	-0.455494995196225	0.623472675789414	0.643539789362983	1.07918800612649	2	1	1	2	5
12.0173144023136	-36.3768732361422	-1.17137596260097	-0.43043174404477	-1.18690163846501	-1.24448951370965	2	1	1	2	6
25.1609506386017	-23.233236999854	-0.767269713855291	0.389509002351715	-1.45022236166748	-0.603875350034472	2	1	1	2	6
35.5462686544174	-12.8479189840384	-0.0978125911028952	1.05514606154124	-1.29696984803557	0.289112270927556	2	1	1	2	6
48.3941876384557	0	0.518896150267858	1.09834183499243	-0.791244703422889	0.705043375562432	2	1	1	2	6
57.9714907749605	9.5773031365048	0.789821176470424	0.488717056150089	-0.144575518107184	0.304167884969611	2	1	1	2	6
70.0962546291523	21.7020669906966	0.586229748435894	-0.344983697092317	0.372556750808552	-0.586062182859209	2	1	1	2	6
11.624902952772	-37.3585390453578	-0.56295667110106	-0.815170266082825	0.154940818438755	-1.16069333336147	1	1	2	1	7
23.2955437575896	-25.6878982405401	-0.92922444891083	-0.0496568874060876	-0.460597430928218	-0.846275041743576	1	1	2	1	7
36.6661926579761	-12.3172493401537	-1.01534910124079	0.669095086381191	-0.716672682965153	-0.211183479035432	1	1	2	1	7
48.9834419981297	0	-0.794697644756021	0.864121212497709	-0.48950895750158	0.444173139093557	1	1	2	1	7
59.247750161297	10.2643081631672	-0.335503812823268	0.406001981900852	0.111092378267621	0.809800909654416	1	1	2	1	7
73.1167424712012	24.1333004730715	0.220232382452751	-0.401254280538057	0.794825961230652	0.712752193908251	1	1	2	1	7
13.3262248282847	-32.9850244411231	-1.09276971661866	-0.367429208350451	-0.237436741965059	-1.15575922678971	1	2	1	2	8
25.7317380198744	-20.5795112495334	-1.07570055862005	-0.872737410986633	0.280475358662984	-0.96587558939337	1	2	1	2	8
37.4943659763646	-8.81688329304316	-0.278061971528619	-1.10574375506967	0.802177745740739	-0.410566196221359	1	2	1	2	8
46.3112492694078	0	0.586477713650102	-0.983215050145541	1.17560130168772	0.259187093355344	1	2	1	2	8
58.1351473568571	11.8238980874493	0.744391984790633	-0.548920297754397	1.29189816219819	0.740677485602163	1	2	1	2	8
72.6065754780375	26.2953262086297	0.0543907687311823	0.0420042203805984	1.11716938144928	0.816286918585947	1	2	1	2	8
11.7038473834664	NaN	-0.432877897139246	0.0402690040547977	0.408257181187809	-0.193386250413331	1	2	2	2	9
25.6059181374418	NaN	-0.730113656335632	0.585248115288126	1.19281902479772	-0.660058107154707	1	2	2	2	9
36.3595197474158	NaN	-0.238231016554103	1.08779744543058	1.42556989649383	-0.844496074383601	1	2	2	2	9
49.0960007341204	NaN	0.651698088914205	1.39577613290225	0.936031441735776	-0.682857349950062	1	2	2	2	9
60.8133575386275	NaN	1.23213436589514	1.41594727527426	0.0827660566307026	-0.231092827581813	1	2	2	2	9
72.8601139312812	NaN	1.04160119652704	1.14220429793701	-0.509252106076305	0.354420183573465	1	2	2	2	9
11.5827426199876	NaN	-0.77672540267595	-0.617137825632143	-1.07509429953183	-0.922448500412576	2	2	2	1	10
22.6241376045846	NaN	-0.103895018623575	-0.124034349520454	-1.36054173849972	-0.0529203065322764	2	2	2	1	10
35.2476600207997	NaN	0.624283033299038	0.411362440683623	-1.41146772417942	0.549933980649306	2	2	2	1	10
47.4421008018385	NaN	0.986151816357181	0.833054501320637	-1.21513603107305	0.426180923092966	2	2	2	1	10
60.1799539509903	NaN	0.772168510410446	1.0181738255409	-0.8206478141688	-0.329765007180452	2	2	2	1	10
72.0896022263782	NaN	0.106241746129089	0.912782375331675	-0.326661760573008	-1.14117271930011	2	2	2	1	10
13.0243222439516	NaN	-0.377191173739212	0.0456202904592348	-1.45194663479119	-0.989999302963565	1	2	1	2	11
23.3436833684211	NaN	-1.0862649368342	-0.453303485117319	-1.09032507885097	-0.92460067940396	1	2	1	2	11
36.3577297148044	NaN	-1.27349046553941	-0.748507593617314	-0.212052952413855	-0.414089333302694	1	2	1	2	11
48.5651010666408	NaN	-0.816123665334296	-0.749586377098846	0.470444802152651	0.288865563483165	1	2	1	2	11
62.0320874613691	NaN	-0.0140118601557981	-0.456209460314358	0.403548857960103	0.836348077291834	1	2	1	2	11
71.4283212395651	NaN	0.606984572344846	0.0417770725415913	-0.358477034894671	0.957390766504842	1	2	1	2	11
11.1214847473031	NaN	-0.305145978707613	-0.458635632637653	-0.868309186694874	-0.450790949217894	2	1	1	1	12
23.6537455666066	NaN	0.279538842352072	-0.669483306819523	-0.958201829276543	-0.951919262554429	2	1	1	1	12
35.9450055570446	NaN	0.94956910951036	-0.566461245584512	-0.546304882004537	-1.20181313234891	2	1	1	1	12
46.6765320970897	NaN	1.39632185152406	-0.182067904387139	0.154474374380314	-1.11554999241846	2	1	1	1	12
60.8785413652912	NaN	1.41401806793686	0.362439291652554	0.781906972500034	-0.72244503651277	2	1	1	1	12
70.6801282828306	NaN	0.994506695794183	0.895294774625822	1.01167643174325	-0.156088903178415	2	1	1	1	12
11.6015447231504	NaN	0.062705698739772	-0.399242955073195	-0.114542574915809	-0.699797253591125	2	2	1	2	13
24.1123827767931	NaN	0.820095746811839	0.170028386573127	-0.646954368916133	-0.522703013047665	2	2	1	2	13
36.2192215449677	NaN	1.11857614805066	0.860677142065837	-0.526620896265058	0.0602308851221115	2	2	1	2	13
46.8807842835855	NaN	0.762681721074544	1.33996776189219	0.164774266874117	0.7595383078089	2	2	1	2	13
59.0407197218895	NaN	-0.0145237603045779	1.37699122537285	0.957905103201323	1.2279657908801	2	2	1	2	13
70.452027809934	NaN	-0.704073510468301	0.953910647451361	1.31438639329842	1.23290738605844	2	2	1	2	13
12.8619782424956	NaN	-1.22646168367605	-0.220883437224896	-0.879682087184906	-0.903074630874039	1	1	2	2	14
23.9063535222685	NaN	-0.95346460682315	0.369855936770589	-1.34801754153395	-0.727031098064068	1	1	2	2	14
38.2738246001226	NaN	-0.51810647390531	0.885917444105796	-1.496868490253	0.124629178481115	1	1	2	2	14
48.4079904177767	NaN	-0.0258824842385537	1.14583922438231	-1.27021650620307	0.915449548764541	1	1	2	2	14
60.9624918312025	NaN	0.403932530787153	1.05822540881969	-0.75335958555865	0.961583487724767	1	1	2	2	14
70.0190588697088	NaN	0.667186570208234	0.653883499513357	-0.140811179524144	0.223137569457701	1	1	2	2	14
10.4346706993646	NaN	-1.0275087662468	-0.892361018318612	-0.523566896579841	-0.580927279327615	2	2	2	1	15
23.7282153002302	NaN	-0.915422353109484	-1.13437930406842	-0.248314841376643	0.304992590684533	2	2	2	1	15
34.9543338345971	NaN	-0.209213997575802	-0.552044348171676	0.380331171642181	0.949505345082276	2	2	2	1	15
48.0905120170662	NaN	0.593710008290931	0.363794105103874	1.05535186484793	0.833415096240577	2	2	2	1	15
59.501400536079	NaN	0.927823287696461	0.841176436936075	1.44707941036836	0.050239900056251	2	2	2	1	15
72.6644233365851	NaN	0.557798622920987	0.477717399582179	1.36420120053194	-0.769122967389961	2	2	2	1	15
13.0957402052001	NaN	-1.18792470516392	-0.590877750815912	-0.860309687381023	-1.33321160420944	2	1	1	1	16
24.2294085639572	NaN	-0.63714055912288	0.209545757983823	-0.429421458404304	-0.609259577612531	2	1	1	1	16
33.8324173468974	NaN	0.0274053334363832	0.593701067160974	0.0977454228627744	0.244077306606859	2	1	1	1	16
49.2739759583644	NaN	0.510297365479531	0.301137538045544	0.57366201537147	0.545898839023829	2	1	1	1	16
60.5214151703578	NaN	0.596871893193056	-0.469791829444605	0.865141896728221	0.055373586669606	2	1	1	1	16
73.0969060720799	NaN	0.248643287601498	-1.19641029146243	0.890613709244134	-0.836095297454014	2	1	1	1	16
