age	diseaseAge	x1	x2	x3	x4	z1	z2	z3	z4	id
11.7760608412158	-36.1116549308834	-1.04849300040964	-1.34397653834282	-0.733426230872347	0.317371359680224	2	2	1	1	1
23.8256517891543	-24.0620639829448	-0.329293366321531	-0.847349670204937	0.185289689699806	-0.295771972605465	2	2	1	1	1
38.3619816044036	-9.52573416769561	0.399575501537865	-0.0224115820830016	0.872610307806179	-0.531723366092141	2	2	1	1	1
47.8877157720992	0	0.685736420420716	0.566361271129271	0.717218734187886	-0.273978523951327	2	2	1	1	1
60.4044781752452	12.516762403146	0.351581762940025	0.51609209454955	-0.142676615898894	0.350197437256104	2	2	1	1	1
71.1163972076449	23.2286814355457	-0.395493218865071	-0.13882166188656	-0.942267388601063	1.03260891680438	2	2	1	1	1
13.5375047014915	-33.3298084721787	-1.22759786817312	-0.597783121409829	-0.664513384110999	-0.649065493176649	2	2	1	1	2
24.5398456576251	-22.3274675160451	-0.619578231734282	-1.17906120471802	-0.676070798974114	0.119137734146892	2	2	1	1	2
34.0480247105933	-12.8192884630769	0.117733513270877	-1.43419244560239	-0.383477292368233	0.919444536169751	2	2	1	1	2
46.8673131736702	0	0.574724891036015	-1.25121497801661	0.121083672511753	1.1429079444934	2	2	1	1	2
60.5820731310727	13.7147599574025	0.497515001200298	-0.710426685686419	0.678646923556802	0.619496460319205	2	2	1	1	2
72.2659630694274	25.3986498957572	-0.0710023133718533	-0.0491472560613527	1.11354857803842	-0.252530354260862	2	2	1	1	2
12.7337014382471	-35.1430860370111	-0.517737322802842	-0.442595997968574	0.371399625291683	-0.3832321903461	2	1	2	2	3
23.4520401782169	-24.4247472970413	0.100746937686207	-1.12612173934488	0.97362515971689	0.161237128895032	2	1	2	2	3
37.3460792794798	-10.5307081957785	0.793885480187398	-0.96451131327056	1.37745383766139	0.682195276271976	2	1	2	2	3
47.8767874752582	0	1.21300481449399	-0.101608425840739	1.42835452505811	1.01847957887781	2	1	2	2	3
61.7498906276776	13.8731031524194	1.14727291764781	0.694547679789468	1.10684930620221	1.06605773135849	2	1	2	2	3
70.8600992433962	22.983311768138	0.629755285918285	0.715326702679874	0.535967001956936	0.810211042271393	2	1	2	2	3
12.6481364534262	-36.4646061699896	-0.279587018131931	-1.01480097234804	-0.284014219157276	-0.40989718282178	2	1	1	1	4
25.691398430689	-23.4213441927269	0.560549683575356	-0.30896505802645	0.303161381513726	0.0677799283681271	2	1	1	1	4
34.8196857361364	-14.2930568872795	1.18875940338407	0.299712790222234	0.933331075655104	0.539128997986536	2	1	1	1	4
49.1127426234158	0	1.15293749907676	0.498340235354137	1.34298683638588	0.891176352880227	2	1	1	1	4
59.8162478518596	10.7035052284437	0.478863974877688	0.184812353250215	1.3608294371419	1.03954273918027	2	1	1	1	4
70.8370740359067	21.7243314124909	-0.348349653302355	-0.479701081237086	0.979397921670647	0.94866747221966	2	1	1	1	4
12.2475707925781	-34.8290713588478	-0.464197913572599	-1.28708599839031	-0.0714147974529791	-1.37429996679372	1	1	2	2	5
23.9281866637285	-23.1484554876975	-0.124436338610048	-1.22116833741751	-0.482169330910934	-0.888035240153269	1	1	2	2	5
36.0874559461643	-10.9891862052616	0.387133471165731	-0.73469192949587	-0.646846041154533	-0.0326296780529304	1	1	2	2	5
47.0766421514259	0	0.919328122187575	-0.054325564104324	-0.516900729341833	0.561834441877456	1	1	2	2	5
61.8626546195683	14.7860124681424	1.31486899511116	0.502920893665544	-0.130639304340473	0.457481422716689	1	1	2	2	5
71.478409976528	24.4017678251021	1.45686253930002	0.677404061385904	0.398074218758999	-0.268823455598398	1	1	2	2	5
11.2227801167303	-37.7157856729316	0.434676035416112	-0.804651035407103	0.0888781400260268	-0.792220942731433	2	2	1	1	6
22.5456908851902	-26.3928749044717	-0.359092459051852	-0.0943974521044061	-0.516748771136245	-0.634599552230772	2	2	1	1	6
35.8140943982552	-13.1244713914066	-0.446634435180617	0.765494754861392	-0.270032530459368	-0.236190460836525	2	2	1	1	6
48.9385657896619	0	0.245561228202165	1.0888284713102	0.613596511299818	0.289069070805006	2	2	1	1	6
61.8530007640447	12.9144349743828	1.13624103950225	0.617582213447929	1.36256160717544	0.790965020332633	2	2	1	1	6
71.5446719740494	22.6061061843876	1.47747955278342	-0.272187787963336	1.32287332839521	1.12596489600895	2	2	1	1	6
11.5473859142431	-38.0650607660663	-1.32741556118433	-0.601072795747896	-0.71121358692306	-0.574116642546979	2	1	2	2	7
22.2712966011887	-27.3411500791207	-0.806610306359773	0.0994876871555498	-1.0291833710743	-0.452001321841475	2	1	2	2	7
37.2113949159084	-12.401051764401	-0.0271311371147559	0.722918989770546	-0.670285989081824	0.120411339792393	2	1	2	2	7
49.6124466803094	0	0.536720050343166	0.948472709193079	0.122462228020216	0.84259273205989	2	1	2	2	7
61.2625279655067	11.6500812851973	0.541847894467375	0.660103990167437	0.812276191178017	1.33538253104475	2	1	2	2	7
71.8526210928923	22.2401744125829	-0.0148678243548296	0.00617529971602186	0.932069577576734	1.34005579339295	2	1	2	2	7
12.3764011360775	-32.909449551016	-1.21770085991622	-1.11483521633818	-0.103784674555685	-0.736549392226251	1	2	2	2	8
22.1930063462048	-23.0928443408888	-1.36646764520031	-0.464875413808343	-0.51773529604209	0.000691506410655574	1	2	2	2	8
37.998842955212	-7.28700773188157	-1.15225699354755	0.279765137970072	-0.431067591510608	0.574704730322314	1	2	2	2	8
45.2858506870935	0	-0.652948786549157	0.683607185438338	0.111478177092535	0.671718782186264	1	2	2	2	8
59.6657003343121	14.3798496472186	-0.0500749122720398	0.510476600062773	0.829824904502551	0.238703099209488	1	2	2	2	8
71.6384728254285	26.352622138335	0.437179702759896	-0.138376722609744	1.35314217671137	-0.487643975169431	1	2	2	2	8
12.6299205308746	NaN	-0.497737937573704	-1.22163190509772	-0.541735874159056	-0.865806642564959	1	2	1	1	9
23.4725319096026	NaN	0.0542990762313119	-1.323131316477	-1.10902778049119	-1.07876066397629	1	2	1	1	9
38.1499722036032	NaN	0.58434185559744	-1.13712975643946	-1.20538069330789	-0.780000775863471	1	2	1	1	9
49.6881711858225	NaN	0.92295555979577	-0.717282077461667	-0.778875694243263	-0.122722282324723	1	2	1	1	9
60.3721246635759	NaN	0.961898059562547	-0.184699442663089	-0.0593312452591833	0.556041691708342	1	2	1	1	9
73.2896633318222	NaN	0.688720895070695	0.306986948863475	0.565532465272841	0.908240897356128	1	2	1	1	9
12.1057695695864	NaN	-1.20462450905206	-0.824999179850019	0.297822186235056	-0.705994942901817	1	2	1	1	10
24.0574107049387	NaN	-0.843280088306487	-0.344727131066974	0.836606673741958	-0.410250102307956	1	2	1	1	10
34.514440013585	NaN	-0.340396638015914	0.196405255309242	1.25029803634567	0.139835421006498	1	2	1	1	10
48.7208807793264	NaN	0.166414923188937	0.639245657151944	1.41577627180846	0.739982997948262	1	2	1	1	10
59.8328991293369	NaN	0.538468773633544	0.853550385376552	1.28379287614356	1.16732305810467	1	2	1	1	10
73.0064519839247	NaN	0.673954698425779	0.776290325484712	0.893627847529648	1.26315947524538	1	2	1	1	10
12.658342704289	NaN	-0.664707503954354	-0.211410241673379	-0.483048119759834	-0.545196332783274	1	2	2	1	11
22.1630901366632	NaN	-0.688087629618383	0.376563978544908	-0.306559223231368	-0.0530301067346439	1	2	2	1	11
35.5820465908929	NaN	-0.445665061677549	0.865689386988419	0.477309981653048	0.543546767884969	1	2	2	1	11
48.4435603053371	NaN	-0.00345538479014829	1.08685654962702	1.2677127574496	1.03220455268652	1	2	2	1	11
59.7202276698503	NaN	0.518120556527391	0.963599486460042	1.45879429299253	1.23902336571876	1	2	2	1	11
70.4284882278764	NaN	0.977029200786761	0.53853289677025	0.90408791182444	1.09039360806275	1	2	2	1	11
12.7017356092778	NaN	-0.236218718603593	-0.691064917892418	-0.236598082004548	-1.25698452332008	1	1	2	2	12
24.5193191874292	NaN	-0.604976727978473	-0.659409519021672	-0.544924434176722	-0.673062680844725	1	1	2	2	12
34.5079087310377	NaN	-0.739466334897662	-0.25641571029301	-0.598585582919944	0.0219901825159829	1	1	2	2	12
48.9117395704225	NaN	-0.603285068388801	0.357326944009923	-0.382940105245743	0.486661742394396	1	1	2	2	12
59.797427655098	NaN	-0.233293283051979	0.937247278519281	0.0431732164469629	0.492636898102607	1	1	2	2	12
72.8423474594736	NaN	0.2703628794572	1.25225203120238	0.563489532634015	0.0369797732174861	1	1	2	2	12
12.5704384780586	NaN	-1.38524991942402	-0.906653382332285	0.00692365188745403	-0.64980843970434	2	2	2	1	13
23.9185667141837	NaN	-1.2127400643356	-0.107632888468933	-0.395508355063925	-0.368217770304839	2	2	2	1	13
37.0962251767755	NaN	-0.788490720632162	0.746956633238752	-0.608529658130964	0.132948009220726	2	2	2	1	13
48.3721509153203	NaN	-0.241682491813252	0.905161954446218	-0.579636252784093	0.69431113177004	2	2	2	1	13
60.8127357412574	NaN	0.261185797678132	0.227778230018548	-0.315949583983816	1.13735022844559	2	2	2	1	13
71.3654723776083	NaN	0.566994690896679	-0.689164673689694	0.117538697886807	1.32117263487987	2	2	2	1	13
12.6710917676043	NaN	-0.680337596116888	-1.34000653220526	-1.2740767315786	0.342692037065761	2	2	2	2	14
24.0010015156927	NaN	-0.601594919691576	-1.22449989970894	-0.474481358889016	1.05649023474578	2	2	2	2	14
35.8947731932943	NaN	0.0804642477088217	-0.693976938789299	0.330378898928291	1.43031224670458	2	2	2	2	14
46.5959655346082	NaN	0.890257462367665	-0.00228400172239529	0.491778681754413	1.25767260902924	2	2	2	2	14
60.2931176604875	NaN	1.26313659060402	0.51961542469909	-0.120371838079538	0.633931077257855	2	2	2	2	14
71.9496531498166	NaN	0.939102536307978	0.622001205040478	-1.01267326289029	-0.0963805783301752	2	2	2	2	14
12.5385315622422	NaN	-0.0167784799305701	-0.875541211923901	-1.30895775080211	-0.545544477693156	2	1	2	2	15
24.0754589107824	NaN	0.686817270858451	-0.282779342523119	-1.05079427914255	-0.301381836747365	2	1	2	2	15
34.0915087730901	NaN	1.15851884228937	0.28904172723457	-0.602019904960839	0.417531451263881	2	1	2	2	15
48.0553140017209	NaN	1.16152736134046	0.625293222091111	-0.0833590421483943	1.15683376296578	2	1	2	2	15
61.9355302988437	NaN	0.694332521572418	0.599765650412466	0.365663790352242	1.44927737306053	2	1	2	2	15
72.809599492871	NaN	-0.00852922804123563	0.222040595904569	0.624257341087949	1.11003449265607	2	1	2	2	15
10.9130907849881	NaN	-0.679177467426073	-0.919464089866362	-0.944788044764041	-0.632571818210739	2	2	1	1	16
23.373879802705	NaN	0.159615408814507	-0.360257094376458	-1.10405001442336	0.054873831651444	2	2	1	1	16
36.7818068800772	NaN	0.660520183858691	0.218666849926738	-0.94732135580954	0.922427789537174	2	2	1	1	16
48.1248943277679	NaN	0.469625866298542	0.610849854505515	-0.52412699273981	1.280110984662	2	2	1	1	16
60.0316977908915	NaN	-0.278192412807558	0.676430240045212	0.0318072535079648	0.843452443936374	2	2	1	1	16
71.6361017291419	NaN	-1.05456854130172	0.39202049932446	0.544810886954789	-0.0402665466270047	2	2	1	1	16
