age	diseaseAge	x1	x2	x3	x4	z1	z2	z3	z4	id
12.3022310060749	-34.2526697131465	-0.502096898914915	-0.986473379936721	0.179212572970078	-0.443419720529985	1	1	1	1	1
24.8600088407573	-21.6948918784641	-1.0526736900456	-0.484877895115919	-0.540051566791116	0.398286634504491	1	1	1	1	1
36.3145293442107	-10.2403713750107	-1.40823626514378	0.127030540596152	-0.669038140912843	1.10542541403192	1	1	1	1	1
46.5549007192214	0	-1.44895789273237	0.62010111458434	-0.11621073329178	1.13683847070247	1	1	1	1	1
59.8177673005136	13.2628665812923	-1.16111513880537	0.80968606566109	0.726111998398704	0.468486065722861	1	1	1	1	1
71.3134602639151	24.7585595446937	-0.641712746825749	0.624788586030664	1.26016858490256	-0.388156034442381	1	1	1	1	1
15.3668933135809	-32.0097551792804	-1.34411812303527	-0.713280065331841	-0.498902724590896	-1.03718175824972	2	2	2	1	2
22.6995205695312	-24.67712792333	-0.783959390146869	-0.00776059642122373	-0.214035680878207	-0.772158915029496	2	2	2	1	2
36.6856618961732	-10.6909865966881	0.0478694915772919	0.538840812376506	0.62448458854289	-0.12339031066866	2	2	2	1	2
47.3766484928613	0	0.575406924207816	0.654091205593799	1.35962527041363	0.570381476486587	2	2	2	1	2
58.6026355437782	11.2259870509169	0.433383909106825	0.280548350668459	1.41535789176227	0.946916285020988	2	2	2	1	2
71.9361549253208	24.5595064324596	-0.279862258017975	-0.39560933733664	0.748012475451255	0.80961339932856	2	2	2	1	2
11.7887488589523	-38.7254624523059	-0.618929760118702	-0.536878927924323	-1.0002355270766	-0.151125449320304	2	2	2	1	3
23.7689557320481	-26.7452555792101	-0.486035952468398	-0.774136452724949	-0.897296536746039	0.408320357609011	2	2	2	1	3
35.4070828445012	-15.107128466757	0.0557198845699139	-0.303998589531081	-0.461345935545282	0.913944801443443	2	2	2	1	3
50.5142113112582	0	0.747072948857517	0.537056988565108	0.143928489560672	1.20538957672013	2	2	2	1	3
59.4377578259725	8.9235465147143	1.25716660135861	1.14708679644104	0.691262385961187	1.19022325361154	2	2	2	1	3
71.5711015751682	21.05689026391	1.34188841937944	1.08949249488507	0.975146519385308	0.873255816886903	2	2	2	1	3
12.1837654676119	-36.0061423407037	-0.00466971049280587	-1.28754598054612	-1.35003675248807	-0.582467071221278	2	1	1	2	4
24.3010835931527	-23.8888242151628	-0.526061738374932	-0.885048891717185	-0.853337382164544	-1.1615167730349	2	1	1	2	4
36.9195523691354	-11.2703554391801	-0.828981719799257	0.0021724681858315	-0.168373024594509	-1.38598215972509	2	1	1	2	4
48.1899078083155	0	-0.813513267572181	0.654350595658897	0.382287281373483	-1.15323199026307	2	1	1	2	4
62.1582474452752	13.9683396369596	-0.484758560344114	0.542399240228357	0.539322063512334	-0.56968551749567	2	1	1	2	4
73.1672359701414	24.9773281618259	0.0488445812279227	-0.242859903257347	0.228779212956083	0.0978450806231556	2	1	1	2	4
9.89869856308494	-38.2481701692111	-0.152137328601865	-0.678590479989757	-0.0933665302279915	-0.713834671177034	2	2	1	1	5
25.0663017411175	-23.0805669911786	0.520297127623955	-1.06483994932345	-0.608532337314575	-0.266721226952113	2	2	1	1	5
34.5364163777337	-13.6104523545624	1.10484059098805	-0.695136149487312	-0.562710595676209	0.394154823106857	2	2	1	1	5
48.1468687322961	0	1.33059967077585	0.151026523455515	0.0168687109111406	0.972945412514366	2	2	1	1	5
60.822952228311	12.6760834960149	1.0929514493751	0.833952926122268	0.785785345438293	1.21054888860658	2	2	1	1	5
71.9824076669653	23.8355389346693	0.502028597027371	0.837353795179652	1.28710365389872	1.00059957360498	2	2	1	1	5
11.228032747773	-36.4534499977063	-0.252816358754668	-1.42677078828781	-0.672237825665785	-1.20424962640463	1	2	2	1	6
24.7278152246468	-22.9536675208325	0.365301796990535	-0.838675819969904	-0.43677256299661	-0.484163237647336	1	2	2	1	6
37.4315265444411	-10.2499562010381	0.894500939550977	0.101411816763697	0.339812341253944	0.383803021369888	1	2	2	1	6
47.6814827454792	0	1.13122351867626	0.556684631600313	1.09892975358921	0.688224151801188	1	2	2	1	6
59.1816882925476	11.5002055470684	0.984413702222438	0.121887107176963	1.29455667379009	0.179582617549068	1	2	2	1	6
69.4112337277104	21.7297509822312	0.510542191267118	-0.815951068007244	0.78598127499554	-0.72521562547064	1	2	2	1	6
12.3798306839026	-37.1170700672771	-0.713217774887789	-0.0854515242561331	-0.454210461479626	-0.778692531103488	1	2	1	2	7
24.9891696489212	-24.5077311022585	-0.953169980264423	0.576861974322725	0.260620021956417	-0.228128900696285	1	2	1	2	7
37.8006409272685	-11.6962598239112	-0.634130163416963	0.98232650239468	0.656015059138851	0.602241962181419	1	2	1	2	7
49.4969007511797	0	0.0652706853529722	0.942599490556186	0.516807454587557	1.13980477168452	1	2	1	2	7
58.1949304065106	8.69802965533091	0.753436722404017	0.476134556735219	-0.0812484016721095	1.01386169196101	1	2	1	2	7
71.1354535277206	21.6385527765409	1.04506249619391	-0.200390394862246	-0.812700773450351	0.311261787471291	1	2	1	2	7
12.5731353580976	-23.9886423606643	-1.41777729800987	-0.944613674253882	-1.08809874561105	-0.524486730977604	1	1	1	1	8
25.1358076380011	-11.4259700807607	-1.33525490267173	-0.722747609147961	-1.12146942990728	-1.22088026584518	1	1	1	1	8
36.5617777187619	0	-0.99712671385142	-0.226423645642799	-0.668781232677264	-1.23371164431466	1	1	1	1	8
48.5427590667884	11.9809813480265	-0.498236516847604	0.368577623294586	0.0382275696097125	-0.553155469925948	1	1	1	1	8
58.8841537224098	22.3223760036479	0.0214787168103106	0.851527553551781	0.63762794435875	0.299664650637687	1	1	1	1	8
71.2604765946224	34.6986988758605	0.416240664973348	1.05138216708982	0.822577321762795	0.671717103227169	1	1	1	1	8
11.3468862458137	NaN	-1.05290003192541	-0.431584171715353	-0.708945341200664	-0.0356026827278016	1	1	1	1	9
22.8595430441687	NaN	-0.571811776007953	-0.813135053875193	-0.0195767328008469	0.528713375920378	1	1	1	1	9
35.7258687281128	NaN	0.107405083819297	-0.947339355170345	0.549415811112313	1.00546341685614	1	1	1	1	9
47.6117722989478	NaN	0.668743817785978	-0.79585041612448	0.724892411376861	1.24281659138012	1	1	1	1	9
60.2679597726953	NaN	0.851040682607863	-0.401953695578791	0.422617065421694	1.16518290298444	1	1	1	1	9
72.9993747834514	NaN	0.569481770522996	0.121801333269218	-0.212305598667881	0.797286395265697	1	1	1	1	9
12.068650116243	NaN	-0.783777982866964	-0.0681688304150357	-0.0425767984760646	-1.38279057720875	2	2	1	2	10
25.3905603775666	NaN	-0.18285182353695	-0.572520120966488	0.784773478342456	-1.0004530516292	2	2	1	2	10
36.8122989210746	NaN	0.737584723858308	-0.701732184460646	1.12935619058469	-0.130403296582369	2	2	1	2	10
47.7359876412112	NaN	1.1902086951893	-0.399513848062706	0.737175882830103	0.540221961460611	2	2	1	2	10
60.437253261892	NaN	0.787854622338899	0.202473616454571	-0.102687313109391	0.481784915204787	2	2	1	2	10
74.7836600223388	NaN	-0.125311889619267	0.841974661945153	-0.771161611665973	-0.259562775130468	2	2	1	2	10
12.3196102893351	NaN	-0.0119231027169987	-1.28832970722059	-0.4009713349339	-0.891844123908762	1	1	1	2	11
24.2820380986283	NaN	-0.520504594045657	-1.08345426877404	0.375853476510128	-0.762680847486963	1	1	1	2	11
35.4189635276459	NaN	-0.882403120623741	-0.430115410870416	1.11639690300847	-0.420410886963071	1	1	1	2	11
47.865037924504	NaN	-0.9961283546874	0.300301200588713	1.30267218303887	0.0511975221369485	1	1	1	2	11
60.8406303711357	NaN	-0.82978734715702	0.692595617902813	0.804385635499022	0.536721442231753	1	1	1	2	11
71.8966049750351	NaN	-0.430028542651747	0.52377096641614	-0.029927021333606	0.917332209451048	1	1	1	2	11
12.4390507330778	NaN	-0.544945129359642	-0.688933319660809	-0.715856977868232	-0.75369276555095	1	2	1	1	12
25.0098545964678	NaN	-0.690521236272181	-1.00954308068861	-1.18897072227726	-0.0296916182803031	1	2	1	1	12
35.6677566095004	NaN	-0.276806226390281	-0.869295426977558	-1.18121272702572	0.670495916106973	1	2	1	1	12
46.8615137625781	NaN	0.460436238464101	-0.333473147473219	-0.696562257636175	0.928869108338585	1	2	1	1	12
59.1317519265613	NaN	1.10107399239655	0.348508014604317	0.0163916057476388	0.591183306127581	1	2	1	1	12
72.178568704541	NaN	1.28002697023943	0.8591979551664	0.591957387975103	-0.140968482000659	1	2	1	1	12
11.9042207643845	NaN	-0.232928032655896	-0.5894546234316	-0.762763054517453	-1.14526348127176	1	2	2	1	13
21.895883968905	NaN	-0.800585368501265	-0.28665533081751	-0.338529404505536	-1.18317114891465	1	2	2	1	13
36.5702917819914	NaN	-1.03019758800061	0.173868948845165	0.435662814640641	-0.772665304776495	1	2	2	1	13
48.0613750315034	NaN	-0.820993729077577	0.675321667388386	1.07822130488159	-0.106067926066402	1	2	2	1	13
59.4807258681424	NaN	-0.264788043516008	1.09052614991843	1.18943755418756	0.504320132778129	1	2	2	1	13
71.2632974830264	NaN	0.394314942502595	1.31417969582866	0.700128628710862	0.772532082201965	1	2	2	1	13
15.0875330387871	NaN	0.244317785830954	0.0141818126925453	-1.28808762024136	-0.493474939680243	1	2	1	1	14
22.9452769558452	NaN	1.01021451199031	0.731629637107343	-0.863592353999762	0.372417446587639	1	2	1	1	14
33.9570391510183	NaN	1.26348124977763	1.16421369969453	-0.229313349093068	1.13183775191138	1	2	1	1	14
47.2220621536162	NaN	0.828552662462973	1.08110119572692	0.349490202396397	1.13729892998163	1	2	1	1	14
60.1786372945297	NaN	0.00692267914450378	0.52664210029146	0.630759267685322	0.384144742305308	1	2	1	1	14
71.3876529958608	NaN	-0.631852089827097	-0.203296588321657	0.496865477492802	-0.485480300396119	1	2	1	1	14
10.7450710446948	NaN	-1.01220734823289	-0.484733946646364	-1.07996170043845	-0.954556174203845	2	2	1	2	15
22.2181456108459	NaN	-1.36918376566456	-0.486032165378384	-1.42624400955199	-1.3197152418059	2	2	1	2	15
35.5492183498408	NaN	-1.25848313565062	-0.227361284593274	-1.179667062355	-1.39834640415828	2	2	1	2	15
48.1321295242271	NaN	-0.732839103035927	0.221696829044693	-0.48677660572076	-1.16572090647417	2	2	1	2	15
59.8127675182286	NaN	-0.0426488491846254	0.740346585042962	0.240628323080139	-0.694997261451262	2	2	1	2	15
70.0759138971041	NaN	0.483306771472768	1.18907240260715	0.570236026696365	-0.134213590896303	2	2	1	2	15
11.8532483671798	NaN	-0.781030749848171	-0.362073082238293	0.0364987599126393	0.293919581069665	1	2	2	1	16
23.2521933741489	NaN	-0.439343725401815	-0.955895411482734	0.868126486554879	-0.422068372496434	1	2	2	1	16
36.1479324697848	NaN	0.276830587489056	-1.25800524471057	1.43126419618665	-0.500193028422915	1	2	2	1	16
46.7654282400544	NaN	0.958041270882435	-1.14005819093723	1.33607446472248	0.117509486636079	1	2	2	1	16
60.5820439286665	NaN	1.21482680038849	-0.65216133414349	0.648453287189328	0.972740445810128	1	2	2	1	16
73.3820127720264	NaN	0.900377846381764	-0.00158639494644508	-0.155587050232558	1.43096906734873	1	2	2	1	16
