age	diseaseAge	x1	x2	x3	x4	z1	z2	z3	z4	id
13.3828043021363	-33.9324445086414	-0.179657255270963	-0.80055645861811	-0.435451355650345	-0.752746569550977	2	1	2	1	1
24.5815104621694	-22.7337383486083	0.562474436060915	-1.1824400501653	-1.08532987511148	-1.0293125590283	2	1	2	1	1
35.6605378278583	-11.6547109829194	1.24486806244806	-1.34064374713178	-1.23697997838291	-0.81759161279326	2	1	2	1	1
47.3152488107777	0	1.45580292760154	-1.23306553876146	-0.79916308077408	-0.22109115823075	2	1	2	1	1
60.6060903520915	13.2908415413138	1.06801194373744	-0.888334711049393	-0.0352868109625764	0.468568024648469	2	1	2	1	1
71.8449153944574	24.5296665836798	0.315467949577003	-0.398192868614075	0.595071236095687	0.914221148601558	2	1	2	1	1
11.3300300582131	-37.1572067710577	-0.57067381492233	-0.925042819325551	-0.746317766475605	-0.501172267924817	1	2	2	1	2
21.7554837974612	-26.7317530318097	0.18469408489568	-1.12148321614257	-0.861330781561579	-0.34032441664264	1	2	2	1	2
35.6226604646916	-12.8645763645792	0.90343563668436	-0.870257537513503	-0.344186203475803	0.386142209308204	1	2	2	1	2
48.4872368292708	0	1.11772941447518	-0.283937192177804	0.465452837696241	1.17171112465354	1	2	2	1	2
58.3741537385117	9.88691690924094	0.688093819558833	0.374754249538397	1.03581139425648	1.46865777918357	1	2	2	1	2
69.9757714272516	21.4885345979808	-0.105825792706534	0.810664540765908	0.992275130482046	1.06994117418811	1	2	2	1	2
12.9171105994323	-36.3994534298678	-0.793591622766671	-0.10792204043629	-0.103998738498605	-0.767328148483876	1	1	1	2	3
23.2583407091208	-26.0582233201793	-1.30641924525351	0.603870051836529	-0.600510559837995	-0.519808701165748	1	1	1	2	3
35.2212301246485	-14.0953339046516	-1.28243914870861	0.936761403037455	-0.222013030899123	0.159630182819759	1	1	1	2	3
49.3165640293001	0	-0.735387197838621	0.700991222249368	0.699459854101005	0.880165823096089	1	1	1	2	3
58.7446416908948	9.4280776615947	0.0213837578134786	0.0309575219757982	1.35555322048982	1.22733611442165	1	1	1	2	3
70.9319183960953	21.6153543667952	0.55439325075677	-0.691394884719319	1.17071429878929	1.00144388461361	1	1	1	2	3
12.4335922983512	-36.7531215375335	-0.563539991635985	-0.273026091676227	-0.996148681073214	-0.339165379688918	2	1	2	2	4
23.6570484806315	-25.5296653552531	-1.10122210633931	0.328696064604206	-0.694275391103758	-0.734615929930519	2	1	2	2	4
37.0629343839503	-12.1237794519343	-1.2963860409995	0.950302121552412	-0.217006144917338	-0.386152922434943	2	1	2	2	4
49.1867138358846	0	-1.0659326333939	1.33144264665279	0.304466693788612	0.446879108120797	2	1	2	2	4
60.1677618845052	10.9810480486206	-0.507987006572144	1.31248322465246	0.726800022854259	1.14449382261785	2	1	2	2	4
72.0975112965654	22.9107974606807	0.139882283393023	0.901364696383695	0.933902331772582	1.18748958523445	2	1	2	2	4
12.5029218352082	-35.479827297711	-0.364556005666942	-0.627741503978171	-0.578976598094813	-0.688284536337656	2	1	1	2	5
24.8217777735902	-23.160971359329	0.435633948041857	-0.545459843169721	-0.0844101971792154	-0.0151153237209701	2	1	1	2	5
35.9352142226863	-12.0475349102329	1.23861674539004	-0.0187682577656882	0.450038133247399	0.804730566494645	2	1	1	2	5
47.9827491329192	0	1.39858946733127	0.688700870408573	0.868870668187546	1.19128041496929	2	1	1	2	5
59.0735069539058	11.0907578209866	0.786893254499415	1.22282802151032	1.05022809471918	0.871082382209936	2	1	1	2	5
72.4686730200223	24.4859238871031	-0.104512163555905	1.3162589849449	0.941344475273451	0.0706499215411844	2	1	1	2	5
13.7823525079249	-34.6160519263127	-0.0850324270614615	-0.754419120297782	0.165013913843236	-0.483272446101898	2	2	1	1	6
25.0459789215784	-23.3524255126592	-0.458670400638074	0.0939112760843182	-0.328061920750592	0.132264513040972	2	2	1	1	6
35.4872667699819	-12.9111376642557	-0.45636439534512	0.858329139817442	-0.636561181907518	0.643817340462365	2	2	1	1	6
48.3984044342376	0	-0.0790265692866283	0.905410580888843	-0.670868138755813	0.857322979353177	2	2	1	1	6
59.2456086291977	10.8472041949601	0.52408420243987	0.196142238981154	-0.421016987810519	0.691785773530666	2	2	1	1	6
72.0666822434159	23.6682778091783	1.11440282211436	-0.681750855514515	0.0404131878630225	0.210004039132556	2	2	1	1	6
12.804424245872	-37.6005384423799	0.0690993946952999	-0.488981313197073	-0.289995333191684	-0.64615001050994	1	2	2	1	7
23.4391636089795	-26.9657990792724	-0.63416278331937	0.174329849872232	-0.903695439341049	-0.922800214134107	1	2	2	1	7
37.0737183826941	-13.3312443055577	-0.648552808879851	0.565112354875505	-1.20134521065285	-0.648395939230925	1	2	2	1	7
50.4049626882519	0	0.0370569223303686	0.498823521503756	-1.04776101478711	0.0258509089243614	1	2	2	1	7
58.4774071764711	8.0724444882192	0.892494050825786	0.00676751211930893	-0.512696204402702	0.728393091968347	1	2	2	1	7
72.7385314769223	22.3335687886704	1.25626108005634	-0.678687709842032	0.160838771386691	1.07209107983433	1	2	2	1	7
11.0143883886158	-38.1518629031819	-0.0932263544469064	-0.971391864946735	-1.15434702809649	-0.572393355027325	1	1	2	1	8
25.6863950451289	-23.4798562466688	-0.490764195806346	-0.113704014390813	-1.3416712665125	-0.725070400177753	1	1	2	1	8
35.8347177023297	-13.331533589468	-0.678907001318693	0.515830932979658	-1.25682424019647	-0.305759954272976	1	1	2	1	8
49.1662512917977	0	-0.608696316472329	0.445084163108331	-0.923018736678881	0.441296618936012	1	1	2	1	8
60.8378778213976	11.6716265295999	-0.298402340921817	-0.27288676350369	-0.431578595652069	1.08095128528565	1	1	2	1	8
71.3457736747863	22.1795223829886	0.17123033642417	-1.09962919458643	0.0830460309704411	1.24061583581345	1	1	2	1	8
12.2549338269379	NaN	0.000863713583655445	-0.575178130279718	-1.00572444946475	-0.222002044959812	2	2	2	2	9
24.2029253959895	NaN	0.946299313159804	-1.23000625457709	-0.275835888419254	0.294775831709579	2	2	2	2	9
36.6584615729957	NaN	1.43041899472492	-1.18861855540359	0.608618628367309	0.853714549018644	2	2	2	2	9
46.3904134034299	NaN	1.01949785744905	-0.482330656055606	0.889599291459863	1.27595243636351	2	2	2	2	9
58.9152722370818	NaN	0.0816819121238201	0.354451176956166	0.326285884258146	1.42637240204162	2	2	2	2	9
70.3971800741348	NaN	-0.542835510196914	0.688583638080813	-0.598522331384497	1.2568397122795	2	2	2	2	9
11.1957803603538	NaN	-1.39676289379441	-1.13768030927498	-0.596448581479364	-1.37866480449615	1	2	2	1	10
23.4815943875799	NaN	-0.996965259806047	-1.14747600694644	-0.254822687008367	-1.16021305877653	1	2	2	1	10
38.1212004622438	NaN	-0.130060809360021	-0.782213257626888	0.270292389467824	-0.465879798711534	1	2	2	1	10
47.472381227095	NaN	0.529181342719882	-0.185433977304858	0.815219538000754	0.277606280718198	1	2	2	1	10
59.4127044542021	NaN	0.467629393748127	0.408337942713315	1.21010627329739	0.613307765364283	1	2	2	1	10
72.330589865982	NaN	-0.266806700221905	0.76576045148384	1.3318673470269	0.334906645294903	1	2	2	1	10
11.781312913147	NaN	-0.871605841133205	-0.339378290267546	-0.735573484008044	-0.450718134483144	2	1	2	1	11
23.5273889879173	NaN	-1.02795915712287	0.43680281515516	-0.96878620856143	-1.17841248228443	2	1	2	1	11
35.4287258761971	NaN	-0.913032417607348	1.23725965020098	-0.885904295111827	-1.16225163151004	2	1	2	1	11
47.9124684746508	NaN	-0.558029415505406	1.44526378420518	-0.513381945098863	-0.415615576224174	2	1	2	1	11
59.3407210386255	NaN	-0.059337120549478	0.900554154335012	0.0298793721720003	0.443336025563516	2	1	2	1	11
75.1676042016419	NaN	0.447644375274983	0.0228134973598608	0.570481822079351	0.703454516285695	2	1	2	1	11
12.4532300017156	NaN	-0.435097080611921	-0.469273398046798	-1.24633478844319	0.275160391777851	1	2	2	1	12
23.1003848140063	NaN	-0.867459351631115	-1.18580325211254	-1.08498305095613	-0.436233928600533	1	2	2	1	12
36.1632536337797	NaN	-1.07645464907668	-1.09361951451949	-0.495294006816128	-0.647905911019441	1	2	2	1	12
47.1232012975965	NaN	-1.00241550850691	-0.273240168003479	0.217925300122719	-0.223863425318064	1	2	2	1	12
59.0448316065732	NaN	-0.666479859058176	0.558773582776807	0.686015708344623	0.56346049201845	1	2	2	1	12
71.3295017520622	NaN	-0.164556214764907	0.675698450498741	0.667023844280205	1.20823670185893	1	2	2	1	12
11.4842745089916	NaN	-1.03496195504675	-0.410736363444707	-1.36344287970185	-0.634462995291946	2	2	1	2	13
24.2342450538637	NaN	-0.715832666201962	0.227236778945308	-1.25622418761803	-1.01345275954579	2	2	1	2	13
34.5380647369569	NaN	0.162101007958926	0.808564058020946	-0.566261125592621	-0.62917719132802	2	2	1	2	13
47.2567941849076	NaN	0.871320626298387	1.08720767386303	0.232802911557339	0.225057831471013	2	2	1	2	13
59.4422600272854	NaN	0.824116244039971	0.945236016050112	0.592429278703654	0.897240643241665	2	2	1	2	13
72.8634932758379	NaN	0.0596047781060492	0.442736397867591	0.26574294328896	0.874314505499146	2	2	1	2	13
11.4483704458624	NaN	-1.19673016435429	-0.928159473557461	-0.952656829032134	-0.886656345913236	2	1	2	1	14
22.949831715669	NaN	-0.792575163690512	-0.693522671421941	-1.10179490573082	-0.452663812394216	2	1	2	1	14
36.0008942778529	NaN	-0.285225210468388	-0.243292913329644	-0.905128637874064	0.131223246026494	2	1	2	1	14
47.9457724629759	NaN	0.19197024771529	0.292937841180683	-0.430726894622329	0.661671896562088	2	1	2	1	14
59.6233231645185	NaN	0.513587427256401	0.760823521035505	0.157213430765533	0.953958607065892	2	1	2	1	14
72.5258375438336	NaN	0.595093999025769	1.02569017143134	0.65519819809396	0.906297401630005	2	1	2	1	14
12.411613158859	NaN	-0.0238595318629296	-0.253490711764104	-0.513267040926547	-0.323093111355645	1	2	2	2	15
26.217755360616	NaN	-0.666310336123315	-0.570090030456808	0.185689299031062	-0.948968650308978	1	2	2	2	15
37.8834511342375	NaN	-0.679841923962988	-0.384730476768515	0.994379825704697	-1.17352438462599	1	2	2	2	15
47.8943460339675	NaN	-0.0550169231396093	0.209087291111972	1.3407786181388	-0.880348836681157	1	2	2	2	15
59.5157253282863	NaN	0.772391260523558	0.911824614204067	0.979861057243245	-0.221426540931968	1	2	2	2	15
73.0834603155054	NaN	1.2253210790318	1.3690006959396	0.166921589225417	0.461651946843215	1	2	2	2	15
11.2025014670274	NaN	-0.0841702337937087	-0.306751809687157	-0.647842950516995	-0.444154432874231	2	1	2	1	16
23.7248784668899	NaN	0.598009678069985	0.262389469294624	-1.19321362998061	0.376775197324686	2	1	2	1	16
36.844357073846	NaN	1.22886089816871	0.729370251434656	-1.12143685969889	1.11836671746542	2	1	2	1	16
46.8166460453465	NaN	1.49451313449763	0.942772036336553	-0.479278602338209	1.21527303073926	2	1	2	1	16
61.2575635417241	NaN	1.26279521526247	0.833399303568664	0.314864647361492	0.593618288536991	2	1	2	1	16
72.5720247960861	NaN	0.648994816314468	0.43671615746538	0.743570979478213	-0.272683374234994	2	1	2	1	16
