age	diseaseAge	x1	x2	x3	x4	z1	z2	z3	z4	id
11.9973526486769	-37.8709493767625	-0.810076328952966	-0.448347808702411	-0.0101387067559372	-0.937000114623487	2	1	2	1	1
23.0049855868703	-26.8633164385692	-1.07631195022449	-0.0700071167679482	0.873397873972231	-0.806139403896931	2	1	2	1	1
35.2265311013756	-14.6417709240639	-0.859693181971644	0.48870304309583	1.16726297938488	-0.193134378257589	2	1	2	1	1
49.8683020254395	0	-0.26489119366551	1.03984069241772	0.621855068175506	0.552913323347039	2	1	2	1	1
58.0806018873543	8.21229986191489	0.420683001225934	1.3980111352273	-0.299570261181697	1.00713528309027	2	1	2	1	1
73.667182931691	23.7988809062515	0.86575684807931	1.44273103958024	-0.814377785346919	0.910855594641771	2	1	2	1	1
13.5686908345311	-35.1859175235678	-0.837205009321014	0.146344420883211	-0.621715737911735	-0.252736830563487	1	1	2	1	2
23.1945902780467	-25.5600180800523	-1.18352016944596	-0.374100875477765	0.113919177447172	-0.673072444274851	1	1	2	1	2
36.14070792123	-12.613900436869	-1.28285531962872	-0.549776891222847	0.706319676028778	-0.872718325693512	1	1	2	1	2
48.7546083580989	0	-1.10788600089399	-0.307074250280363	0.830623054128675	-0.796114870716029	1	1	2	1	2
60.497452082807	11.7428437247081	-0.706741621239911	0.252313085911906	0.418663380783251	-0.464580113059208	1	1	2	1	2
72.9870619254898	24.2324535673908	-0.18976633502534	0.893998239755039	-0.303647425262304	0.029622887548126	1	1	2	1	2
10.5182505350686	-36.5399305601901	-0.0485484358794034	-1.26468945992513	-0.359624108993298	-1.35686149132288	1	1	1	1	3
23.7411280461252	-23.3170530491335	-0.562623755935051	-1.01911406281384	0.472540667624728	-1.26453747370854	1	1	1	1	3
35.4765430959119	-11.5816379993468	-0.574172789463754	-0.308618177506095	1.23787977471449	-0.615212564928171	1	1	1	1	3
47.0581810952587	0	-0.0769118722513011	0.42673809597643	1.32100165585131	0.172315879569194	1	1	1	1	3
59.5822379692652	12.5240568740065	0.658606431901351	0.731496869766977	0.655069920039513	0.590112886957884	1	1	1	1	3
73.1042704519134	26.0460893566547	1.23219711745111	0.416899589101132	-0.224455054990927	0.368710461411965	1	1	1	1	3
12.6190326571497	-33.8069402794911	-0.0198929022043843	0.00919565736088063	-0.49125481600369	-0.317741336035469	2	2	1	1	4
24.6661296020836	-21.7598433345572	0.63286312334735	-0.554667091071028	-0.516131204164516	0.299021537732889	2	2	1	1	4
36.4479198379579	-9.9780530986829	1.0197032627075	-0.659573816081977	0.252613464149393	0.678326812883674	2	2	1	1	4
46.4259729366408	0	0.96298481281755	-0.250148563718412	1.13273926528568	0.663483689998807	2	2	1	1	4
59.4758735685591	13.0499006319183	0.488753723222471	0.457489881261669	1.34315855841729	0.260623854934138	2	2	1	1	4
71.7558206047398	25.329847668099	-0.18521608848638	1.08980823068353	0.697129960614099	-0.363831517216939	2	2	1	1	4
11.7688760944228	-36.893306493936	-0.302828031043069	-0.028621792325774	-0.319673857284586	-0.0775153424269396	2	1	2	1	5
21.3254810549462	-27.3367015334126	-0.901123264817028	0.492321712942165	0.294625040011721	0.430390720336975	2	1	2	1	5
36.4296518643591	-12.2325307239997	-0.778251876571181	0.909828400897301	0.819884749615088	0.889571029757919	2	1	2	1	5
48.6621825883588	0	-0.0272096975654592	1.108955096202	1.05673150937307	1.18101804356466	2	1	2	1	5
59.8534382605367	11.1912556721779	0.783573202799764	1.03488051020838	0.915264973450595	1.22919630846399	2	1	2	1	5
73.0158029010185	24.3536203126597	1.04045168819756	0.707998012343958	0.449181846487055	1.02161927662507	2	1	2	1	5
11.2233895880921	-34.7608068116053	-0.295046819550218	-0.59924708157967	-0.628719726670206	-1.36986102235393	2	1	2	2	6
23.4513663900848	-22.5328300096126	-0.481781393014652	-0.972995753896873	-0.441503830864891	-1.12315310128424	2	1	2	2	6
35.6064454248185	-10.3777509748789	0.0306559215653213	-1.11031878455757	0.296271228750191	-0.486497436264346	2	1	2	2	6
45.9841963996974	0	0.875612474243496	-0.973581354143215	1.07184214606215	0.210464525770683	2	1	2	2	6
60.5140538680693	14.5298574683719	1.44851566596393	-0.600257792171887	1.34617700002263	0.606866523438017	2	1	2	2	6
74.3189124275878	28.3347160278903	1.33944906903807	-0.0926613433475967	0.928609482702813	0.497463342945476	2	1	2	2	6
12.3366527714783	-35.6469551429243	-0.442886626612596	-0.72715088873342	-0.153571733971571	-1.02456142590681	2	1	1	2	7
22.9280030803825	-25.05560483402	-1.08500569681701	-1.02473378022648	0.446645922115372	-1.15771782972173	2	1	1	2	7
36.5552682272219	-11.4283396871806	-1.39737472752706	-1.09613688911857	0.934998538731994	-1.03474583211861	2	1	1	2	7
47.9836079144026	0	-1.22885786265733	-0.923863981944328	1.13553082288213	-0.687143757754585	2	1	1	2	7
60.2423038846539	12.2586959702514	-0.660989883613714	-0.550127884593913	0.975990234879842	-0.203947185486782	2	1	1	2	7
70.7305648968658	22.7469569824632	0.0314733768595432	-0.0665068786735322	0.513859851402813	0.291076825491153	2	1	1	2	7
9.1790947756193	-39.936746237208	-0.340679967246513	-1.25199861764303	-1.1279840367125	-0.797274231143706	2	1	2	1	8
22.6996384436715	-26.4162025691557	-0.998847278254372	-0.961999942604016	-1.12484429463331	-0.0339695247728297	2	1	2	1	8
36.673050000831	-12.4427910119962	-0.963569835715096	-0.122895957319374	-0.580514538231725	0.563677447770335	2	1	2	1	8
49.1158410128273	0	-0.261510906885615	0.609292979677586	0.185551365984851	0.643265046827976	2	1	2	1	8
58.6392000820383	9.52335906921105	0.576701903110652	0.662133823869829	0.723768010965998	0.157864564161192	2	1	2	1	8
69.7646349451527	20.6487939323255	0.917533661965878	-0.00568495485108572	0.718269166295655	-0.606308334726729	2	1	2	1	8
12.290863830548	NaN	0.22363903856461	-0.424018719706628	-1.0030152286534	-0.272930232623123	1	1	1	2	9
22.6432647321426	NaN	-0.504244049894977	0.17023529290977	-1.36788216444736	-0.864434472188848	1	1	1	2	9
36.0172614868774	NaN	-0.718773023120929	0.625253501188186	-1.47654986673108	-1.04602565044862	1	1	1	2	9
48.8950251869445	NaN	-0.277625622872582	0.778798632255807	-1.29770256212946	-0.726142346473093	1	1	1	2	9
59.3538411931879	NaN	0.526533280104542	0.576123990542889	-0.882880326874433	-0.0660752690084512	1	1	1	2	9
71.0046109573385	NaN	1.16021065997335	0.0894934559420331	-0.351626307983842	0.601358315707362	1	1	1	2	9
13.2392823542778	NaN	0.0605265644624548	-0.599969073882361	-0.859805231752138	-0.62359463129924	1	1	1	1	10
23.7308630848192	NaN	0.93958378292403	-1.0146789061185	-0.858646367212126	-0.724391999430655	1	1	1	1	10
34.7718245946345	NaN	1.30620291500256	-1.15633953167767	-0.591438551418634	-0.579171344508628	1	1	1	1	10
48.0913862620523	NaN	0.863240851205593	-0.979859634667595	-0.131902854390875	-0.223697758508535	1	1	1	1	10
57.9689591552125	NaN	-0.0302837062033172	-0.541413686669968	0.39317751883536	0.254482358886074	1	1	1	1	10
71.0841505394542	NaN	-0.650173239513941	0.0194386805204709	0.838935971280578	0.737602317471266	1	1	1	1	10
12.5487001515891	NaN	-0.848732910833807	-0.0629440752043382	-0.451238269745714	-1.35721445126695	1	1	1	2	11
23.8015021906979	NaN	-0.187768183867248	0.594889672555442	-0.997031687540633	-1.37371899194215	1	1	1	2	11
35.8618343533306	NaN	0.40222768706859	1.07129047534283	-1.27055174815779	-0.794389203133504	1	1	1	2	11
47.8192742723782	NaN	0.654439643732281	1.15833987322365	-1.1677632915251	0.00715978686739543	1	1	1	2	11
60.3209695719662	NaN	0.454809349071963	0.81804637533624	-0.727762585445429	0.514001635731385	1	1	1	2	11
72.6917807605029	NaN	-0.106383974089907	0.198926314130923	-0.117906802133287	0.39926935673527	1	1	1	2	11
10.8444271204078	NaN	-0.89966424587105	-0.831418706699056	-0.552945817535666	-1.05143966917004	1	2	1	2	12
24.7016688159234	NaN	-0.42141395362493	-0.328177440551072	-1.05202859998592	-0.65462762557768	1	2	1	2	12
36.0359001325948	NaN	0.439816714657989	0.302212379222409	-1.07295587528306	0.169931667572157	1	2	1	2	12
48.4806456644655	NaN	1.0399745834935	0.809233017639273	-0.604875467153885	0.836047122389119	1	2	1	2	12
59.32913094513	NaN	0.930244259456297	0.991393812983221	0.109481976148248	0.870167659692324	1	2	1	2	12
71.1044393455315	NaN	0.192685249070882	0.776303828058431	0.699674876027103	0.248036497650153	1	2	1	2	12
12.0518193317443	NaN	-1.06347652786299	-0.637162381564125	-0.965619368320452	-0.798660566807649	2	2	2	2	13
22.8705758076328	NaN	-1.03655560721944	-1.04979950121753	-1.11826174413803	-0.0283071622816963	2	2	2	2	13
35.2095956812517	NaN	-0.262394880133128	-1.14977054453836	-0.876973527325942	0.482822789957106	2	2	2	2	13
48.8666314162686	NaN	0.596136357438108	-0.902012186600984	-0.337068870410437	0.430496545816292	2	2	2	2	13
58.8013124620049	NaN	0.803927194936272	-0.393421908104117	0.288178012480789	-0.154140475083777	2	2	2	2	13
72.2823847320765	NaN	0.183058291661534	0.197619976047119	0.751780850945389	-0.923102942618345	2	2	2	2	13
13.0272257715007	NaN	-0.266696094338353	-0.493875216874951	-0.3437588701277	-1.20975871942551	2	1	2	2	14
25.4669268035179	NaN	-0.961185334096166	-0.561879987957265	-0.673942665619784	-1.45669784510489	2	1	2	2	14
35.8242218277196	NaN	-0.958676718023117	-0.193158103457057	-0.669167615646078	-0.875382129080775	2	1	2	2	14
50.570632292379	NaN	-0.261114883443789	0.446495462380467	-0.331103925051407	0.0422963930702124	2	1	2	2	14
60.6079508207204	NaN	0.590761874013318	1.06946190814449	0.222001347599429	0.519825502904838	2	1	2	2	14
71.9517163385287	NaN	0.936592905186995	1.39562575880409	0.796684445661657	0.153134298142687	2	1	2	2	14
12.0220991722281	NaN	-0.781446781279684	-0.820319774191927	-0.420079823444744	-0.469041182013853	2	2	2	2	15
25.6448933954725	NaN	-0.391728868174598	-0.501677410471144	-0.992021782666805	-0.75016199024799	2	2	2	2	15
34.5685272593084	NaN	0.333197632428781	0.0407301672826507	-0.70192473291687	-0.791338174177048	2	2	2	2	15
47.094925155575	NaN	0.986318295833947	0.618585892341594	0.19642227263792	-0.582102314263598	2	2	2	2	15
59.9099877598292	NaN	1.20093452452516	1.03126554852927	0.917107635958852	-0.175644369338263	2	2	2	2	15
71.8248468319149	NaN	0.856548722154955	1.13549196653813	0.829645607031234	0.324709771021994	2	2	2	2	15
13.0513238437286	NaN	-0.59228386636795	-0.814094551621195	-1.3076418627443	-0.510769782815992	1	1	1	2	16
23.1657788829285	NaN	0.242309312706263	-0.491848003139663	-1.05747215301961	0.20616298461197	1	1	1	2	16
33.0545496390119	NaN	0.486694994850953	0.400009200980809	-0.205733292605981	0.55669160664221	1	1	1	2	16
49.1286851627172	NaN	-0.0545059414756806	1.10362813441306	0.547255849007228	0.341616535515837	1	1	1	2	16
59.5440602369495	NaN	-0.948619361728824	1.021113920285	0.582370644658795	-0.316838666381739	1	1	1	2	16
73.5590089855356	NaN	-1.48082804308785	0.222582389129558	-0.129261081309806	-1.04448493090027	1	1	1	2	16
