age	diseaseAge	x1	x2	x3	x4	z1	z2	z3	z4	id
10.5850902328719	-38.3750938466869	-0.474370089055938	-0.89647828720736	-0.15309672631555	-0.990121542222487	1	2	2	1	1
24.0072270514832	-24.9529570280756	-0.429111187273999	0.0346918180494951	-0.588878716905384	-1.34556374060959	1	2	2	1	1
34.943579891322	-14.0166041882368	0.14675724520753	0.632944686444817	-0.392316365826225	-1.38764818801138	1	2	2	1	1
48.9601840795588	0	0.913364171262149	0.374683231639942	0.310609619757089	-1.1022487489771	1	2	2	1	1
58.9572719314194	9.99708785186058	1.41826685166244	-0.514059455020114	1.06938004193028	-0.58516307281128	1	2	2	1	1
72.4780793338482	23.5178952542894	1.36347743370371	-1.25544659944987	1.397683896392	-0.00995699563946445	1	2	2	1	1
12.3571018993289	-35.2158398198405	-0.885228115690072	0.179321595451576	-0.100265305342488	-1.05839372994544	1	2	1	2	2
24.9634338222459	-22.6095078969234	-1.40847031620006	-0.384018373383346	0.444569089927527	-0.989797687536928	1	2	1	2	2
35.4046592631023	-12.168282456067	-1.41363180764926	-0.631086069122983	0.820539796212545	-0.172522168876436	1	2	1	2	2
47.5729417191694	0	-0.897820844227592	-0.457849581798703	0.907487065203791	0.669999452874822	1	2	1	2	2
58.8472840709626	11.2743423517932	-0.150022539433399	0.0627470211805615	0.677622662915285	0.791986538424301	1	2	1	2	2
72.0348745825839	24.4619328634145	0.410806176172389	0.711497992301028	0.204410953092414	0.0854589430518869	1	2	1	2	2
11.9981907044858	-36.9612684551948	-0.57866200235112	-0.2967989771828	-0.298639527270131	-0.782521031824644	2	2	1	1	3
23.7758516369396	-25.183607522741	-0.858979787773702	-0.557400219125663	-0.943005484522523	-1.24737760310995	2	2	1	1	3
36.7570910875469	-12.2023680721337	-0.503960956585816	-0.476046220076192	-0.969900047952986	-1.47578740560387	2	2	1	1	3
48.9594591596806	0	0.260543366480648	-0.0809164156209328	-0.360785878597767	-1.39685558910599	2	2	1	1	3
59.7131082697523	10.7536491100717	0.94818106131639	0.491123950944574	0.464499168425822	-1.03508136181826	2	2	1	1	3
70.9688495330079	22.0093903733273	1.12149998977129	1.04193127450101	0.937119361764579	-0.502753817159149	2	2	1	1	3
10.3849914013223	-40.5731023296011	-1.049324909689	-1.26214628220671	-1.18445420018235	-0.017554737217808	1	2	1	2	4
23.7014257977345	-27.2566679331889	-1.35847180266976	-1.0896769828224	-0.47740723950611	0.732956340397167	1	2	1	2	4
36.2129232427027	-14.7451704882207	-0.995238554185593	-0.367091427427851	0.428004555074079	1.23950781310272	1	2	1	2	4
50.9580937309234	0	-0.204015720982916	0.411347317492527	0.737264682671702	1.21572024629826	1	2	1	2	4
60.0994621054152	9.1413683744918	0.482846231985397	0.71317147942073	0.178991352246018	0.675041967151005	1	2	1	2	4
71.5759520527813	20.6178583218579	0.603212916431975	0.331927255481799	-0.756919705129862	-0.0768539620221911	1	2	1	2	4
10.2037636229518	-37.8757999233622	-0.533205454196089	-0.487869748187128	-0.277251389208316	-0.491303679627628	2	1	1	2	5
22.3401011957609	-25.7394623505531	-1.25982628685992	-0.0279526441634305	-0.928389311591307	0.217096479751489	2	1	1	2	5
36.7820017077401	-11.2975618385738	-1.26211807873385	0.582440038499793	-1.2290135617438	1.02821672241008	2	1	1	2	5
48.0795635463139	0	-0.538218863541831	1.11361569565436	-1.0278481957736	1.35945898805917	2	1	1	2	5
60.3290434550696	12.2494799087557	0.323739451416329	1.36569132834357	-0.426120844519287	0.972904049309783	2	1	1	2	5
71.3832455324315	23.3036819861175	0.623458845158799	1.24381011708187	0.273375643536117	0.146200207445053	2	1	1	2	5
10.565840854578	-36.0957184324375	-0.0907430504851015	-0.730452848964642	0.00910757467412038	-1.15256017233218	2	2	1	1	6
23.613693344735	-23.0478659422805	0.50883243142972	-0.249909212279289	0.747249954825874	-1.41185930103309	2	2	1	1	6
36.762661818066	-9.89889746894951	0.896943487289276	0.489142432051105	1.21517128790027	-1.02309331640192	2	2	1	1	6
46.6615592870155	0	0.923849857250244	1.07844396450823	1.15367940063534	-0.239182526274207	2	2	1	1	6
58.6428876736051	11.9813283865895	0.579170577491655	1.19246044133564	0.596836035404448	0.429882570714226	2	2	1	1	6
71.1748244161029	24.5132651290874	-0.00411085632349228	0.768208236448813	-0.146910716630574	0.548826881108714	2	2	1	1	6
11.7457362928837	-36.1217506593673	-0.738770073460448	0.212361550215093	-1.17911941425755	-0.706261608860844	2	1	1	2	7
23.1616468575465	-24.7058400947045	-1.12805537210371	-0.372102799653937	-1.21529285729961	-0.833140566691752	2	1	1	2	7
35.5619808300228	-12.3055061222283	-1.14673954142212	-0.60022094861103	-0.879223849169921	-0.437770765644606	2	1	1	2	7
47.867486952251	0	-0.787453549007888	-0.36667887228535	-0.300261760524404	0.269215455735169	2	1	1	2	7
59.4390045000138	11.5715175477628	-0.19189971390136	0.22070537087303	0.298757086368758	0.911172838416125	2	1	1	2	7
72.8920820939696	25.0245951417185	0.405035657919068	0.890757396967702	0.687276737278978	1.14610008537845	2	1	1	2	7
11.4786010447462	-48.0175087156848	-0.889184889310501	-0.414743041002717	-0.342624898631542	-1.14165100559198	1	2	1	2	8
22.7127985004193	-36.7833112600118	-0.379572458280193	-0.843865830085514	0.105331688828259	-0.432812351280052	1	2	1	2	8
36.489706543546	-23.006403216885	0.229733743212911	-0.693376831815635	0.67731928279877	0.412292996038043	1	2	1	2	8
45.122604258172	-14.373505502259	0.712193305347276	-0.0522317547937453	1.18454221959965	0.741123262369383	1	2	1	2	8
59.496109760431	0	0.888427474615375	0.700581466327096	1.4595816740734	0.299774616652711	1	2	1	2	8
72.2944880860048	12.7983783255738	0.692912281570126	1.12006662385961	1.41165550882225	-0.570968884852854	1	2	1	2	8
12.2503849390795	NaN	-1.06119952390622	-0.509323075303359	-1.30470474597724	-0.43491488681417	1	2	2	2	9
23.9692532498351	NaN	-0.33576181617846	-0.0867144389217295	-1.15810782544436	0.0702037240505795	1	2	2	2	9
37.5166359005054	NaN	0.416424440581802	0.443241285270656	-0.297408830382173	0.731150596163257	1	2	2	2	9
47.2436018885053	NaN	0.703778014203067	0.929664129843339	0.506197772519403	1.258971873006	1	2	2	2	9
59.1150307185625	NaN	0.338502833539293	1.23406806738639	0.532672841692181	1.42291376795693	1	2	2	2	9
72.8137351371065	NaN	-0.440680409854001	1.26978839349984	-0.241705536062777	1.15130388980023	1	2	2	2	9
11.547887711209	NaN	-0.250439964712429	-0.501373628432104	-0.202434013650946	-0.502152623842874	2	2	2	2	10
23.7145931841444	NaN	0.429950550927461	-0.558449425108665	-0.900797123650978	-0.142189116541832	2	2	2	2	10
36.7079931952122	NaN	0.852092207083901	-0.319914996977994	-0.770365873274681	0.513256254658466	2	2	2	2	10
48.7876597759018	NaN	0.811838609916093	0.142647036005627	0.0738021038615581	1.15218932165867	2	2	2	2	10
60.6572112230412	NaN	0.328656273995825	0.69042483660833	0.887038873165296	1.47047582786188	2	2	2	2	10
71.3979437244242	NaN	-0.363789323680857	1.15903387372814	0.951961921044319	1.31661034187222	2	2	2	2	10
12.5485319723787	NaN	-0.732654006879291	0.10108020621651	-0.0669980472249014	-0.310871315256102	1	2	1	2	11
25.1952114880018	NaN	-0.604916568869643	-0.548311880175406	0.417376744429571	-0.900496923315637	1	2	1	2	11
35.5334386021571	NaN	-0.0609294675251182	-0.796713282243934	0.880554271203673	-0.950952969985315	1	2	1	2	11
48.2687770426051	NaN	0.635277339378345	-0.51153311158697	1.21104646050041	-0.43182293521944	1	2	1	2	11
59.2738073810087	NaN	1.14579243192709	0.155006092521577	1.32930295621835	0.343944978516731	1	2	1	2	11
73.0222010506001	NaN	1.22283184980943	0.847121212548411	1.20685910276099	0.908693040259034	1	2	1	2	11
11.2432988810705	NaN	-1.07567908197263	-0.66153410906072	0.0671893878029971	-0.765815440083453	2	1	2	2	12
22.0605902461921	NaN	-1.40969960260254	-1.00453615076829	0.84045958558014	-0.685175759466936	2	1	2	2	12
36.3198863374166	NaN	-1.43238100613193	-0.53732916497303	1.25459865133036	-0.0855823513977682	2	1	2	2	12
48.8999554213808	NaN	-1.13625766929796	0.360419200528568	1.05107148718458	0.678458114022372	2	1	2	2	12
58.9028341360362	NaN	-0.618799101395817	0.959169318534741	0.356934243245732	1.15521044829091	2	1	2	2	12
72.1471573271364	NaN	-0.050327686447155	0.772357298023334	-0.394483179644301	1.06279716541445	2	1	2	2	12
11.6404710374807	NaN	-1.46302085714619	-1.21383170370455	0.202962022449205	-0.596560803726132	1	1	2	2	13
24.1606063981431	NaN	-1.0783796253629	-1.17896408492267	-0.403139237596798	0.00294534179524131	1	1	2	2	13
36.3994585047384	NaN	-0.198414819667359	-0.390735786089225	-0.576399201730006	0.557496042491206	1	1	2	2	13
47.8985447005405	NaN	0.468272914845843	0.465653184122536	-0.225146684116412	0.86047356168349	1	1	2	2	13
60.026500644611	NaN	0.38482647242088	0.645751337881994	0.464771948612723	0.798992766955267	1	1	2	2	13
71.3798061128361	NaN	-0.381558047109098	-0.0069990844100018	1.12832338072479	0.395960531636576	1	1	2	2	13
11.8134371671494	NaN	-0.517074407205103	-0.422106205930236	-0.405282056193586	-1.27225157968206	1	1	1	2	14
23.3646398076317	NaN	-1.13139914333099	-0.877513681917768	0.359316472355019	-1.31179062543035	1	1	1	2	14
36.8518969915919	NaN	-0.904267382263469	-1.16231336898128	1.16074600472725	-0.905743181939542	1	1	1	2	14
48.8986474674308	NaN	-0.0323098515207795	-1.20277435522137	1.39126264050024	-0.24291769839746	1	1	1	2	14
57.7542898929989	NaN	0.729609211376467	-0.988421820800305	0.876059894913747	0.368477871578798	1	1	1	2	14
70.4789025740729	NaN	0.721887208608549	-0.574748831717456	0.00582879377074519	0.644150026680338	1	1	1	2	14
12.2415425617254	NaN	-0.867761811074441	-0.993248265521951	-0.766552233912995	-0.758482588727089	1	2	1	1	15
24.4021187157712	NaN	-0.518865035751606	-0.613748086106334	-1.05513912928033	0.0353655576796442	1	2	1	1	15
36.9059958921957	NaN	0.335458494809508	0.181326406662449	-0.58522456150869	0.620250004063229	1	2	1	1	15
48.4240823227829	NaN	1.03075872655423	0.857970792405607	0.284365577157932	0.625596310366163	1	2	1	1	15
58.789560521061	NaN	1.02626596271023	0.9617231354207	0.889613869950977	0.0480171331963679	1	2	1	1	15
71.4997750493171	NaN	0.325474449979378	0.422899135307427	0.76835384324845	-0.746541601730429	1	2	1	1	15
10.8297459188406	NaN	-0.718923143857959	-1.00253907424963	-1.37264835209135	-0.995808894091003	1	1	2	1	16
23.044436960906	NaN	-1.06640443186418	-0.42432349216788	-1.02397164848896	-1.32811993595783	1	1	2	1	16
35.8067569566165	NaN	-1.19434349678391	0.513699846930119	-0.332028845094465	-0.98651715289137	1	1	2	1	16
46.0365732754376	NaN	-1.07053121623549	0.982067441908075	0.334158130490913	-0.201215816650964	1	1	2	1	16
60.0815647303793	NaN	-0.726137779707478	0.566617076372978	0.619303262331554	0.498548453215212	1	1	2	1	16
72.1516218326159	NaN	-0.247865480604307	-0.365282016542378	0.371335012604194	0.641185758906539	1	1	2	1	16
