age	diseaseAge	x1	x2	x3	x4	z1	z2	z3	z4	id
11.574397772245	-38.7693716047688	0.0382382478536312	-1.01609061156413	-1.13157294075455	0.0679892642454703	2	2	2	1	1
23.6020244402633	-26.7417449367505	-0.710679913402919	-0.663020890189641	-0.684569195420769	0.904570046288671	2	2	2	1	1
34.6130011028103	-15.7307682742034	-0.818094887385932	0.0524633584759557	-0.171038549527083	1.13953396107221	2	2	2	1	1
50.3437693770138	0	-0.201859085145119	0.726183341059113	0.273590979950412	0.583085021113765	2	2	2	1	1
60.2523033500113	9.90853397299757	0.666749760785369	0.977552999739608	0.532061940223551	-0.315295941007749	2	2	2	1	1
72.5814954355006	22.2377260584868	1.12344696282216	0.664573002560537	0.536210513075055	-0.829926847692202	2	2	2	1	1
11.6035399519077	-36.7059242772902	-0.91732302315259	-0.891346188655645	-0.89602267191453	-1.28284563230764	2	1	2	2	2
22.7364212821649	-25.5730429470329	-0.923240017696092	-0.620143216950161	-0.532216198329843	-1.13545138296749	2	1	2	2	2
34.9564459267141	-13.3530183024837	-0.638494887363809	0.0905562763861444	0.13400067043458	-0.357408240184983	2	1	2	2	2
48.3094642291979	0	-0.148899006573332	0.81163770832325	0.776746728212594	0.446453273587982	2	1	2	2	2
60.2425910825433	11.9331268533455	0.398002009441124	1.10771796560775	1.0816215591821	0.651232105158544	2	1	2	2	2
71.8859417576994	23.5764775285016	0.837392952778332	0.800026193132336	0.899495079275572	0.0977385118564393	2	1	2	2	2
11.7436674689379	-37.9430972061352	-0.740130449945334	-0.651365134694143	-0.826532302422702	0.382442980540651	1	2	2	1	3
23.2684127212256	-26.4183519538476	-0.697663651459428	-0.354964439751388	-0.211073409212743	-0.216657833609197	1	2	2	1	3
34.9611825848398	-14.7255820902333	-0.186614543963136	0.208775994920458	0.394213197900816	-0.528152477406101	1	2	2	1	3
49.6867646750731	0	0.530035676284357	0.820714537169783	0.737496395550687	-0.419304680949461	1	2	2	1	3
57.9937079107984	8.30694323572527	1.08350536099211	1.24297360597288	0.675952284642963	0.0635025736572658	1	2	2	1	3
72.4334960559107	22.7467313808375	1.18898407288	1.31140932262749	0.235186458303918	0.714532092103833	1	2	2	1	3
10.2795220518829	-37.993561303016	-1.07307386391273	-0.624554476830374	-0.500753480982602	-0.482273955853741	1	1	1	1	4
23.9332722717249	-24.339811083174	-0.606094168566073	0.0935620739145974	-0.565749798236084	-1.19846413854174	1	1	1	1	4
36.9310984367512	-11.3419849181477	-0.0223918313943396	0.958410328030409	0.0674255931715106	-1.38145174497368	1	1	1	1	4
48.2730833548989	0	0.478619945027228	1.26716353785592	0.924147489769232	-0.908970690967652	1	1	1	1	4
59.4791685604118	11.2060852055129	0.725777955582424	0.768910617823351	1.36222131165282	-0.0967167192566199	1	1	1	1	4
73.812370356806	25.5392870019071	0.634644350209262	-0.131438694858928	1.05326904592356	0.512589739968691	1	1	1	1	4
12.0381378791035	-35.751948811521	-0.999637112970668	-0.0527488099783359	-1.49430994503848	-1.14364532306052	2	2	2	2	5
23.7940231776685	-23.996063512956	-1.06530400190865	0.43887017441314	-1.05721707253823	-1.02338310490356	2	2	2	2	5
36.0949467969195	-11.695139893705	-0.667243520420553	0.923240094786328	-0.183511369495525	-0.560332583043602	2	2	2	2	5
47.7900866906245	0	0.00360054075443415	1.27707522719305	0.446839301868994	0.0634410345942906	2	2	2	2	5
62.6424910913354	14.8524044007109	0.625434097569679	1.4103146107391	0.343259915016745	0.602678390700182	2	2	2	2	5
71.3895733908081	23.5994867001835	0.899972688067897	1.28904508697271	-0.41363811364195	0.845358643647493	2	2	2	2	5
11.9849231584038	-35.3267056793411	-1.26046855596154	-0.390584801976471	-1.09602015486683	-0.472874890704763	1	2	2	1	6
23.9559197721864	-23.3557090655585	-1.17836520551814	-0.744935964758809	-0.915337504832105	0.279919285601716	1	2	2	1	6
36.6682413744619	-10.643387463283	-0.862383850670046	-0.549977997584584	-0.184177675431731	1.01226795079005	1	2	2	1	6
47.3116288377449	0	-0.393414753243639	0.0864760257175715	0.59278931741581	1.23990241935612	1	2	2	1	6
59.828824625037	12.5171957872921	0.108487430062918	0.812462727618771	0.879275881201405	0.812298425867471	1	2	2	1	6
71.4343029678247	24.1226741300798	0.514837273144594	1.2265065540539	0.477539781064206	0.0122109389425016	1	2	2	1	6
12.7219713914815	-35.1764040166161	-1.31433612323727	-0.161820229165837	-0.898661265712746	-0.699352380999953	1	2	2	1	7
22.8751507915226	-25.0232246165751	-0.82289214828263	-0.602043806025077	-0.738333673234144	-0.204352160111698	1	2	2	1	7
36.4678310785873	-11.4305443295103	-0.0354517366467276	-0.676593187277295	-0.168542902354603	0.414185340125739	1	2	2	1	7
47.8983754080977	0	0.555989144956365	-0.3553224465189	0.530121096616221	0.919566545011183	1	2	2	1	7
58.7870621049425	10.8886866968449	0.58189583206358	0.23185447271565	1.0136055471622	1.11839900230818	1	2	2	1	7
70.8949706175065	22.9965952094089	0.0260817213722088	0.847497743350591	1.04382151403299	0.934596193307393	1	2	2	1	7
10.7919542845797	-37.1691509333971	-0.379621555067602	-0.408709851315098	-0.534484906480691	-0.905116839792502	2	2	1	1	8
23.7683279451178	-24.1927772728589	0.472737887661206	-0.971234911341001	-0.686392568792486	-0.241945594083035	2	2	1	1	8
35.5538694939308	-12.407235724046	0.952733537013871	-1.16149873334997	-0.301281933220356	0.533812436262275	2	2	1	1	8
47.9611052179768	0	0.7087375305391	-0.89182149158418	0.410982453387195	0.929302545083544	2	2	1	1	8
60.9809254118571	13.0198201938803	-0.0805072737412025	-0.286479327031493	1.06225487672225	0.693261898162372	2	2	1	1	8
70.1714587321118	22.210353514135	-0.836828003105911	0.375566184999515	1.29762695624868	-0.0243481259147502	2	2	1	1	8
12.2029819277124	NaN	-0.400809320669464	-0.888519898495669	-0.160853586692546	-1.19626989469145	1	2	2	1	9
24.2031321974223	NaN	0.191066679743413	-0.703632445735968	-0.707374620047819	-1.22760280260949	1	2	2	1	9
34.9087340190203	NaN	0.971154044756524	-0.192344348969682	-0.567739629165278	-0.722093164111672	1	2	2	1	9
48.553971343041	NaN	1.46081904467459	0.440523994881214	0.15866032896836	0.0318028247971381	1	2	2	1	9
59.4642836386866	NaN	1.35962073438876	0.941447525861829	0.954779640086261	0.603893625553641	1	2	2	1	9
71.3284020655386	NaN	0.729650780631952	1.10975785937274	1.25394701843524	0.667730198242435	1	2	2	1	9
14.6043611084625	NaN	-1.19017278532495	-1.22728793334722	-0.807101331325836	0.152182982412016	1	1	2	1	10
23.4578004984277	NaN	-0.610521669079104	-1.49578705412321	-0.19132482465494	-0.293500493210624	1	1	2	1	10
35.7356236930888	NaN	0.309881832810058	-1.31617344826889	0.45126003691859	-0.55017992310649	1	1	2	1	10
45.6895327967776	NaN	0.787767799836872	-0.769134330778441	0.833212926702919	-0.549507074182539	1	1	2	1	10
59.9473097740921	NaN	0.416451878198282	-0.10041424128875	0.783679114084487	-0.291661111692133	1	1	2	1	10
72.7436809320757	NaN	-0.488073444216017	0.38957994748611	0.324816007575016	0.154699108633496	1	1	2	1	10
12.0936402136336	NaN	-0.218803480508498	-1.00819505274913	0.12863321284439	-0.238806945589377	2	1	1	2	11
23.7669260957156	NaN	0.347308239878902	-0.603046061000636	0.876239865734789	-0.630999839379953	2	1	1	2	11
35.3629395275709	NaN	0.966313280185072	0.0799756803623902	1.31738153231825	-0.674312798299638	2	1	1	2	11
48.9681562960697	NaN	1.39256080160016	0.703433973906026	1.19804865715141	-0.352458932489115	2	1	1	2	11
60.1986348854134	NaN	1.45689537830656	0.959319011022744	0.586953159481582	0.213535658842565	2	1	1	2	11
73.7998894048755	NaN	1.13378596983877	0.721214795447776	-0.164035918488245	0.81084110214459	2	1	1	2	11
14.2144249316181	NaN	-0.940046521129322	-0.9581319862054	-0.176660555226336	-1.01527205558765	2	2	2	1	12
24.2862785730278	NaN	-0.220032658162273	-1.2710946562766	0.540174647669363	-0.237201781777178	2	2	2	1	12
37.5088857787146	NaN	0.442713120402275	-1.34476562767449	1.13972724434484	0.614675057609576	2	2	2	1	12
50.1316864556592	NaN	0.675743320019163	-1.15998233592255	1.30731811428732	0.816476975949229	2	2	2	1	12
59.1704278416459	NaN	0.348100465276555	-0.764808783370555	0.954986088031603	0.196722996301127	2	2	2	1	12
72.9109320749823	NaN	-0.356087887979307	-0.262033606254766	0.267654945018257	-0.717951561079536	2	2	2	1	12
12.6353935619743	NaN	-0.568417851740163	-0.833263515362729	-0.592101343032374	-1.29681166327802	1	2	2	1	13
23.1052674003061	NaN	-0.881166529670713	-0.572021391967803	-0.13950557124016	-1.01464727922915	1	2	2	1	13
36.6703562504149	NaN	-0.653146640901688	0.114753152644307	0.516931844446817	-0.312457822005265	1	2	2	1	13
49.2343031226634	NaN	-0.00790107774012017	0.831079333904012	1.08842078724577	0.398824517181829	1	2	2	1	13
60.181319698023	NaN	0.704971256176212	1.16393747091565	1.32354298850384	0.702946251177859	1	2	2	1	13
71.9192983306186	NaN	1.09923076370892	0.921408065092271	1.11885984716491	0.421930611376521	1	2	2	1	13
12.0156599177295	NaN	-0.325720129243548	0.117802211015888	-0.406052613372228	0.118033764341836	1	2	1	2	14
23.762697089741	NaN	0.520103197176542	-0.554783699552664	-0.964928262354481	-0.643349551355411	1	2	1	2	14
35.6566710747339	NaN	0.832802521979253	-0.676897603788502	-1.30564134240791	-0.697541627404101	1	2	1	2	14
47.9034773767997	NaN	0.368189262155354	-0.168818850740004	-1.30695665161528	-0.000134903441254691	1	2	1	2	14
60.7259452628231	NaN	-0.510917591127592	0.637759218190128	-0.968406166332444	0.877382435358192	1	2	1	2	14
71.1783867040261	NaN	-1.11801877231374	1.21627143336954	-0.410455577034217	1.21593101367587	1	2	1	2	14
12.2513801313288	NaN	-0.75252462257016	-1.37660153881146	-0.770439825977859	-0.301760712695234	1	1	2	1	15
23.9267101534906	NaN	0.0107581363766243	-1.00014909614858	0.0437352439907557	0.19192450915167	1	1	2	1	15
36.2006181984225	NaN	0.576334633688185	-0.374117581158331	0.530749000466809	0.622352063376609	1	1	2	1	15
46.4096698194874	NaN	0.613983890939493	0.234104906043532	0.365113972100683	0.884598048875077	1	1	2	1	15
60.0280382771324	NaN	0.101723780822216	0.564736786724308	-0.342470449493079	0.914735629231963	1	1	2	1	15
73.5936847910046	NaN	-0.661354352565844	0.476559882092613	-1.11910209042638	0.705418266174202	1	1	2	1	15
13.2370807653897	NaN	-0.452906767038132	-0.687490636676383	-0.399344597626171	-0.30611893702312	1	2	1	2	16
24.3635784564668	NaN	-0.949283076331366	0.132317664168595	0.0308010025343485	0.18424926386165	1	2	1	2	16
34.8673176081062	NaN	-1.22421225255777	0.900824337896236	0.604404514763033	0.623918439174537	1	2	1	2	16
47.2396226411514	NaN	-1.19068903847992	1.01168507138886	1.12861777178688	0.907030372932175	1	2	1	2	16
59.1906403985716	NaN	-0.859322333103388	0.377431820972561	1.42719783972903	0.965420804563292	1	2	1	2	16
71.9214842311189	NaN	-0.334977854344764	-0.501515749329539	1.39976071176363	0.785031193533245	1	2	1	2	16
