age	diseaseAge	x1	x2	x3	x4	z1	z2	z3	z4	id
12.3076826931846	-32.2210835126545	-0.401902383154805	-0.275721927290733	-0.210240526972542	-0.780019865425183	1	2	1	2	1
23.5029879374933	-21.0257782683458	-0.755800659917774	-0.546306363914497	0.290745538721697	-0.84179130017319	1	2	1	2	1
35.951636736327	-8.57712946951209	-0.814716388538362	-0.542883385292963	0.716770056633681	-0.654421341623033	1	2	1	2	1
44.5287662058391	0	-0.559853234941195	-0.266424360357494	0.960648804325902	-0.264987500032213	1	2	1	2	1
60.6635933052694	16.1348270994303	-0.0725221340952081	0.20461748716198	0.961023918949201	0.228663292177591	1	2	1	2	1
71.4716064511208	26.9428402452817	0.491799957484106	0.736570444221441	0.717801024786845	0.70249914422886	1	2	1	2	1
11.8715879103366	-38.0420710326763	-0.569219277956288	0.0296124893219379	-0.683716982132824	-1.20214164553243	2	2	1	2	2
25.1765510817417	-24.7371078612712	-1.21581918009769	0.638344344508384	-1.07660481818122	-0.736598661144552	2	2	1	2	2
36.1244218123172	-13.7892371306957	-1.09698628218569	1.18760316304084	-1.23202843325624	0.179049170982347	2	2	1	2	2
49.9136589430129	0	-0.309015606245212	1.4688289741107	-1.10626657452742	0.771572216543209	2	2	1	2	2
60.6080215733067	10.6943626302937	0.509568878958164	1.37523706171819	-0.734696530183938	0.540607386410062	2	2	1	2	2
73.3018410668796	23.3881821238667	0.695435617794981	0.942365365096883	-0.22184236399262	-0.318804338730937	2	2	1	2	2
12.854036613008	-36.6903051667684	-0.527267480619023	-0.436269588391323	-0.574586496367064	-0.685944274696188	1	2	1	2	3
25.3248805097152	-24.2194612700612	-1.08851355540009	0.134557438826506	0.226388211486082	0.0587266445195297	1	2	1	2	3
35.8809190456699	-13.6634227341065	-0.919271822743475	0.920125918976022	0.502338221677325	0.776651967378138	1	2	1	2	3
49.5443417797764	0	-0.147242884819428	1.43444853690322	0.051374467464799	1.01032062171375	1	2	1	2	3
59.4561110653892	9.91176928561281	0.645042231785415	1.35934263313855	-0.796571367477058	0.610822974208284	1	2	1	2	3
74.457400808939	24.9130590291626	0.859768290292274	0.741272032854665	-1.42112969828966	-0.167253776137946	1	2	1	2	3
14.0174471136314	-35.4065611064469	0.0607449560078422	-0.770414227220025	-0.747618457019283	0.0311875450222097	2	1	1	1	4
23.6472890374817	-25.7767191825966	0.894208730826282	-1.02753681362505	-1.35524883034757	-0.396832633617066	2	1	1	1	4
37.8455503305151	-11.5784578895632	1.36152681877089	-0.984938638189502	-1.36708687838002	-0.547313977668857	2	1	1	1	4
49.4240082200783	0	1.13379548865034	-0.65565536572327	-0.775367729925235	-0.371078043229079	2	1	1	1	4
60.5916270868503	11.1676188667719	0.371294614319397	-0.14045249436072	0.0317852557737969	0.0742799304362792	2	1	1	1	4
72.4834113916541	23.0594031715757	-0.389319104912181	0.403010360867373	0.524940288228981	0.643213581662607	2	1	1	1	4
13.3955596536937	-33.5575340053823	-0.507292255043652	-0.888152713793047	-0.287771235539529	-0.352364264657393	2	2	1	1	5
23.8775556425342	-23.0755380165418	-0.543449966945207	-0.474596812969536	-0.909640565234359	-0.5400311354527	2	2	1	1	5
35.3341226230084	-11.6189710360676	0.186058654332435	0.118885628637228	-0.680981841757162	-0.103406537781745	2	2	1	1	5
46.953093659076	0	1.06432394485293	0.674305827328157	0.197984217652732	0.68087950352251	2	2	1	1	5
58.7921216377158	11.8390279786397	1.34864002093111	0.987655433291337	0.957607489143281	1.31593087165988	2	2	1	1	5
71.6292097055719	24.6761160464958	0.798574720657899	0.943839719728158	0.932738119970337	1.39940130241361	2	2	1	1	5
10.9165417322771	-37.699548683923	-0.59134301919706	-0.533393331445349	-0.79909765652114	-1.44553642452968	1	2	1	2	6
24.4104501397127	-24.2056402764874	-1.01123956878047	-0.32693306763701	-1.21429381373024	-1.21486913771496	1	2	1	2	6
36.5584144977724	-12.0576759184277	-0.928984841816094	0.180700993435332	-0.936706131586429	-0.490957984823228	1	2	1	2	6
48.6160904162001	0	-0.387251938899253	0.796747157294616	-0.159439896064486	0.257445330751016	1	2	1	2	6
61.9656068084752	13.3495163922751	0.332912402413299	1.28727686884988	0.576795674293076	0.545729779601537	1	2	1	2	6
72.352773979507	23.736683563307	0.857892628145005	1.46602339455887	0.759834552302643	0.187223522344426	1	2	1	2	6
12.1992444998828	-25.8529599335485	-0.521343616603122	-0.589316689012224	-1.1335235518012	-0.616701780399951	1	1	1	1	7
23.9456334861213	-14.1065709473101	0.20113945647743	-0.24770362464379	-1.17483404376572	-0.171324698306488	1	1	1	1	7
38.0522044334313	0	0.71703710855763	0.660577445232219	-0.895322280888402	0.550320871053818	1	1	1	1	7
46.4789110407814	8.42670660735006	0.756701521181259	1.34660545023696	-0.386847754873559	1.16170448378306	1	1	1	1	7
61.1602703469552	23.1080659135238	0.299401019584568	1.21450542834784	0.183483109048276	1.33535460918283	1	1	1	1	7
70.6096596768536	32.5574552434223	-0.415843958482299	0.379017732658492	0.62823525367654	0.978260130849824	1	1	1	1	7
12.6299527138691	-35.8388469686622	-0.0302861310487963	-0.506850540345398	-0.219224478120318	-0.924534564821487	1	1	1	1	8
24.7976084118015	-23.6711912707299	0.83206019605453	0.235834167451645	0.406933583834895	-1.22615188078319	1	1	1	1	8
35.9612032271794	-12.5075964553519	1.153586188471	0.905700385630779	1.00553647692396	-1.30799519160677	1	1	1	1	8
48.4687996825314	0	0.676194654940391	1.10425476830243	1.32462229633715	-1.15040600312359	1	1	1	1	8
61.4045217559033	12.935722073372	-0.216899930927762	0.713380297255208	1.22988251836816	-0.79123672027257	1	1	1	1	8
71.4443355574649	22.9755358749335	-0.808787553834569	-0.0343976790706937	0.761194689874693	-0.316758623888116	1	1	1	1	8
10.4694435499846	NaN	-0.502501322942336	-0.298548956224868	0.303498827636269	0.221174008673199	2	1	1	2	9
23.1476036652212	NaN	-0.0344648511504583	0.446692772053823	0.994424416647921	-0.487406545927105	2	1	1	2	9
37.2694575511343	NaN	0.618946830416156	1.20877065922706	1.34015268391202	-0.681921666980018	2	1	1	2	9
46.4330288137439	NaN	1.17544454011085	1.46490571424885	1.15627196017372	-0.235934505174696	2	1	1	2	9
57.9930013045282	NaN	1.39460820665282	1.03939145371435	0.540864335962419	0.560658651393029	2	1	1	2	9
72.9911346995511	NaN	1.1817539824462	0.224127064756566	-0.177811385497455	1.1900639759306	2	1	1	2	9
14.1414835320051	NaN	0.0247354137146648	-0.413710748011076	-1.39842524292147	-0.976093332026234	1	2	1	2	10
24.9803570638068	NaN	0.856999023827945	-0.50585627661387	-1.42750110199263	-0.475317603685834	1	2	1	2	10
35.3741356284035	NaN	1.26843206685754	-0.0288594219429264	-1.11738604542914	0.163129673346698	1	2	1	2	10
48.7377410182958	NaN	0.9636436471688	0.735240096570481	-0.576677276916049	0.678909734628802	1	2	1	2	10
59.2206410006793	NaN	0.161458494073636	1.33464388296469	0.00527786608034642	0.86170365687772	1	2	1	2	10
72.903594244252	NaN	-0.562189604775055	1.41493518567161	0.424688242620708	0.636973814861373	1	2	1	2	10
11.78131030312	NaN	-1.05393162253775	0.333706457697578	-0.9281908811869	-1.46728949397819	1	1	1	1	11
23.6383626905514	NaN	-0.228741411484634	1.15293334764179	-1.20243277304193	-0.894845614535732	1	1	1	1	11
36.2256362174112	NaN	0.59028995621207	1.34499876932967	-0.972558034457656	-0.012640366497454	1	1	1	1	11
48.265491682431	NaN	0.697644269025268	0.754816769955176	-0.354515085712745	0.491058461557447	1	1	1	1	11
59.8936358565482	NaN	0.000845920082070156	-0.141061812243314	0.339956279543987	0.223281456597053	1	1	1	1	11
72.7101573789578	NaN	-0.899879086668577	-0.619247091164579	0.760565906656147	-0.607060487404387	1	1	1	1	11
12.8164070769189	NaN	-0.45378964740674	-1.27841212455483	-1.06342453704326	-0.223336222697376	2	2	1	1	12
23.3917353275073	NaN	0.257818814758998	-0.998601237016194	-0.504843231694187	-0.935042591540369	2	2	1	1	12
35.177658776647	NaN	1.08782625463304	-0.301351691176436	0.42586768729183	-0.949567552773341	2	2	1	1	12
46.8040582899347	NaN	1.41378276098029	0.409137415926582	0.921132352944834	-0.255523760665304	2	2	1	1	12
60.0211725410908	NaN	0.991242815971225	0.720991946461189	0.551210677784103	0.602969149184323	2	2	1	1	12
72.162983056718	NaN	0.137083038572179	0.453428247858001	-0.362917094556414	0.952865967548526	2	2	1	1	12
12.7834903708601	NaN	-1.36011574492046	-0.546493654240496	-0.835288192713043	-0.835349258759967	1	2	1	2	13
25.5093482954158	NaN	-0.797454683235686	-0.876854124700669	-0.546649286468177	-0.564951578805221	1	2	1	2	13
35.1213837858026	NaN	-0.0300234301700134	-0.754502631939081	0.100336855428461	0.283043733210939	1	2	1	2	13
48.3750702097809	NaN	0.489488501502468	-0.235581685645819	0.779053775327812	1.02543921805062	1	2	1	2	13
60.61336771992	NaN	0.4546333325316	0.441795360609916	1.14686644325203	1.06411516702552	1	2	1	2	13
73.9827450574331	NaN	-0.114028698760226	0.966805593883694	1.01809287484873	0.367911844110155	1	2	1	2	13
10.681542669515	NaN	-0.717331702319809	-0.945254934764172	-1.27641851826546	-1.09836826007394	1	1	1	1	14
24.3738066964035	NaN	-1.07609026724481	-0.513922292024795	-1.30048522577072	-0.700653775578667	1	1	1	1	14
36.9842485086929	NaN	-1.03026264288322	0.017034669473375	-0.843087393560714	-0.184968839405254	1	1	1	1	14
48.5759458854978	NaN	-0.599027144973511	0.496753662753231	-0.137090959984399	0.307065800658533	1	1	1	1	14
59.1042718743493	NaN	0.0371492995651215	0.788930788100666	0.45807403310293	0.640324394808193	1	1	1	1	14
71.690480005628	NaN	0.61203441514132	0.810548941440171	0.639402969527021	0.723285302601036	1	1	1	1	14
13.2911871197291	NaN	0.360716856653929	0.241768093443377	-0.460612678365996	-0.352275958907813	1	2	1	2	15
23.2746804178664	NaN	-0.372027044254555	0.87733102287544	0.345975383116583	0.18851886165374	1	2	1	2	15
36.0724980460628	NaN	-0.579418463889731	1.27925958931076	0.766509994281625	0.83414904040807	1	2	1	2	15
49.6199926985442	NaN	-0.12150859903585	1.27523823332948	0.517597185736683	1.31388821053603	1	2	1	2	15
60.552422070229	NaN	0.692702603830438	0.866990998115894	-0.233023248995068	1.42657160802338	1	2	1	2	15
73.1520207281823	NaN	1.3137812114903	0.229542394471392	-0.979515883154352	1.12494870492634	1	2	1	2	15
12.4194858336189	NaN	-0.257527910088981	-0.215334629682438	-0.55797151748725	-0.68998380473298	1	1	1	1	16
23.4111643835081	NaN	-0.61819580459249	-0.693437873145367	0.232895543837894	-0.0795915520226084	1	1	1	1	16
35.3937248683393	NaN	-0.200055697509561	-0.988403748680236	1.02251679029003	0.555618394503941	1	1	1	1	16
46.3960503229474	NaN	0.671027061895452	-1.01754847042636	1.19939499512549	0.938157307093209	1	1	1	1	16
60.572401882088	NaN	1.31619942216108	-0.772702293570184	0.626552420961619	0.900914710301544	1	1	1	1	16
70.777553597198	NaN	1.23266504073994	-0.32249962817448	-0.252391099229995	0.460159872043383	1	1	1	1	16
