age	diseaseAge	x1	x2	x3	x4	z1	z2	z3	z4	id
12.1467512590103	-35.8382170617213	-0.396292908723479	-1.11210264574662	-1.06484841980352	-0.565379783332618	1	1	2	1	1
23.7513868313129	-24.2335814894187	-0.916119049656491	-0.542579209961634	-1.40669561754927	-0.290875788398091	1	1	2	1	1
33.9330823593715	-14.0518859613601	-1.20801052456369	0.108192865463543	-1.46968414959518	0.14944097224419	1	1	2	1	1
47.9849683207316	0	-1.17421156522032	0.558629722040466	-1.23479799175092	0.64666879646291	1	1	2	1	1
61.5300802656998	13.5451119449682	-0.826041595178775	0.613830943986135	-0.772948478420792	1.07783040688738	1	1	2	1	1
72.8404480967093	24.8554797759777	-0.280104303892556	0.249911405223829	-0.223566411252732	1.33628840638465	1	1	2	1	1
12.0705222244446	-35.9093604081792	-0.655921799651911	-1.3721828769515	-1.16014059154598	-0.663945195341428	1	2	1	2	2
23.6396488095237	-24.3402338231	-0.96420215722185	-1.38847958525183	-1.43908747400933	-0.526838218394678	1	2	1	2	2
36.7502299050082	-11.2296527276156	-0.734080354172523	-0.938608939474606	-1.40989143415559	0.109065850860136	1	2	1	2	2
47.9798826326238	0	-0.08965773533096	-0.244692226222165	-1.08179963545415	0.865927689330991	1	2	1	2	2
58.5048571645346	10.5249745319108	0.621537944107684	0.350652794068617	-0.55872748940474	1.29403769686211	1	2	1	2	2
72.1131175556535	24.1332349230297	1.01596918754822	0.553477620599669	-0.00634587688857741	1.13902292118723	1	2	1	2	2
13.1788870728757	-33.0904693260975	-1.40990858840091	-1.17153981707713	-0.668043541518423	-0.543569297715036	1	2	2	1	3
24.8784221148853	-21.3909342840879	-1.06210321531006	-0.609091837049373	-0.0722243037473293	-0.157140139807227	1	2	2	1	3
36.4723278990862	-9.79702849988706	-0.193801651215413	0.243193520761141	0.55287423803142	0.724693837581204	1	2	2	1	3
46.2693563989732	0	0.499807031570434	0.765651649738977	0.945821365969278	1.38965812520445	1	2	2	1	3
60.4151673494241	14.1458109504508	0.463398281448151	0.578422907806295	0.942277471400706	1.30064809364518	1	2	2	1	3
71.808536811462	25.5391804124888	-0.273877930802281	-0.182365733414552	0.543724693283196	0.529558882093405	1	2	2	1	3
11.6480358776813	-36.6094143850137	-0.923809516742935	-1.24357535402334	-0.0127173879974469	-0.0963948247358785	2	1	2	2	4
23.9491658272101	-24.3082844354849	-1.19172303053204	-1.22690174557709	-0.520813343585871	0.559494226081612	2	1	2	2	4
36.8157718772179	-11.4416783854771	-0.765823822939269	-0.712626194489048	-0.481311601103786	1.03667299289671	2	1	2	2	4
48.257450262695	0	0.0567799644286638	0.0215400283182741	0.0828512821149009	1.12821931125657	2	1	2	2	4
58.4755818208517	10.2181315581566	0.702238279290779	0.579143631661113	0.844095976563994	0.794435349530602	2	1	2	2	4
71.6797335346682	23.4222832719731	0.720278106355034	0.659075988019277	1.36040824483908	0.180062040516331	2	1	2	2	4
12.061103748527	-37.5941499917814	-0.62102206747689	-1.30831481912853	-0.771400385010351	-1.26557023724356	1	2	2	2	5
23.3504432045697	-26.3048105357387	-0.789703839032122	-1.42704852493867	-0.665358947647874	-1.34688619841248	1	2	2	2	5
35.8699714518652	-13.7852822884432	-0.589305701646404	-1.20721324034105	-0.312978790893712	-0.865203755075144	1	2	2	2	5
49.6552537403084	0	-0.0938183475271552	-0.7235459804832	0.188424508634088	-0.103256279843958	1	2	2	2	5
59.0286189242808	9.3733651839724	0.513815144165459	-0.140478253221254	0.700380182146515	0.491715555744406	1	2	2	2	5
72.4422210415251	22.7869673012167	1.00924526976209	0.343765431470512	1.08150324920183	0.570480850684323	1	2	2	2	5
9.99726967015123	-37.6737049127657	-0.0597986155728603	-0.097055006466613	-0.287291569039675	0.167762795007144	2	1	1	2	6
23.4462999000595	-24.2246746828575	0.452769342907754	0.746072991483393	0.52749520084375	-0.436520533954628	2	1	1	2	6
36.6844585083571	-10.9865160745598	0.955156071505993	1.1525063490505	0.853870584263218	-0.530725529566114	2	1	1	2	6
47.6709745829169	0	1.30816329606447	0.822611721152418	0.454804961429434	-0.0595986069751586	2	1	1	2	6
59.7509268785696	12.0799522956527	1.41398191131336	-0.000403908725353813	-0.379880873392308	0.70053251654015	2	1	1	2	6
71.7984805154137	24.1275059324967	1.24329233578707	-0.709791803935211	-1.04399761756998	1.30383193536467	2	1	1	2	6
11.5209856403661	-35.885467862023	-0.452110186619056	-1.05963693531018	-0.175193202016408	-0.772182930383165	2	2	2	2	7
22.515288684163	-24.8911648182261	0.173284425951528	-0.966852182784014	0.521439296398209	0.0660151851587638	2	2	2	2	7
36.2111471922886	-11.1953063101006	0.968148343674119	-0.464466859435567	1.1771789619148	0.829910235492052	2	2	2	2	7
47.4064535023892	0	1.41911608608188	0.215055199298759	1.4443158725029	0.899307462652117	2	2	2	2	7
58.9090252555085	11.5025717531193	1.23492865072881	0.75728541301344	1.18119906629964	0.217864314762009	2	2	2	2	7
72.9055343697568	25.4990808673676	0.534544099665201	0.911322910780388	0.527347820513574	-0.661165894142614	2	2	2	2	7
11.792882491478	-35.4166808604808	0.354141900603031	-1.19687944539574	-0.356767531831422	-0.726008580687842	1	2	1	2	8
21.834693634003	-25.3748697179558	-0.213654728818791	-1.36071430578067	0.123930047647136	-1.00341822572951	1	2	1	2	8
35.435984568508	-11.7735787834508	-0.577419819904851	-0.776520823532443	0.753952176310074	-0.556435179344178	1	2	1	2	8
47.2095633519588	0	-0.607917258941186	0.102405636235436	1.28223165123116	0.289178767171629	1	2	1	2	8
58.5968819769243	11.3873186249655	-0.294312112626425	0.594076481395694	1.4982462635901	0.917139134596649	1	2	1	2	8
72.3919169320961	25.1823535801373	0.251980006756751	0.31698777182412	1.31591302987131	0.869787638551008	1	2	1	2	8
11.3180147264376	NaN	-1.02083695519951	-1.30950978375114	-0.467840193381895	-0.959293399412757	2	1	2	1	9
22.4472674706766	NaN	-1.12020214734517	-1.43053022302632	-0.740168153540876	-0.526424885171618	2	1	2	1	9
36.2720831939441	NaN	-0.713385803552731	-0.932619811568764	-0.417966434862431	0.0903548611415364	2	1	2	1	9
48.2890467866412	NaN	-0.0119099804753486	-0.13465646643807	0.307088759769185	0.649458105052324	2	1	2	1	9
60.0896644338856	NaN	0.619496590964847	0.452318300620062	1.00366569457515	0.931888540600486	2	1	2	1	9
71.7321788308202	NaN	0.852537325310385	0.452386881178601	1.25737420916774	0.8270204063557	2	1	2	1	9
11.5996619018208	NaN	-0.894565952098746	-0.602018836502976	-0.216765226102111	-1.48439096525831	2	2	1	1	10
22.769068139505	NaN	-1.19889510788895	-0.756026575909547	-0.705022810176854	-1.02226325260687	2	2	1	1	10
36.5034746845823	NaN	-0.661550927814433	-0.53263252803199	-0.787673413669167	-0.125348053191173	2	2	1	1	10
47.6364939055658	NaN	0.260543055764333	-0.0162946099772472	-0.427180188851619	0.477923574737358	2	2	1	1	10
60.9430666546615	NaN	0.783296392501867	0.597776851495487	0.212734172426298	0.297603651000305	2	2	1	1	10
70.9819794926401	NaN	0.462192681118426	1.07742170223909	0.841444230991368	-0.519860721089592	2	2	1	1	10
10.6023091535188	NaN	-0.520180546913442	-0.95789313264545	-0.102147777748502	-0.717771819556503	1	2	1	1	11
24.4699953297512	NaN	-0.278915429249057	-1.32179813890578	-0.662382732000218	-0.030826388210038	1	2	1	1	11
36.1404123037712	NaN	0.305281221976167	-1.03456478905877	-0.947919772861469	0.439825198253505	1	2	1	1	11
48.1553973379899	NaN	0.968264301244542	-0.283474073110191	-0.847074821197484	0.469062614882129	1	2	1	1	11
59.8701003431135	NaN	1.4102653400746	0.441750190511811	-0.399292060950253	0.0429011287619443	1	2	1	1	11
70.5938285676093	NaN	1.43143312262006	0.668249546688177	0.220284137539356	-0.634819275293079	1	2	1	1	11
12.6007871078805	NaN	-1.05102373072784	-0.712958273090268	-0.753841016639214	-0.676759666235803	2	2	1	2	12
23.937091485578	NaN	-1.20881091104815	-0.972107454626749	-0.702373609910023	-0.10908061510574	2	2	1	2	12
36.4190944394422	NaN	-0.864880958031404	-0.501377920463365	-0.336145112104992	0.726519688500744	2	2	1	2	12
47.6862178012773	NaN	-0.193503527956124	0.352410865472718	0.220512336278936	1.24575209161445	2	2	1	2	12
59.0811235697044	NaN	0.465133753918196	0.960212821397727	0.778617231901772	1.08554604519408	2	2	1	2	12
70.8697685191715	NaN	0.777298708356593	0.87421761626362	1.14869667270784	0.357924791403987	2	2	1	2	12
11.8189995285827	NaN	-0.548779665162188	-0.636591327218842	-1.2891934208065	-1.38019265775222	1	2	1	1	13
23.2516618684037	NaN	-0.160772703665342	-0.714307547204266	-0.950928574959259	-1.02898923067158	1	2	1	1	13
36.0837710352829	NaN	0.578551526171369	-0.422261550805401	-0.381465728243758	-0.498720278443088	1	2	1	1	13
46.7621590331981	NaN	1.23779438662299	0.129692180064835	0.207869302854602	0.0445644158190607	1	2	1	1	13
59.6263896711926	NaN	1.43228503849417	0.733933640707453	0.598376198642221	0.430739286074532	1	2	1	1	13
71.1567394610969	NaN	1.04853741047627	1.16317454972946	0.645139115932008	0.538876540529023	1	2	1	1	13
13.3973215870237	NaN	-0.548343401885221	-0.196541016896415	-0.981363134378711	-0.759445158708683	1	2	2	2	14
21.2945674216956	NaN	-0.151913665352349	-0.599323925567531	-0.916192048670476	-0.186348187362399	1	2	2	2	14
36.717184624458	NaN	0.671148411671935	-0.763326874937701	-0.375330260060639	0.501807244568004	1	2	2	2	14
47.7332568507583	NaN	1.33755520522289	-0.641659501501769	0.353714313997726	0.975076928675004	1	2	2	2	14
61.1401152859458	NaN	1.37503755595638	-0.269107931905857	0.883400731193406	1.00654615348429	1	2	2	2	14
72.3926444724742	NaN	0.757032471954475	0.247810977965082	0.932161607920814	0.581126629363732	1	2	2	2	14
12.5144972211036	NaN	-0.394055420458015	-1.40296020422344	-0.170772724848707	-1.37218921802152	2	1	2	2	15
24.4928057480928	NaN	-0.418341537222153	-1.18215743128458	-0.672939582957717	-1.37169125886436	2	1	2	2	15
35.7790695898975	NaN	0.340666058635826	-0.469027082008794	-0.744090401785351	-1.02204030885115	2	1	2	2	15
48.2541832256336	NaN	1.21929637997055	0.280817270144292	-0.35005640903282	-0.451359458842285	2	1	2	2	15
58.0836322650616	NaN	1.44928115663787	0.588305753628841	0.319935370253813	0.131235902243091	2	1	2	2	15
72.8909962217751	NaN	0.829523292123656	0.256986307611441	0.944134646679201	0.512264534384442	2	1	2	2	15
12.8832190473048	NaN	-1.17867299778983	-0.694206087779992	-0.540662479925371	-1.17785708707679	1	2	2	1	16
24.5364700377531	NaN	-0.855307181587007	-0.0706655279053834	0.299064136509086	-1.36753615855294	1	2	2	1	16
35.1662759021122	NaN	-0.0318391375027379	0.781341033908793	0.91467254886287	-1.27114282208097	1	2	2	1	16
49.0135098402994	NaN	0.68148700267168	1.2328581899898	0.866003302429507	-0.916365749877861	1	2	2	1	16
60.4776928865683	NaN	0.756049522256454	0.950573769162004	0.187854864125938	-0.405113501413246	1	2	2	1	16
72.8305161461602	NaN	0.136592676532575	0.14287151039963	-0.634897249690849	0.115758378665912	1	2	2	1	16
