age	diseaseAge	x1	x2	x3	x4	z1	z2	z3	z4	id
10.764073233802	-35.8602005948493	-1.27608072810439	-0.712622515666982	-0.735444337574252	-0.929990395146872	2	1	2	2	1
25.3692945525187	-21.2549792761326	-0.871683363650475	-0.239370931301918	-0.157732701630778	-0.43760439702037	2	1	2	2	1
34.079115289004	-12.5451585396473	-0.362360346828991	0.601051575730014	0.744177321575595	0.105217939731686	2	1	2	2	1
46.6242738286513	0	0.116882906708961	1.20858695627989	1.23395111079227	0.536706030116501	2	1	2	2	1
59.9176915213584	13.2934176927071	0.43901417476842	1.14945756613732	0.911729047761299	0.728268848907239	2	1	2	2	1
72.3364474048886	25.7121735762373	0.518646651133585	0.465881535111341	0.0405786831654587	0.622817313432638	2	1	2	2	1
12.3931632871426	-35.3679936521239	-0.573053094788949	0.0228824526188537	-1.27813151405846	-1.10933530515293	2	1	1	2	2
22.6887718029882	-25.0723851362782	0.234855631909598	0.799353008720325	-0.728592516709529	-0.78789385106507	2	1	1	2	2
34.6590769516233	-13.1020799876432	0.582731034362982	1.05095389348332	0.146422750364072	-0.29666239599034	2	1	1	2	2
47.7611569392665	0	0.225161054100658	0.599175715700679	0.676828004809199	0.22662947010073	2	1	1	2	2
58.7864144058988	11.0252574666323	-0.585603116971939	-0.235447486948719	0.456439150798169	0.63526318224842	2	1	1	2	2
71.1431341895206	23.3819772502542	-1.27760007326578	-0.860755317522437	-0.345970130324897	0.814667588624363	2	1	1	2	2
13.6192911464961	-33.6861632644675	-0.693232904243813	-0.77593301675399	-0.287623197780198	-1.03744648311829	1	2	1	1	3
23.309880713303	-23.9955736976605	0.141700903113639	-0.482220160896756	0.417927013676312	-0.749579139941311	1	2	1	1	3
35.5290861685215	-11.776368242442	0.708973494895433	0.195932004684522	1.02888288251114	-0.268963855802163	1	2	1	1	3
47.3054544109635	0	0.61257472752095	0.889141312594587	1.23080578446188	0.265949491463981	1	2	1	1	3
60.481048433512	13.1755940225485	-0.0801999042829157	1.21982413247681	0.919772731412295	0.701069490232441	1	2	1	1	3
73.0912846147398	25.7858302037763	-0.88572791393005	1.00786110037728	0.255862069917222	0.911051997981752	1	2	1	1	3
10.1174516275275	-38.6289724357742	-0.983385375260248	-0.421713996809147	-1.26969031262459	-0.411507542141431	1	1	1	1	4
24.4601542748286	-24.286269788473	-1.06183304081652	-0.599663884696412	-0.941903710052244	0.198951513571843	1	1	1	1	4
36.5938734177037	-12.1525506455979	-0.746210618635757	-0.472276436965664	-0.300934217367857	0.597489851175677	1	1	1	1	4
48.7464240633017	0	-0.163387161050713	-0.0784919001395621	0.349827166279581	0.626320920756688	1	1	1	1	4
60.5720132799291	11.8255892166274	0.452362912427389	0.461316272871289	0.702354632102334	0.274030124093655	1	1	1	1	4
71.6692212934436	22.9227972301419	0.853529847085183	0.98213760649462	0.589785854663505	-0.319905996340979	1	1	1	1	4
13.7007063726795	-33.8371953720075	-1.24770910421251	-0.774753725866147	-0.42349598173187	-0.0821581162609448	2	2	1	2	5
25.3210492179787	-22.2168525267083	-1.12395969558452	-1.14354963908458	0.208224725162289	0.741957345735819	2	2	1	2	5
35.5363103577943	-12.0015913868927	-0.508476375732872	-1.09981477207202	0.736683189207639	1.23120505917876	2	2	1	2	5
47.537901744687	0	0.242978767787021	-0.662249487126911	0.950193565251832	1.0508835979957	2	2	1	2	5
59.8512318974575	12.3133301527705	0.696049121334796	-0.0179500284277733	0.763229501695296	0.324353477833526	2	2	1	2	5
71.6425346730283	24.1046329283413	0.588850650707094	0.557590979275741	0.250683631544826	-0.451355554165062	2	2	1	2	5
11.7898354761146	-35.4050831994294	-1.26086853400152	-0.503282308934499	-0.204312111629977	-0.00364005222604175	2	2	2	2	6
23.7632958317492	-23.4316228437947	-1.19730284664509	-0.236626113860917	-0.502648959302998	-0.663236796237217	2	2	2	2	6
35.8671736039083	-11.3277450716357	-0.827342849771898	0.200311311789239	-0.314395116141648	-0.855941100795352	2	2	2	2	6
47.1949186755439	0	-0.274218994320915	0.6989078072154	0.268521456906577	-0.468978887997624	2	2	2	2	6
57.5881861262783	10.3932674507344	0.277827983659615	1.13521283506043	0.961451421145856	0.271192489106362	2	2	2	2	6
70.9469507568332	23.7520320812893	0.644916046622397	1.40076144791874	1.42602378970958	0.931411224741872	2	2	2	2	6
11.601750313139	-37.2835525429866	-0.728281176599052	-0.960743690640315	-0.942722753451364	-0.998486406484809	2	2	1	1	7
24.6447174876382	-24.2405853684874	0.0852902646860513	-1.3398906103168	-1.4638112571345	-1.32063154749463	2	2	1	1	7
36.1272979159571	-12.7580049401684	0.9203295373041	-0.831032897108216	-1.15651044853603	-0.763267982315082	2	2	1	1	7
48.8853028561255	0	1.05165248509583	0.112582585653717	-0.277613994467203	0.178417793106267	2	2	1	1	7
59.7870822617857	10.9017794056601	0.365212590488356	0.650463993880967	0.438434729484792	0.667790396504411	2	2	1	1	7
72.0233777159525	23.138074859827	-0.54285610582314	0.303512642822889	0.393274859000185	0.270069516017006	2	2	1	1	7
12.8709833615085	-34.187127009976	-0.762863792896009	-0.647277963999682	-0.495257612131788	-1.0356114251076	2	1	2	1	8
23.2090313381439	-23.8490790333406	-0.568239751637158	-0.114328785345467	0.182027611982373	-1.07456918773293	2	1	2	1	8
34.4544014453341	-12.6037089261503	-0.170591497082543	0.682328289741009	0.933769747575051	-0.346709162390736	2	1	2	1	8
47.0581103714845	0	0.328603918764861	1.23691038878181	1.3000739939872	0.532396830639148	2	1	2	1	8
60.6266610735057	13.5685507020212	0.801955318920424	1.19732357343182	1.05684566447965	0.819263976273084	2	1	2	1	8
72.5686949385175	25.510584567033	1.12866673835956	0.588700782073335	0.352885044173189	0.271280611735196	2	1	2	1	8
11.2098620900227	NaN	-1.3575446621333	-1.39108405029663	-0.348368634232471	-0.0421393589116721	1	2	2	2	9
24.4213048077749	NaN	-0.965255274909333	-1.23685559561003	-0.812249535428796	0.680445935052532	1	2	2	2	9
37.793123597906	NaN	-0.272631203854951	-0.596975262803189	-0.679905940174204	1.19170367417712	1	2	2	2	9
49.662354467808	NaN	0.364799922736937	0.153116451572007	-0.0324207904941216	1.22413250100331	1	2	2	2	9
60.1853570261182	NaN	0.619841309218869	0.573314122694668	0.733511228441078	0.760764936052647	1	2	2	2	9
71.6353824799601	NaN	0.36157885219501	0.417072866767178	1.14862659566334	0.0440451383884342	1	2	2	2	9
14.4028676028076	NaN	-0.0686853976337422	-0.832592273897679	-0.130369513556013	0.196481378183911	2	1	1	2	10
23.656402074096	NaN	0.434913325836775	0.0654049490123014	0.605286185357811	-0.549135860306704	2	1	1	2	10
37.0314897107122	NaN	0.821845678576391	0.801130479270475	1.06831698778377	-0.551196753951003	2	1	1	2	10
46.9087346068076	NaN	0.990019874937988	0.721922899577009	1.00339156099076	0.192024001678336	2	1	1	2	10
59.3400916764886	NaN	0.895063290392343	-0.101952821547178	0.446312049597124	1.05832930111115	2	1	1	2	10
72.1087584649589	NaN	0.562030142315121	-0.939637316425738	-0.295728475577486	1.32248018179434	2	1	1	2	10
12.533350582736	NaN	-1.24642850184187	-0.736673369179051	-0.385901356648993	-0.692493780408244	1	2	1	2	11
23.3658379661972	NaN	-1.05346550272847	-0.649125993753651	-0.52058015081606	-0.488079395395919	1	2	1	2	11
36.2972127212548	NaN	-0.416909271315973	-0.142043923542468	0.140041872962587	0.266534704692688	1	2	1	2	11
50.0881513368015	NaN	0.310237747041671	0.544906523006601	1.04085940744023	1.03760050460173	1	2	1	2	11
61.3736590040937	NaN	0.724735959445484	1.08704637546183	1.42493644950082	1.2797334955011	1	2	1	2	11
70.9695303596618	NaN	0.596725260294565	1.22813967093911	0.969542002045635	0.821669976771711	1	2	1	2	11
11.813735073061	NaN	-0.372888871428379	-0.792676944688553	-0.35076365833043	-1.26566486325333	1	2	2	1	12
23.6815615129596	NaN	-1.13482628200081	-0.2327202101608	0.230970643478038	-1.28662729026468	1	2	2	1	12
37.9375777869831	NaN	-1.24394668293285	0.287856914526434	0.86270643995308	-0.971829665459236	1	2	2	1	12
50.0063697487146	NaN	-0.615001557828078	0.601283694920833	1.28103326828451	-0.430754875460713	1	2	2	1	12
62.1204836704612	NaN	0.26065607085411	0.606549466799712	1.31152431259211	0.148417674231985	1	2	2	1	12
71.8454061381173	NaN	0.698933099727403	0.301957185914133	0.941465935090202	0.564258628385445	1	2	2	1	12
11.6460821969417	NaN	-1.21113738634482	0.137296934460558	0.0670879190631547	-0.810378429245153	1	2	2	1	13
25.3360145761326	NaN	-0.819911411094514	-0.422727838533159	-0.339501120384236	-0.764661562057658	1	2	2	1	13
37.2564616527278	NaN	-0.136162094150871	-0.668597102719454	-0.516208814486329	-0.00252967196033414	1	2	2	1	13
49.4906589330459	NaN	0.497521456321547	-0.497631184876836	-0.413536143570953	0.8460522544806	1	2	2	1	13
59.6432496059065	NaN	0.763635329115475	0.0187713014502567	-0.0602435788969207	1.07966113179048	1	2	2	1	13
73.1639588455635	NaN	0.528844525436018	0.664950872664658	0.444705245282644	0.505199918409387	1	2	2	1	13
11.9760463872044	NaN	-0.250184498056729	-0.811291511072778	-1.43813947056286	-0.647323918964519	2	2	1	1	14
25.2427717169329	NaN	-0.94711583025937	-0.617743061994675	-1.40228823268346	-0.0436485236506655	2	2	1	1	14
37.1399491698081	NaN	-0.832390941996851	-0.107086555165603	-0.930519828990489	0.492313121256228	2	2	1	1	14
47.3068472073128	NaN	-0.00554091424291435	0.519877424531375	-0.246445598167217	0.762151504906525	2	2	1	1	14
59.3804220133121	NaN	0.816089670567973	1.01661381460286	0.32569325729017	0.665974214816467	2	2	1	1	14
71.6914865347222	NaN	0.919684426158868	1.18779570483591	0.514711269300179	0.239385457486555	2	2	1	1	14
12.6791617126086	NaN	-0.0970159940305562	-1.26108912643316	-1.15343045298144	-0.456109052648135	1	2	1	2	15
23.6537528394599	NaN	-0.66624032588298	-0.862367793908695	-0.699341197022574	0.454632755012222	1	2	1	2	15
34.6300513904408	NaN	-1.02173064889063	-0.151005665690093	0.129040994994572	0.962105725197226	1	2	1	2	15
45.7990520776657	NaN	-1.03500979971288	0.49049934705901	0.752913778024219	0.644899260930634	1	2	1	2	15
61.3349618672193	NaN	-0.701278582650737	0.717211356351435	0.736368421401236	-0.233575237920137	1	2	1	2	15
72.2269202050534	NaN	-0.141150238941241	0.407227794493254	0.0909653996327865	-0.943823818496574	1	2	1	2	15
12.1260823257861	NaN	-0.0208230153168655	-0.154513509517642	0.0671037308241368	0.279434054378141	1	1	1	2	16
25.6255642805158	NaN	-0.772655855697769	0.378935445692936	-0.569206230262767	0.856089250716162	1	1	1	2	16
37.4216686608818	NaN	-0.941030672433097	0.785514633950133	-0.734487382951526	1.28334011034974	1	1	1	2	16
47.6913831099692	NaN	-0.403541662100178	0.945984454325693	-0.333860130987363	1.41553337167847	1	1	1	2	16
60.6582058246002	NaN	0.449065246567021	0.813283084927968	0.402695571493027	1.20760328646575	1	1	1	2	16
72.0083327093206	NaN	0.996958444051855	0.426328549075968	1.05236014383188	0.730434896632975	1	1	1	2	16
