age	diseaseAge	x1	x2	x3	x4	z1	z2	z3	z4	id
11.8369736762154	-35.3076303218898	-0.970720415665157	-1.38290488914856	-0.50158496735684	-0.934859001466343	1	1	1	1	1
24.1832705411077	-22.9613334569974	-0.460029991158891	-1.16335534330224	-0.221642979259199	-0.0861581739637645	1	1	1	1	1
36.8901110598535	-10.2544929382516	0.455587457300881	-0.518400334440741	0.394355030778905	0.728575887859872	1	1	1	1	1
47.1446039981051	0	1.00792049089845	0.199052282345185	1.05787632002087	0.78307712487927	1	1	1	1	1
59.9417802507963	12.7971762526912	0.733556627533131	0.59642525648713	1.45812829769636	0.028762323893628	1	1	1	1	1
72.1691764092431	25.0245724111379	-0.137310334512326	0.456283197843665	1.40763340864685	-0.861961083615057	1	1	1	1	1
11.3259067410532	-37.3365794191304	-0.958463954986401	0.303356518132681	-0.970041930867872	-0.95756422099686	1	1	2	2	2
26.0212643329156	-22.641221827268	-0.561997302629331	-0.50554041147882	-0.496502077983912	-1.23499983468563	1	1	2	2	2
34.2613973789906	-14.401088781193	0.338004876031396	-0.630595658671021	0.0618390451404118	-1.0523236114634	1	1	2	2	2
48.6624861601836	0	0.990252437703657	0.0326628466610997	0.530911801642424	-0.493819136548922	1	1	2	2	2
57.4345200057695	8.77203384558593	0.850272073667368	0.930144087766263	0.76447705382512	0.182829482754734	1	1	2	2	2
71.371190860882	22.7087047006984	0.0349144652302137	1.31208565767745	0.689717993204688	0.665428516129099	1	1	2	2	2
9.53174792387328	-38.7713863350604	0.4075442366178	-0.169934574222251	-0.0492679529530755	-0.799376700809296	2	2	2	2	3
23.230659629655	-25.0724746292787	-0.066140784900354	0.630423237956495	-0.815242384394677	-0.446528592223363	2	2	2	2	3
36.1153784950531	-12.1877557638806	-0.401242350919901	0.930024999206139	-0.876879554905063	0.163062827240515	2	2	2	2	3
48.3031342589337	0	-0.513650457855137	0.513779811747308	-0.183622986353973	0.775385313294492	2	2	2	2	3
60.6087789840412	12.3056447251075	-0.375150835060626	-0.319480466111055	0.695899490740219	1.13528860636426	2	2	2	2	3
71.0724387652905	22.7693045063568	-0.0205066855504222	-0.971539386972625	1.04027969832379	1.09280366115118	2	2	2	2	3
12.5425502878588	-35.2398504641184	-0.247519136639732	-0.415827080256457	-0.517036878536181	-0.595947525906458	2	2	2	2	4
23.6244483413939	-24.1579524105833	0.379846684554885	0.115968091771348	-0.416519765571083	-0.150232939336429	2	2	2	2	4
37.2819326355114	-10.5004681164658	0.850407419633345	0.530157808377573	0.135305964157339	0.360654513085802	2	2	2	2	4
47.7824007519772	0	0.977571504959925	0.70704017774485	0.853419929424493	0.803365423617496	2	2	2	2	4
61.8434354692638	14.0610347172866	0.710914534606584	0.595495740858383	1.36691315459439	1.06234550052424	2	2	2	2	4
72.5469499960889	24.7645492441117	0.156174062396843	0.227761126445743	1.41056416319438	1.06999699853171	2	2	2	2	4
11.5199775518537	-37.0650925913464	-0.446287621334061	-0.823522119033323	-1.16261030566806	-0.657716334386652	1	1	1	1	5
21.7440270605361	-26.841043082664	-0.00392235929032014	-1.15151428041696	-0.660038715177192	0.0423999127543764	1	1	1	1	5
35.7915072520756	-12.7935628911245	0.506839167417534	-1.26420257918867	-0.0933969835863025	0.50792275914359	1	1	1	1	5
48.5850701432001	0	0.952744290855785	-1.13423845010876	0.35392208792287	0.506815402247927	1	1	1	1	5
60.9547228716385	12.3696527284384	1.21746074197817	-0.793163166776211	0.537144309641846	0.0396297968324988	1	1	1	1	5
71.1144442563671	22.529374113167	1.23192659753184	-0.323753022200483	0.396970066652666	-0.660768463263647	1	1	1	1	5
13.5922803671457	-34.8516097591615	-0.509736665352016	-0.322613310644979	-0.437723110137716	-0.285144459116033	2	2	1	1	6
22.8944703977259	-25.5494197285813	-0.00335043454410877	-0.768722519704695	0.213721788558407	0.49375232760943	2	2	1	1	6
37.3495614567661	-11.0943286695411	0.397994964648578	-0.994558963022311	0.862925255866463	1.0961866619202	2	2	1	1	6
48.4438901263072	0	0.58894830828239	-0.934774491947825	1.19781615846582	1.15210993583207	2	2	1	1	6
58.9879557783186	10.5440656520114	0.519385268263816	-0.606668371583649	1.05741294161169	0.627170970326182	2	2	1	1	6
71.0963128136545	22.6524226873473	0.207565805768291	-0.105181556593944	0.509207221125571	-0.156183583736547	2	2	1	1	6
13.0303959126868	-34.2191332794439	-1.13377623090186	-0.540714957000549	-0.0205875793316828	-0.433121469937391	1	1	2	1	7
23.2313865986899	-24.0181425934408	-0.562484175663518	-0.616685569041543	0.468873367770103	0.214444473382327	1	1	2	1	7
35.7829101379618	-11.4666190541689	0.248765110703276	-0.107397764919975	0.876474334195901	0.859805349413917	1	1	2	1	7
47.2495291921307	0	0.764949588259066	0.674630002114901	1.10364313802852	1.19698145549682	1	1	2	1	7
60.4085478708314	13.1590186787007	0.64564359893786	1.24951561791497	1.09544241036607	1.06611022711071	1	1	2	1	7
73.7929650747674	26.5434358826367	-0.0304700961703468	1.26448730591086	0.85385537422709	0.529240575237988	1	1	2	1	7
13.0154348767794	-35.7659593714265	-0.802599232852961	-0.454763773386683	-0.265138216642489	-0.627475471595557	1	1	2	2	8
25.2223426791193	-23.5590515690865	-0.281252887680404	-0.572718960748639	-0.513992976074517	-1.14727898939182	1	1	2	2	8
36.1100678119246	-12.6713264362812	0.25132523779723	-0.24215109089693	-0.108902933258432	-0.807102398033811	1	1	2	2	8
48.7813942482059	0	0.634999969918266	0.38654995705974	0.683742070055869	0.0987533119135203	1	1	2	2	8
58.5835989608716	9.80220471266577	0.75440829071666	1.02736039429962	1.34269353432774	0.786594495681257	1	1	2	2	8
71.6197393443581	22.8383450961522	0.573646599813498	1.38874733763195	1.4346206991466	0.661340989387179	1	1	2	2	8
11.7357485091951	NaN	0.117903190724256	-0.804255880454878	-1.22635774504877	-1.31534670333101	2	1	1	1	9
24.2185019482695	NaN	0.982539825965157	-0.496356933069573	-0.706529031794152	-1.16426160014202	2	1	1	1	9
35.7140510367028	NaN	1.47630225916819	0.341003813967523	-0.0949754453649999	-0.536900406369697	2	1	1	1	9
46.884027083933	NaN	1.22833053024602	1.06297223796006	0.37862313681275	0.207372084670266	2	1	1	1	9
59.9309226923273	NaN	0.424873691995763	1.11355820405217	0.536398304320928	0.642221996148677	2	1	1	1	9
71.1860648239168	NaN	-0.330599966121075	0.45380530199832	0.319094773667983	0.518558772077937	2	1	1	1	9
13.3808891604279	NaN	-0.147400705233337	-1.04242267221871	-0.656274002618667	-0.627502790256137	2	1	1	2	10
24.7284584074947	NaN	-0.541339237668661	-0.411505430162981	-0.133127320852674	-0.120504763608344	2	1	1	2	10
37.1252418261416	NaN	-0.609159303350415	0.264894138529335	0.766878442965902	0.547384376497585	2	1	1	2	10
47.7664862465532	NaN	-0.326670119501983	0.654455056047271	1.314520336228	1.07800053455574	2	1	1	2	10
58.5288845005377	NaN	0.205367065497897	0.565782663052443	1.06607560244526	1.23446205262639	2	1	1	2	10
71.0474253603908	NaN	0.797179566500109	0.042442475711352	0.222844732806235	0.94692020250651	2	1	1	2	10
11.9667237020797	NaN	-0.49228180079071	-0.980643606896651	-0.60950515944222	-0.27533462847465	1	2	1	2	11
25.8130199847725	NaN	-0.150436867391604	-1.20531641490041	-0.383642713734119	0.501521906185319	1	2	1	2	11
37.5819339348468	NaN	0.520777372178297	-1.1203226488951	0.259065380035052	1.12536232825999	1	2	1	2	11
47.4133831241533	NaN	1.18066098462265	-0.752207833978804	0.971633357408166	1.21065149249545	1	2	1	2	11
60.5632034310756	NaN	1.49426532092709	-0.215942767630117	1.3693594435772	0.704680454170292	1	2	1	2	11
71.0987411696864	NaN	1.3024087514992	0.320984527828267	1.23751895809731	-0.0798592539894656	1	2	1	2	11
11.675806119394	NaN	-0.3684054840454	-0.948151009457026	-0.586459732188247	-0.920546190001079	2	2	2	1	12
25.5840426919121	NaN	0.239782299895238	-1.32521217117742	-1.1849880270682	-0.244572625929902	2	2	2	1	12
36.2672532129115	NaN	0.909666785067636	-1.44834922027649	-1.08640037061645	0.468915158943305	2	2	2	1	12
48.802918437287	NaN	1.32576878778867	-1.28186825964179	-0.363302603689597	0.81719581639957	2	2	2	1	12
60.4013807523116	NaN	1.29212688030029	-0.874027342585092	0.451772872813466	0.603685664274938	2	2	2	1	12
71.1216407340137	NaN	0.82458457256116	-0.343047847953664	0.758555776962938	-0.0511015365154673	2	2	2	1	12
12.8128562235472	NaN	0.289993615636054	-0.89136383271861	-0.0774899890274086	-1.05418450950132	1	2	1	1	13
23.2751390099658	NaN	1.17687038959697	0.0336362705222067	-0.734595634990456	-0.65679210957916	1	2	1	1	13
34.7764028550086	NaN	1.42157923594183	0.574674039996327	-1.05707331427638	-0.0393204965907246	1	2	1	1	13
49.9957023934865	NaN	0.808946545689656	0.268710784351551	-0.884126803551488	0.547601825195306	1	2	1	1	13
61.0149811332604	NaN	-0.122336951705832	-0.622399641674179	-0.301991980675238	0.86574614933006	1	2	1	1	13
72.7639314502704	NaN	-0.553389413139444	-1.33601435287469	0.399062751290171	0.785979355485049	1	2	1	1	13
12.6706207994451	NaN	-0.676487825121747	-0.655739373588933	-1.20601407044354	-0.727228689771977	2	2	1	2	14
22.82814264393	NaN	-0.169846208383986	-0.0507236207416465	-0.928955194387563	-0.780915204585547	2	2	1	2	14
35.6839640447841	NaN	0.283730853313559	0.666613683886777	-0.214956561960126	-0.477886421670331	2	2	1	2	14
47.6845572632089	NaN	0.567540132749291	1.11789430409331	0.50407700071546	0.071139886443887	2	2	1	2	14
60.5132557445619	NaN	0.608558848079644	1.06507852828816	0.793194988470284	0.665565712828954	2	2	1	2	14
72.1408691102604	NaN	0.396233078350986	0.536025412404852	0.477507074405772	1.08820540667511	2	2	1	2	14
11.7098665929697	NaN	0.103401458142593	-0.51561928604935	0.039078462803772	-1.05248539762443	1	2	1	1	15
22.3284653348141	NaN	0.888897721374905	0.150198270556676	0.929388171256651	-1.01819064815951	1	2	1	1	15
35.7469425979976	NaN	1.40683648063952	0.705579784630612	1.44988300161526	-0.712649442564171	1	2	1	1	15
47.2971086537006	NaN	1.33703926330865	0.902256857316903	1.18776191977146	-0.22362693943032	1	2	1	1	15
61.0749247484138	NaN	0.722653190618024	0.652310282286108	0.350911435514634	0.308407632357066	1	2	1	1	15
72.9511224459477	NaN	-0.0565216339661516	0.0674719670825342	-0.396967824086356	0.730630045773275	1	2	1	1	15
12.0126981239933	NaN	-1.11178087600939	-0.40617418332067	0.0675500016534299	-0.966097043324736	2	1	1	2	16
23.3390425854254	NaN	-0.623199605197972	-0.565070895344282	-0.471925161549425	-0.214379534147309	2	1	1	2	16
37.3213914144471	NaN	0.203090868218835	0.0371281046260483	-0.639820304072864	0.539165934103143	2	1	1	2	16
48.4348304517957	NaN	0.798775154347153	0.923273815624083	-0.360809702244093	0.779775724621461	2	1	1	2	16
61.5541426473304	NaN	0.75414679012589	1.3912336523515	0.239929255364136	0.343083948371511	2	1	1	2	16
71.2227450456669	NaN	0.0999007757138333	1.07022226212952	0.892876581215769	-0.472595548466671	2	1	1	2	16
