age	diseaseAge	x1	x2	x3	x4	z1	z2	z3	z4	id
10.7875168191276	-36.3068617240889	0.279128445684512	-0.392443007800211	0.194844796495031	-0.966581736772106	2	2	2	2	1
22.6910980284563	-24.4032805147602	1.11814860204832	0.217100980867948	-0.391649134570947	-1.01241963581306	2	2	2	2	1
35.7341622287496	-11.3602163144669	1.4789602725243	0.733071540010134	-0.558664004574103	-0.711944194403439	2	2	2	2	1
47.0943785432165	0	1.09156099157484	0.96315086561549	-0.221256484012691	-0.171921176219139	2	2	2	2	1
60.2877826502722	13.1934041070557	0.245849256290863	0.821581447173558	0.448968837684373	0.415766948516877	2	2	2	2	1
72.185435093843	25.0910565506265	-0.425312217552532	0.361130480772253	1.11113710104948	0.842301212283184	2	2	2	2	1
12.8761567066444	-35.0828298116737	-1.02317353785075	-0.600112413683488	-1.08492938392346	-0.573788468115401	1	2	1	2	2
24.2835344766234	-23.6754520416948	-1.03525440947704	-0.642678483922532	-0.423055666494622	0.0895423280192917	1	2	1	2	2
35.8448804486975	-12.1141060696207	-0.790458563164571	-0.36247693514341	0.211159052251539	0.944489784982916	1	2	1	2	2
47.9589865183181	0	-0.353467743386998	0.147870480741561	0.51415221668649	1.34151299970467	1	2	1	2	2
59.5080587331308	11.5490722148126	0.160253147293145	0.719666367343424	0.34089821227437	0.978976105173127	1	2	1	2	2
73.6383908266619	25.6794043083437	0.61496502717864	1.16390128847569	-0.225676111768523	0.132314205560448	1	2	1	2	2
12.4073587838727	-34.9445237703989	-0.143004909443325	-1.05401177296016	-0.813215720869601	-0.659458725920123	2	2	2	1	3
23.8947309390956	-23.457151615176	0.503234058308607	-1.46709283554285	-0.0754329421080194	-0.0591866578245748	2	2	2	1	3
36.0064247316292	-11.3454578226424	0.898698398934308	-1.20910130307965	0.545529108519174	0.732123149159802	2	2	2	1	3
47.3518825542716	0	0.866903272453789	-0.454103796762561	0.701195362979635	1.213747166921	2	2	2	1	3
59.3622431420505	12.0103605877789	0.422037967843597	0.288503643630481	0.304208134022332	1.08092425732034	2	2	2	1	3
72.7749007785736	25.423018224302	-0.237366385711375	0.517684543037298	-0.422648993624587	0.417701850735048	2	2	2	1	3
11.6806367627256	-35.124628281652	-0.732156112956423	0.306570527919692	-0.822387658888446	-0.724943951627051	1	2	2	2	4
24.8733655533483	-21.9318994910293	-0.00700865595061677	1.06533208810797	-1.29764027342915	-0.172040944635915	1	2	2	2	4
36.6975879602597	-10.107677084118	0.774072067623391	1.40351478091629	-1.32029016984735	0.665798815591797	1	2	2	2	4
46.8052650443776	0	1.07219017774362	1.10608045816228	-0.879255094612968	1.20030997952589	1	2	2	2	4
59.510532288162	12.7052672437843	0.681663193131279	0.362156852669188	-0.190326874282827	1.05620074125586	1	2	2	2	4
70.810278116753	24.0050130723753	-0.128070175599924	-0.355221909582216	0.409412278458324	0.334653302254711	1	2	2	2	4
12.3217627211968	-34.591465717656	-1.23859116202697	-0.521579824970992	-1.34135806962148	-0.909139601823742	2	1	1	1	5
23.3970331194244	-23.5161953194284	-1.36200249291404	-0.539468906939504	-1.47119034450261	-0.06513962831664	2	1	1	1	5
35.9468699187967	-10.9663585200561	-1.02489956264648	0.236470463822266	-1.21613093555277	0.664285717408018	2	1	1	1	5
46.9132284388528	0	-0.384716908372499	1.11439047314464	-0.67490518802197	0.704895690802044	2	1	1	1	5
59.3389548589825	12.4257264201298	0.259565986739542	1.31151470530172	-0.057004290661772	0.0247200546169634	2	1	1	1	5
73.1794295724989	26.2662011336461	0.607054736206655	0.652082045086962	0.398402067891964	-0.840772323721968	2	1	1	1	5
11.7303903181586	-35.9374975543533	-0.490485004784845	-0.875382222477431	-1.31885702715764	-0.556155667288616	2	2	1	2	6
23.306255628125	-24.3616322443868	-0.0913942261771188	-1.27644549809224	-0.831772852011853	0.29454785713452	2	2	1	2	6
36.0962021614894	-11.5716857110225	0.400059108627686	-1.39302688567911	-0.0914268083297373	0.662380678569029	2	2	1	2	6
47.6678878725118	0	0.863005617833082	-1.18744199537737	0.492728907390027	0.266307924746957	2	2	1	2	6
59.5654525638712	11.8975646913594	1.18358696655825	-0.726145184232834	0.597623964806871	-0.591059410171075	2	2	1	2	6
72.5896034971664	24.9217156246545	1.28295849816599	-0.158248495192324	0.165245611603549	-1.25466798288708	2	2	1	2	6
13.5215283148164	-34.2130602996133	-0.303953443195973	-1.1502623603664	-0.348792267294253	-0.553658009131792	1	2	1	2	7
23.9160427453646	-23.8185458690651	-0.993598296014177	-1.23660501669665	-0.824754605606716	-0.492300292920093	1	2	1	2	7
36.0762296158868	-11.6583589985429	-1.16859124101772	-0.884167008017568	-0.949549720332186	-0.202786750734985	1	2	1	2	7
47.7345886144297	0	-0.717339933897276	-0.251144891950646	-0.672644131493142	0.243911986498932	1	2	1	2	7
60.9341080098549	13.1995193954252	0.0723943602675799	0.378320809784026	-0.106165650022279	0.738293299403518	1	2	1	2	7
72.1440143785662	24.4094257641365	0.697001045829409	0.721685920046067	0.520500711180842	1.15916578038742	1	2	1	2	7
12.652336832983	-35.0347876375943	-0.649984728000673	-0.174424396337391	-0.892353878979623	-0.178537070597419	1	1	2	2	8
25.2617930146213	-22.4253314559561	-0.0668638334208005	-0.592161146525148	-0.412831455229846	-0.547356093787024	1	1	2	2	8
37.2037546321948	-10.4833698383826	0.431184095967455	-0.770795150021326	0.28240575871577	-0.551725924250751	1	1	2	2	8
47.6871244705774	0	0.67448304192335	-0.658197364470765	0.853883142303848	-0.189967601950544	1	1	2	2	8
60.3195055069746	12.6323810363972	0.580145406775969	-0.287226118171459	1.02255627147745	0.398925433524125	1	1	2	2	8
71.1759940148488	23.4888695442715	0.180310334887817	0.233861619697167	0.706064413273525	0.988690886311037	1	1	2	2	8
11.2979802403707	NaN	-0.224094227538784	-0.605292136860679	-0.589500910491499	-0.730366456386055	2	2	2	1	9
23.7805738977452	NaN	-0.685223541565482	0.0487228073614263	0.202239984967763	-0.818222894819626	2	2	2	1	9
36.2590182517925	NaN	-0.942222618864669	0.951091177470819	1.0421941568857	-0.511974354455236	2	2	2	1	9
48.1357436704641	NaN	-0.921842294075169	1.34383667732377	1.21874258274476	0.0656389024593037	2	2	2	1	9
59.3962877020383	NaN	-0.629891310933767	0.897058803792531	0.582311366209678	0.683117314988465	2	2	2	1	9
71.6421544580562	NaN	-0.14958073022021	-0.0139555325930836	-0.327907504213547	1.09298390839789	2	2	2	1	9
11.9856825266661	NaN	-0.296736762360276	-1.09169687509618	-0.449700976853419	-0.567086499128788	2	1	2	2	10
24.4025434780218	NaN	0.497695357106856	-0.8346435709576	-1.02484758472657	-0.279407420531022	2	1	2	2	10
35.9218340497869	NaN	1.0433430349633	-0.314022764193312	-1.26275125539015	0.226840141162132	2	1	2	2	10
48.9275821762228	NaN	0.995832057541423	0.283051465548485	-1.05808634953991	0.789453472999365	2	1	2	2	10
59.7646965675701	NaN	0.385147992734628	0.741987243474792	-0.501462911113779	1.22817015858234	2	1	2	2	10
73.6412791287387	NaN	-0.403288579196651	0.897840440214327	0.160688564131551	1.40242451028469	2	1	2	2	10
12.8884538763844	NaN	-0.271605561781149	-0.755449900573303	-0.685729488610063	-0.39014511108503	1	2	1	2	11
23.7510855015495	NaN	-0.711888682566511	-0.372775864218363	-0.0689934328371682	0.203112210776841	1	2	1	2	11
36.2179904399268	NaN	-0.92190203248828	0.236010548447139	0.708574922794438	0.720688005968285	1	2	1	2	11
47.2873124900919	NaN	-0.839840271095855	0.826968292943873	1.16757360021577	0.979023985119436	1	2	1	2	11
58.5552744923137	NaN	-0.489853554094692	1.16330028176047	1.02501156424241	0.88650127645107	1	2	1	2	11
71.1747891579609	NaN	0.0250596748186444	1.11023810525964	0.368784009615985	0.475933064599747	1	2	1	2	11
12.3026619092682	NaN	-0.480393347185907	-0.603420207891677	-0.510723196113317	-1.30164921845626	1	1	2	1	12
25.2875058101521	NaN	0.18465999218569	-0.559463955226261	-0.0435177337267353	-1.16061203932859	1	1	2	1	12
34.944904645295	NaN	0.767408002908276	0.072049109494363	0.501588758940051	-0.753449191815643	1	1	2	1	12
48.6276166079438	NaN	1.00327688107415	0.874439469508425	0.962603761708434	-0.206358247763174	1	1	2	1	12
58.5519424713719	NaN	0.785179643679443	1.31828082131915	1.20252471976891	0.311093384751338	1	1	2	1	12
71.6810835778271	NaN	0.212134759526357	1.1107215830306	1.15005290312517	0.6385248164355	1	1	2	1	12
11.1440809746251	NaN	-0.989982471963326	-0.376817441717974	-0.00823933291967982	-0.721483267926342	2	1	2	2	13
23.9042382955199	NaN	-1.15044368870092	-0.831850289573608	-0.4879745941571	-0.659856212840928	2	1	2	2	13
36.7684404362016	NaN	-0.714775109847319	-0.813082252819842	-0.767828180935366	0.15998185858436	2	1	2	2	13
48.9220329248168	NaN	0.0523996169198964	-0.329930843829525	-0.765999040833968	1.0054949838575	2	1	2	2	13
57.556115680081	NaN	0.685101110812245	0.37516598654386	-0.483021830517632	1.12120620648044	2	1	2	2	13
71.5386755330678	NaN	0.79902858602274	0.948401486362566	-0.00161063588169863	0.403726046518615	2	1	2	2	13
12.4422800662284	NaN	-0.670412780861345	-0.297613326809222	-0.269185284649748	-0.417559574822953	2	2	1	2	14
24.5448565875551	NaN	-0.0706067267681849	-0.789585744892627	-0.545333534943233	-0.679401007001591	2	2	1	2	14
36.7480476822897	NaN	0.438537465632566	-1.13415666734491	-0.271356051185858	-0.13447584730728	2	2	1	2	14
48.0544648322475	NaN	0.673370488699938	-1.23881968729792	0.402024915142117	0.770669963010563	2	2	1	2	14
60.0700071307137	NaN	0.549187610962469	-1.07547609044661	1.10436470575343	1.29430303057534	2	2	1	2	14
71.8550260765138	NaN	0.110781839701285	-0.687978472135026	1.44928764811705	1.00732549329493	2	2	1	2	14
12.1612605993286	NaN	-0.913021115679717	-0.333994742084641	-0.226010088002916	-0.454722691262932	2	1	2	2	15
23.4055316550729	NaN	-1.05129682673653	0.534785959001551	0.628031525540737	0.301949197763151	2	1	2	2	15
36.2814470145839	NaN	-0.553391505336391	0.938443833701638	0.945703894285189	0.601626014127264	2	1	2	2	15
46.6541357004351	NaN	0.254162617120807	0.562063788708393	0.47559909222161	0.248571803714659	2	1	2	2	15
60.2516837472087	NaN	0.841761942825311	-0.30071997628348	-0.41023896080669	-0.526613670811089	2	1	2	2	15
71.7921966649013	NaN	0.82405184561684	-0.976803709592559	-1.01075241525569	-1.21761273592053	2	1	2	2	15
12.5614641703527	NaN	-1.4021229587832	-0.708408763009072	0.103060662138402	-0.600089613218152	2	1	1	1	16
22.6437648180784	NaN	-1.04846200133926	-0.953316412553293	-0.549120112444872	-0.678126468427669	2	1	1	1	16
34.3608507026198	NaN	-0.143389446630117	-0.383068810412025	-0.633122870232095	-0.18055834623659	2	1	1	1	16
47.817395696681	NaN	0.5360768823769	0.527869738848707	-0.0939313605706479	0.593035680596157	2	1	1	1	16
60.4191007403288	NaN	0.406605356634339	1.02156912968449	0.715319638269003	1.17688505540818	2	1	1	1	16
70.9033336536035	NaN	-0.420650854373977	0.687255625813058	1.2646242435536	1.21946192394941	2	1	1	1	16
