age	diseaseAge	x1	x2	x3	x4	z1	z2	z3	z4	id
12.7388768972953	-35.4880176263245	0.121825175845194	-0.632022974938472	0.163420602226163	-0.653096656762833	1	1	2	2	1
24.6835593615648	-23.543335162055	-0.394116611254968	-0.212639550798971	0.975266857817121	-0.0953902855507794	1	1	2	2	1
37.4809041437582	-10.7459903798616	-0.639856292644155	0.303435375149218	1.42276441741592	0.473559274543052	1	1	2	2	1
48.2268945236198	0	-0.526573293560566	0.777232823352993	1.20438113284075	0.855794696882895	1	1	2	2	1
57.7750474020677	9.54815287844786	-0.0952128167995508	1.08116831996727	0.467267708073062	0.918322992882187	1	1	2	2	1
72.612186596746	24.3852920731262	0.498313462085115	1.13339792394637	-0.291895171917293	0.639388395099842	1	1	2	2	1
13.1806163886254	-34.8438892352672	0.176555059480869	-0.469904167224582	-0.43384868877468	-0.176529308927065	1	2	1	1	2
24.4711002437798	-23.5534053801127	-0.449293079008231	-0.877443709508555	-0.912595800488937	0.667193251185378	1	2	1	1	2
35.7346273948136	-12.2898782290789	-0.364322547282215	-0.986795555608275	-0.515644708502427	0.8435103189521	1	2	1	1	2
48.0245056238926	0	0.367113525804307	-0.761121484039963	0.408969794290372	0.202044652599403	1	2	1	1	2
60.8295091817935	12.8050035579009	1.1910560334398	-0.276446104612203	1.05057348760627	-0.710110724942733	1	2	1	1	2
72.6798797623174	24.6553741384248	1.48348536217019	0.303954153314941	0.846627527160854	-1.11499704041865	1	2	1	1	2
10.8528647634165	-34.6272979599389	-0.529923919513195	-0.589665789907666	-0.874273713792867	-1.44040723717203	1	2	2	1	3
23.7946341179678	-21.6855286053875	0.0724117745722576	-0.0525851790064719	-0.135002653968418	-1.3603976567897	1	2	2	1	3
34.7038956071494	-10.776267116206	0.90244159383492	0.855831782675557	0.723405182478085	-0.722595040002686	1	2	2	1	3
45.4801627233554	0	1.38295675132696	1.38592306166367	0.99704791840273	0.0649948459607198	1	2	2	1	3
60.1245035814605	14.6443408581051	1.17980350373779	1.10023611920555	0.461536135039816	0.498546511480327	1	2	2	1	3
72.6004064968928	27.1202437735374	0.434256100358382	0.234531253990244	-0.444005856837508	0.30071462232947	1	2	2	1	3
11.5349023246171	-38.0553456734535	-0.99724561324718	-0.262556903019779	-0.555427314390966	0.128323288458626	2	1	2	1	4
25.4830426857343	-24.1072053123363	-0.153110220120532	0.408056111613293	0.0613938436107129	0.886709659618271	2	1	2	1	4
35.7814631087326	-13.808784889338	0.502797774468581	1.02662364420016	0.580576598120023	1.29349563411545	2	1	2	1	4
49.5902479980706	0	0.486565560979019	1.29778470812878	0.803983073805101	1.10283394121406	2	1	2	1	4
60.4216091808846	10.8313611828139	-0.189831132134002	1.09206209169072	0.646353727579898	0.429953865531578	2	1	2	1	4
71.0721501441009	21.4819021460303	-1.02736343675354	0.507686677948068	0.167845302864232	-0.318479318044588	2	1	2	1	4
11.767953277879	-36.1927561178583	-1.06216778502562	-0.528624106587619	-0.476015303657671	-0.579614586887854	1	2	1	2	5
24.6630963020925	-23.2976130936449	-1.0650743796431	-0.999818326273954	-1.1192992356466	0.317715920363154	1	2	1	2	5
37.5213555291053	-10.439353866632	-0.470446106381024	-0.943003547261261	-1.00647045682854	0.602697723877728	1	2	1	2	5
47.9607093957374	0	0.33395373528803	-0.389627157852859	-0.227947236134351	0.0257909257521011	1	2	1	2	5
61.0273446584209	13.0666352626835	0.823567618037521	0.354013035323745	0.592380646939457	-0.907844980569449	1	2	1	2	5
72.0522176024218	24.0915082066844	0.679113221837497	0.876306843526024	0.797122162194208	-1.38068618876132	1	2	1	2	5
12.6807057625528	-35.2929250510637	-1.22857513280604	-0.846453682111147	0.353860153454747	-0.763222046997198	1	1	1	2	6
23.0696099601893	-24.9040208534273	-1.16541773852018	-0.6977957750652	1.21334663397465	-0.159091921497703	1	1	1	2	6
37.2405319922802	-10.7330988213363	-0.644113634584479	-0.121123251095223	1.45830091202363	0.338508677278244	1	1	1	2	6
47.9736308136165	0	0.0696350304003787	0.589476508046445	0.883724305487017	0.547948004678878	1	1	1	2	6
60.6310449213595	12.657414107743	0.612039534236362	1.07161685490667	-0.0295283581462319	0.392777538479656	1	1	1	2	6
71.4851229265974	23.5114921129809	0.706643119741119	1.07941925990136	-0.517169171868868	-0.0703631542378658	1	1	1	2	6
12.1379341682575	-26.2328929533244	-0.963566409607666	-0.355746983733213	-0.496208012974147	-0.187666620413753	1	1	1	1	7
22.291815144884	-16.0790119766979	-1.20094456223887	-0.828375695233293	-0.754863852914916	0.649073876012147	1	1	1	1	7
38.3708271215819	0	-0.933573109340208	-0.888881944632238	-0.317718781213727	0.980060579808133	1	1	1	1	7
48.7422382769659	10.371411155384	-0.29644209961532	-0.509787036893127	0.508943414806903	0.554392930046979	1	1	1	1	7
59.2235439421651	20.8527168205832	0.388774836108974	0.136744442287623	1.14592547404502	-0.305256739703872	1	1	1	1	7
72.1281962708117	33.7573691492298	0.776126525696761	0.75709255241361	1.14692869570387	-0.947241152173912	1	1	1	1	7
11.9478502763712	-36.8938542135021	-0.991034587660539	-0.199180139152357	-1.42411658965912	-0.452696105133788	1	2	1	1	8
22.9726330898825	-25.8690713999907	-1.31897391747546	0.522254575394605	-1.12027676075177	-0.339906614492903	1	2	1	1	8
35.6556952293517	-13.1860092605215	-1.09613068446518	1.1227768485961	-0.605413740343413	0.393952479608549	1	2	1	1	8
48.8417044898732	0	-0.445600538426825	1.28331040050428	-0.0447667116445186	1.20531647158045	1	2	1	1	8
59.6562091460232	10.8145046561499	0.273272285872017	0.91855873033058	0.381731307397515	1.49321327704382	1	2	1	1	8
71.2301592922732	22.3884548023999	0.663391963562917	0.2223258170737	0.537200833281431	1.0443995859956	1	2	1	1	8
11.3702742693968	NaN	-0.660940062268016	-1.11149604731196	-1.27728327370483	-0.718120327117785	1	1	1	2	9
19.95019131751	NaN	-0.839718300542284	-0.535288603652281	-1.04030133188421	-0.510791900139924	1	1	1	2	9
36.243205700003	NaN	-0.725081122046732	0.271613385825492	-0.516314980463609	0.0190957408666698	1	1	1	2	9
47.256166941515	NaN	-0.350728532033785	0.782256518697478	0.0966805271463761	0.655911620071491	1	1	1	2	9
60.1661825708813	NaN	0.173290666697514	0.663161463148623	0.567056636996293	1.14051168724449	1	1	1	2	9
71.2077989987128	NaN	0.692930029691956	-0.00789586063286313	0.717075442715998	1.275694163583	1	1	1	2	9
14.0320111961458	NaN	-0.164549620474683	-1.01528171930053	-1.21938223975861	-0.295761378494948	2	1	2	2	10
25.3786013139802	NaN	0.598340514966012	-0.370433805056906	-0.903012734663134	0.335641969283791	2	1	2	2	10
35.2202022522124	NaN	1.21498595620907	0.238687931129112	0.00384382010372508	1.01463997307915	2	1	2	2	10
48.8859716209401	NaN	1.31857612029017	0.540895827208721	0.706087824009245	1.40552597676805	2	1	2	2	10
59.5994708071686	NaN	0.847490558999469	0.401643621044448	0.588016689861645	1.3150401585392	2	1	2	2	10
71.894204053817	NaN	0.0819537867917826	-0.117072081461443	-0.246849007776611	0.787920045298964	2	1	2	2	10
12.1053194758076	NaN	-0.91870062577715	-0.564176808619489	-0.371824124991634	-0.675404776526493	2	2	2	1	11
24.290361426241	NaN	-0.573606815665289	-1.01798054786877	0.114221380982048	-0.715200194016604	2	2	2	1	11
36.0087395660451	NaN	0.0791736622850891	-1.31887398508477	0.660364524256922	-0.472295296077368	2	2	2	1	11
48.5096200970105	NaN	0.726249347312924	-1.39266510257358	1.10276879977758	-0.0167225206520536	2	2	2	1	11
58.3609943743167	NaN	1.05696757592166	-1.22115904721698	1.3087181399427	0.520170957318477	2	2	2	1	11
71.3368885147012	NaN	0.912554805910051	-0.846644479117897	1.21643017043041	0.983592214772115	2	2	2	1	11
11.8996081758023	NaN	-1.26813057670774	-0.698275924081075	-0.975264168697538	-0.727538292808832	1	1	1	1	12
21.7821117282205	NaN	-0.673175713997968	-1.18348819521042	-1.16115265951352	-0.686773391282291	1	1	1	1	12
35.530572377749	NaN	0.0707574949580712	-1.40857971045297	-0.785210663346098	-0.0139073162963817	1	1	1	1	12
46.9750484045666	NaN	0.546464317891388	-1.29747523300072	-0.0606409198783583	0.810409560578507	1	1	1	1	12
60.8795909850457	NaN	0.48716389959734	-0.887725265028312	0.601641440434345	1.19734057794589	1	1	1	1	12
72.5432499187945	NaN	-0.0738875282624619	-0.317814928073915	0.826045461801161	0.870488181844329	1	1	1	1	12
11.5749766750239	NaN	-0.645523558420902	-0.0157187510681187	-0.563865525045691	-0.631555036547467	2	1	2	1	13
23.6061083969244	NaN	-0.101491802297519	-0.671044719645367	-0.586786717528177	-0.938296414098859	2	1	2	1	13
35.8277947975075	NaN	0.783439804398306	-0.562189274656345	-0.174550665215594	-0.505026370545788	2	1	2	1	13
46.3684527775848	NaN	1.31623346360429	0.222406985866537	0.484420835458881	0.346563867278528	2	1	2	1	13
60.4394705861133	NaN	1.07962964746116	1.04529168182752	1.08892997984229	0.984191702316716	2	1	2	1	13
71.674350698004	NaN	0.25892559986012	1.23790464492409	1.3626722130418	0.934435803995484	2	1	2	1	13
11.7970671833662	NaN	-0.518667172771256	-0.769777998793321	-1.16736187025005	-0.470073101096006	2	2	2	1	14
23.6558314805627	NaN	0.226691379679495	-0.167740081541649	-1.06531413995374	-0.736432513796097	2	2	2	1	14
35.5868594079583	NaN	0.707528087390502	0.593771449578925	-0.410691679093848	-0.546202568913533	2	2	2	1	14
48.2403644399049	NaN	0.653683393863792	1.06684495270478	0.374643685434016	0.0136040173234207	2	2	2	1	14
61.2018953659292	NaN	0.0954101027844103	0.97322445816535	0.784594116457779	0.686927182125911	2	2	2	1	14
72.9726264720973	NaN	-0.653624251102525	0.367976380200655	0.554973081878994	1.16578346103442	2	2	2	1	14
12.817238982435	NaN	-0.988248656596091	-0.653314392106266	-1.13390448014536	-0.628366659379668	1	1	1	1	15
23.2711448231517	NaN	-0.606872975961737	-0.892317946789683	-0.716810572054161	-0.767087736763933	1	1	1	1	15
35.7114029633343	NaN	0.0157822472031739	-0.890723181842298	0.0520187751088472	-0.113385452359322	1	1	1	1	15
45.0829572520954	NaN	0.618104712210742	-0.648925961066535	0.698698641634193	0.786615852980231	1	1	1	1	15
60.1316417487334	NaN	0.947025047819376	-0.226946895894286	0.824633633424462	1.181025553549	1	1	1	1	15
71.5553346814199	NaN	0.864345415899288	0.270467394082059	0.352200941603587	0.740340842200308	1	1	1	1	15
11.2713603729708	NaN	-0.369323250525479	-0.787911571797698	-1.19887662367622	-1.22057327662331	1	2	1	1	16
22.4239788245475	NaN	-0.694720873767328	-1.20197428285258	-1.32652111494953	-0.649640164919242	1	2	1	1	16
36.3062823885991	NaN	-0.695717486344566	-1.2992814991387	-1.13540050090761	0.1942780358307	1	2	1	1	16
47.707205440959	NaN	-0.371974959508017	-1.04532348788387	-0.686542063114235	0.709007750262722	1	2	1	1	16
58.6882902560513	NaN	0.166667980887833	-0.530165749245758	-0.12327210052888	0.527266186975863	1	2	1	1	16
71.9338592320966	NaN	0.737461620612617	0.0634924620395182	0.374550009693179	-0.22126587826346	1	2	1	1	16
