age	diseaseAge	x1	x2	x3	x4	z1	z2	z3	z4	id
11.895507723338	-35.4826490758334	-0.368598159865246	-0.169264999515141	-0.929597299681163	-0.383981008507764	1	1	1	2	1
23.7586867438364	-23.6194700553349	0.444565441400664	0.535926212486831	-0.35243293120324	-0.923200997416636	1	1	1	2	1
33.7347094120838	-13.6434473870875	0.71514409588617	0.855300139179125	0.317925369881259	-1.26247640028314	1	1	1	2	1
47.3781567991713	0	0.239452605634559	0.607467496069936	0.77419679995483	-1.28947500747437	1	1	1	2	1
62.3647592951929	14.9866024960216	-0.624419750129769	-0.0668144976373026	0.80723432306089	-0.995257729456642	1	1	1	2	1
72.3553789509626	24.9772221517913	-1.22617033712192	-0.784585561962993	0.401894102488327	-0.477238279905254	1	1	1	2	1
11.6804554785604	-35.6705800839276	-0.989359264158275	-1.09239570948065	-0.831493656713498	-0.195751571644842	1	1	1	2	2
23.3318907815365	-24.0191447809516	-0.505008155677478	-1.49415211824492	-1.22136050309251	0.38366610531508	1	1	1	2	2
36.7637627353818	-10.5872728271063	0.409334279530719	-1.2439233718001	-0.962429002628771	0.813617577237833	1	1	1	2	2
47.351035562488	0	0.98630096402114	-0.505716074484534	-0.223357620074974	0.946348439271125	1	1	1	2	2
59.6942237737385	12.3431882112504	0.741669333673338	0.236628992613883	0.514449703754651	0.736245242442313	1	1	1	2	2
72.3393809311138	24.9883453686258	-0.119252127511399	0.496559043566629	0.770412389449937	0.255510723181573	1	1	1	2	2
12.0269837871666	-36.1757950157309	-0.481366697637233	-0.821181164117333	-1.03809973290455	-0.50136990238921	1	2	1	1	3
22.6736327733336	-25.5291460295639	-0.177946782614175	-0.14927218622365	-1.09510374022268	-1.05811269427051	1	2	1	1	3
36.5099728037383	-11.6928059991593	0.303394680410307	0.610297423852707	-0.656718441772017	-1.12353255676284	1	2	1	1	3
48.2027788028976	0	0.82837425701162	0.98781781165775	0.050539166072007	-0.661607606020499	1	2	1	1	3
60.2167249195458	12.0139461166482	1.25053446125902	0.749834341754584	0.661223732932235	0.0733142231374407	1	2	1	1	3
70.9029423337652	22.7001635308676	1.45210209790868	0.0435134877985133	0.859789928463665	0.676565789004579	1	2	1	1	3
13.2142555618287	-33.9042530066441	-0.136720522532699	-1.11919053209804	-0.948254871357138	0.206387487022609	1	2	2	2	4
24.9837946486659	-22.1347139198068	-0.624564636962829	-1.09637195440384	-0.109308268685883	-0.419887828979559	1	2	2	2	4
35.5984736670136	-11.5200349014591	-0.935870824191179	-0.609049239789821	0.634703419116594	-0.570920555324662	1	2	2	2	4
47.1185085684727	0	-0.982784437088407	0.0975548303713207	0.694063590877768	-0.160402054232368	1	2	2	2	4
60.050045766656	12.9315371981833	-0.752065845105103	0.667874200531727	0.0217223422615763	0.577074195980967	1	2	2	2	4
71.78174565544	24.6632370869673	-0.308826829877665	0.81492183309306	-0.849410961916603	1.22007257608522	1	2	2	2	4
10.7624392500629	-38.3288361978161	-1.21873105074305	-0.73496613782148	-0.44908045244438	-0.0252045510718012	1	1	1	2	5
23.0394841783299	-26.0517912695491	-1.01350747694202	-0.190817997246831	0.310123264903665	0.63187634805137	1	1	1	2	5
34.9155325073483	-14.1757429405307	-0.512842245849768	0.290833748924448	0.555169696185957	0.994928171780046	1	1	1	2	5
49.091275447879	0	0.0970229005163547	0.566780970389965	0.117342344587476	0.890876933731361	1	1	1	2	5
59.1647151239424	10.0734396760634	0.589225100105597	0.554977072359294	-0.701911033297445	0.369325917459171	1	1	1	2	5
72.0127462481562	22.9214708002772	0.780670761864541	0.258931673931067	-1.33852770373576	-0.321091190084646	1	1	1	2	5
11.8792811219131	-47.5146261365212	-0.866787137532258	-0.53694718077286	-0.300570220764122	-1.43860631319681	2	2	2	2	6
24.648290287296	-34.7456169711384	-0.574212740272069	0.00535634250361135	-1.00981564503399	-0.988329158736149	2	2	2	2	6
35.9869784767068	-23.4069287817276	0.147796857427833	0.525412238196717	-1.12147670278698	-0.138431233458191	2	2	2	2	6
47.558868462105	-11.8350387963294	0.860881124257582	0.863439615556151	-0.556423371521867	0.486393830759499	2	2	2	2	6
59.3939072584344	0	1.13209844964579	0.915583646860949	0.284912150489433	0.426885895675467	2	2	2	2	6
71.4683434121388	12.0744361537045	0.796782087836771	0.665823708485475	0.806306792038858	-0.273215400116604	2	2	2	2	6
12.8538465656408	-35.0587728564376	0.0653451037954909	-0.364077665440536	-0.466100779808596	-0.480594112542222	2	1	2	2	7
22.7682308989412	-25.1443885231372	0.615085867360505	0.44043427699531	-0.422184276810145	-1.07376144319354	2	1	2	2	7
36.7059992580279	-11.2066201640505	1.06635622954803	1.15476391476742	0.127254876450676	-1.31621388468683	2	1	2	2	7
47.9126194220784	0	1.28240455090443	1.26939327710929	0.87493336549802	-1.09568369477542	2	1	2	2	7
60.259916272349	12.3472968502706	1.19776018539952	0.702559383735167	1.4026991112286	-0.51428750452352	2	1	2	2	7
73.1551627992797	25.2425433772012	0.838073511882024	-0.141425750506416	1.41539002580713	0.158758846342182	2	1	2	2	7
12.1024505523698	-35.4522975721103	-0.821067696141306	-1.205198739088	0.2046874774238	-0.245375122381474	1	1	1	1	8
25.3371183008267	-22.2176298236534	-0.118674857734504	-1.16542627747455	0.811892566547158	0.388323773760239	1	1	1	1	8
35.8107342079655	-11.7440139165145	0.678105030468448	-0.409948314778921	1.2127697785029	0.841351963344927	1	1	1	1	8
47.5547481244801	0	1.01761280462504	0.440162503835125	1.25075644741842	0.928552242480201	1	1	1	1	8
60.9849156951686	13.4301675706885	0.664786589326136	0.686036587367118	0.911016873045226	0.614284974970079	1	1	1	1	8
71.5526957915397	23.9979476670596	-0.136090573404565	0.125542735468655	0.326236406109004	0.0269943721569484	1	1	1	1	8
11.7780381874535	NaN	-0.107642743442828	-1.25735964550283	-0.371061063396265	-0.506767866850629	1	2	1	1	9
23.3924783348163	NaN	0.504120506611147	-0.578641189309052	-0.665403030270119	-0.123811258803796	1	2	1	1	9
35.3121780495152	NaN	0.916120314222073	0.148094887812293	-0.552132926526805	0.668991567491997	1	2	1	1	9
46.3259644577855	NaN	0.966751285864962	0.499997975753257	-0.077941473454321	1.34309445827675	1	2	1	1	9
59.8749836006229	NaN	0.636153611059928	0.272313638730047	0.561706327672766	1.44908618752408	1	2	1	1	9
72.4399734784973	NaN	0.0540029992329523	-0.402480234993351	1.10314322293735	0.916304140311438	1	2	1	1	9
11.3146130235968	NaN	-1.31913708420975	-0.311130123098036	-0.187557381333759	-0.574360137699557	2	1	1	2	10
23.2130516889491	NaN	-1.1397968201071	0.307103040812161	-0.534586174395003	-0.0983613895961168	2	1	1	2	10
34.1229028769108	NaN	-0.68591890755647	0.863940191238651	-0.48922391975102	0.765853427932199	2	1	1	2	10
47.4868156582364	NaN	-0.1093843571528	1.14090812631308	-0.0698538019303871	1.36727221926198	2	1	1	2	10
59.5959939574446	NaN	0.396881271747834	1.02933939892953	0.553573229270119	1.25284685359318	2	1	1	2	10
72.7275418751892	NaN	0.663466484951323	0.57300762778639	1.12841157136429	0.508773836222454	2	1	1	2	10
11.5690581851648	NaN	-0.131014938824375	-0.727029385618142	-0.855394421597106	-0.304042565312085	1	2	2	2	11
23.0564402037247	NaN	0.538705886753431	-0.228344975403855	-0.630456753490806	-0.938835383114406	1	2	2	2	11
36.257218005376	NaN	1.17902653998065	0.278821084352918	0.167007107712372	-1.19451036607263	1	2	2	2	11
48.1373849125141	NaN	1.4756621199053	0.656709409935683	0.934218966435772	-0.940840676432688	1	2	2	2	11
60.074544369297	NaN	1.28301669207552	0.802675784831004	1.09126717736851	-0.307031765324944	1	2	2	2	11
71.7990719440237	NaN	0.69564530309051	0.677071976547627	0.519443869458287	0.384088809861487	1	2	2	2	11
11.3385030588783	NaN	-0.540438629219015	0.131878989446442	-0.395053759957996	-0.668000702246497	2	2	2	1	12
22.9941083434677	NaN	-0.759804686690478	0.627154208735426	0.167831110545072	-0.81201010260521	2	2	2	1	12
36.7249284340336	NaN	-0.715145209207667	1.0347152646356	0.796580994883504	-0.563464930541643	2	2	2	1	12
48.0622348019754	NaN	-0.418435485800756	1.25338351667274	1.23607003855722	-0.0203100635100486	2	2	2	1	12
60.3713090103011	NaN	0.0507627668212129	1.22887370835413	1.30796816055372	0.603411970733352	2	2	2	1	12
72.1913853443433	NaN	0.566635611633024	0.967270496317228	0.983101487019152	1.06190931993781	2	2	2	1	12
11.4916449608737	NaN	-0.462262646820222	0.183978177934618	-1.33745461850062	-0.510909247301723	1	1	2	1	13
24.6255807701786	NaN	-0.418515498303745	-0.386234122503885	-1.33255662647531	0.346870836597522	1	1	2	1	13
35.9108846511931	NaN	0.16020568663392	-0.475691437328344	-0.759589447478407	0.5920307077106	1	1	2	1	13
49.5279474346611	NaN	0.929627912449422	-0.0353802926799759	0.0264340174579962	0.0200663022365885	1	1	2	1	13
60.6421122799504	NaN	1.43203284877325	0.693453765223981	0.53849028636954	-0.891909038485863	1	1	2	1	13
72.8500290887459	NaN	1.36854695009557	1.31148409535294	0.459307117177347	-1.3831563631055	1	1	2	1	13
12.411203386416	NaN	-0.72770504775391	-0.347383013758572	-0.82218229528535	-0.153139154808122	2	1	1	1	14
24.7144285083552	NaN	-1.2219953150271	0.45737054687399	-0.728632555174813	-0.900205561214716	2	1	1	1	14
37.0591312810723	NaN	-1.13192940989039	0.796932941692163	-0.113642067875375	-0.981645823201146	2	1	1	1	14
49.1553024180786	NaN	-0.512352516597151	0.432077351053806	0.653499071733438	-0.333877798572893	2	1	1	1	14
57.7916955020777	NaN	0.259447102216224	-0.380149968126186	1.11213719488327	0.537372258279572	2	1	1	1	14
72.2901255555554	NaN	0.713485913532945	-1.06752264049214	0.98686882865682	0.951900924005208	2	1	1	1	14
12.4353701056163	NaN	-0.768307879004101	-0.657985888561385	-0.364947735201401	-0.167178478684021	1	1	2	1	15
22.5149663201592	NaN	0.0811084564804345	-1.26703236359717	-1.10432729397447	-0.748537736959008	1	1	2	1	15
35.0449648227952	NaN	0.73339787587834	-1.26152947838583	-1.24515951750857	-0.558667267936109	1	1	2	1	15
48.4818667807196	NaN	0.702622250864216	-0.645173539292595	-0.684839249248386	0.251388257312885	1	1	2	1	15
59.2213039197479	NaN	0.0117085969202566	0.16802711198053	0.16840485827735	1.03721809397454	1	1	2	1	15
71.9243969425429	NaN	-0.824630938480878	0.631842883487257	0.692930662129822	1.17368337865539	1	1	2	1	15
12.3269187286767	NaN	-0.749436886404584	-0.663788012225103	-0.519093949219597	-1.31367528570761	1	2	2	2	16
22.2276808935961	NaN	-0.530252190390572	-0.0811098758072851	-0.286884573473023	-1.11362524482198	1	2	2	2	16
35.4778429085605	NaN	0.0572654957645607	0.500227983662353	0.375355555234691	-0.604649380386855	1	2	2	2	16
49.3804008999048	NaN	0.73584821066179	0.863014931122268	1.09555408246491	0.016678239060978	1	2	2	2	16
59.9066991878548	NaN	1.18525155922347	0.871699527824436	1.46907536311911	0.510391621843949	1	2	2	2	16
71.932110215593	NaN	1.19338805329746	0.523036867671304	1.28606056155538	0.685811297428794	1	2	2	2	16
