age	diseaseAge	x1	x2	x3	x4	z1	z2	z3	z4	id
13.9098119214429	-35.5507971616769	-1.24900259637537	-1.19680353832596	-0.928122186956416	-0.0162738858506171	1	1	2	1	1
24.1773957985988	-25.2832132845211	-1.41410052892475	-0.643055993226153	-0.348662543864616	0.751371336159401	1	1	2	1	1
36.3304420691555	-13.1301670139643	-1.20499526204297	0.219936151923295	0.421257188488911	1.03406545665988	1	1	2	1	1
49.4606090831198	0	-0.699990524319904	0.74924220453726	0.922950973223626	0.639949037208414	1	1	2	1	1
59.0236053345284	9.56299625140861	-0.0881956314076989	0.55052820814889	0.857530596182293	-0.16349816427495	1	1	2	1	1
73.1739801594174	23.7133710762975	0.401290351128952	-0.22816355430515	0.263970787087178	-0.830990916453221	1	1	2	1	1
12.3470727734338	-37.4432902789233	-0.36847219679168	-1.28901580340644	-0.542419679222534	-0.727232459783575	1	1	1	2	2
23.6513712829434	-26.1389917694138	-0.854068128215534	-1.13379065514859	-0.518070947341748	-0.870784945953515	1	1	1	2	2
35.5622479568308	-14.2281150955264	-0.69695343854095	-0.715397937659913	-0.0599468529489521	-0.711124217168846	1	1	1	2	2
49.7903630523572	0	-0.000676386105792695	-0.164177065751528	0.617560591947749	-0.296667119934262	1	1	1	2	2
58.9133042482048	9.12294119584769	0.775873562741421	0.34815337448967	1.19739278676461	0.246902930596528	1	1	1	2	2
70.3954560835366	20.6050930311794	1.12090215832211	0.66199010370506	1.40820100220456	0.754749234118889	1	1	1	2	2
12.0143323435503	-36.4347324456222	-0.394461985272209	-0.404180398983845	-0.483047636324005	-0.0660385790699686	2	2	1	2	3
23.1287824817876	-25.320282307385	0.0667695553068319	-1.09034118878525	0.154878241433488	-0.645378182821336	2	2	1	2	3
36.8732317235547	-11.5758330656178	0.606358318083886	-1.08706427393503	0.884116745944524	-0.671479405271932	2	2	1	2	3
48.4490647891725	0	1.06719970342016	-0.396857403945545	1.29776863095223	-0.128422134450233	2	2	1	2	3
60.1741460401311	11.7250812509586	1.31511689679561	0.452079568349093	1.16502512925468	0.652562685392189	2	2	1	2	3
73.1522539660638	24.7031891768912	1.27792727674797	0.810074199325848	0.55995423157384	1.19512319742239	2	2	1	2	3
12.3049287407956	-36.5160826493977	-0.836824084109876	-0.521701261472152	-0.669634713641181	0.419965949720068	2	2	2	1	4
23.3854726260315	-25.4355387641618	-1.12525421139883	-0.635823816942544	-0.254419434059728	-0.0908114744786935	2	2	2	1	4
34.2575639276881	-14.5634474625052	-1.16263476836453	-0.205713629606481	0.320190796313259	-0.43881162131441	2	2	2	1	4
48.8210113901933	0	-0.939035063076681	0.528225914440988	0.857615182860872	-0.523072012177673	2	2	2	1	4
59.4280758242917	10.6070644340984	-0.513857629075712	1.15577074524495	1.17399463750969	-0.319146858790788	2	2	2	1	4
71.269229257366	22.4482178671728	-5.70731280078174e-05	1.32616445969365	1.16109209571084	0.113800677209813	2	2	2	1	4
14.2470876112654	-32.9962006621971	-1.27874011706599	-0.653852493224392	-0.97853163091421	-0.802230249336596	2	2	2	1	5
25.0480467041035	-22.195241569359	-1.22459711786141	-1.18079970642356	-1.35127308720288	0.0219079649056163	2	2	2	1	5
36.8145214319739	-10.4287668414886	-0.879734215226165	-1.47105304324407	-1.43034480520488	0.809927164208669	2	2	2	1	5
47.2432882734625	0	-0.352131892408597	-1.42445434834034	-1.19022758118966	0.916812136253115	2	2	2	1	5
60.4954340265486	13.2521457530861	0.193011583844004	-1.05708350342603	-0.708415625649807	0.255074615527172	2	2	2	1	5
70.9674835509731	23.7241952775106	0.585005612844761	-0.495709718314299	-0.140406476313338	-0.633635184613581	2	2	2	1	5
9.69748904542736	-37.7719307847246	-0.263116579009703	-0.268806308587654	-0.608465572560671	-0.403065413687636	2	2	1	2	6
23.9373870873648	-23.5320327427872	-0.692087742514027	0.234650296235604	-1.15789188375121	0.233083638688815	2	2	1	2	6
34.8068944751951	-12.6625253549569	-0.795074080849689	0.656507424838209	-0.919464109244124	0.60140118581668	2	2	1	2	6
47.469419830152	0	-0.534253692827941	0.889297649437471	-0.0846699353550829	0.537982536191065	2	2	1	2	6
60.8171544751141	13.3477346449621	-0.00541329252358608	0.873718033199049	0.676045236836722	0.0710495714019206	2	2	1	2	6
71.2725871471383	23.8031673169863	0.597229618128931	0.613737458404321	0.751730822528878	-0.591608250394254	2	2	1	2	6
12.9147050066649	-33.5655318983612	-0.408404686768313	-0.020088017140458	-0.771568256312615	-0.513671723757903	2	1	2	1	7
21.7181068842567	-24.7621300207694	0.0397591515601883	0.820581598996295	-0.787612283544823	-0.313615242575288	2	1	2	1	7
36.5291233289152	-9.95111357611096	0.655121272490364	1.0025925046153	-0.272055174088043	0.221080032927993	2	1	2	1	7
46.4802369050261	0	1.20048893429919	0.372156679144574	0.481644251203786	0.866705081777347	2	1	2	1	7
59.7299414380723	13.2497045330462	1.46564892016405	-0.538046380178768	1.04447484969027	1.35313941813378	2	1	2	1	7
71.1142530486672	24.6340161436411	1.34839470501082	-0.958951070742418	1.09606938999641	1.47686572261889	2	1	2	1	7
11.2273485148811	-37.1858787687084	-0.895089895505848	-1.26366663488905	-0.918917281146169	0.0380789560774065	2	1	2	2	8
24.6474705963845	-23.765756687205	-1.10266310732265	-1.19495020796667	-0.642825162927767	0.794392720135756	2	1	2	2	8
38.3368636978092	-10.0763635857803	-0.727699532762029	-0.452298944968985	-0.00692792544404326	1.27756880895379	2	1	2	2	8
48.4132272835895	0	0.00982632631005237	0.382038651304679	0.672334041855404	1.20831762531531	2	1	2	2	8
59.6902154681169	11.2769881845274	0.677240753112538	0.653930768974478	1.05694083764015	0.626668333810071	2	1	2	2	8
72.6543983559819	24.2411710723925	0.883001299166068	0.150210358681107	0.955501279390395	-0.131169141053902	2	1	2	2	8
12.2591191653639	NaN	-0.465412143309999	-0.802886225503394	-0.830081302318154	-0.10794565081175	1	1	2	1	9
25.5002930760599	NaN	0.216846573129867	0.0275269772096596	-0.782015153616912	0.642935355839323	1	1	2	1	9
36.3905599564391	NaN	0.835631448179803	0.659046999574292	-0.281576348874611	1.23101295178244	1	1	2	1	9
48.8253817633565	NaN	1.08740214562084	0.646634459540118	0.422339902383391	1.32159856833432	1	1	2	1	9
59.7904562301231	NaN	0.848654415053891	-0.00096338397651119	0.979638081614353	0.863137834853741	1	1	2	1	9
71.8944398491636	NaN	0.236504186957958	-0.827376924487652	1.11314374556298	0.116551364104453	1	1	2	1	9
12.4860958131932	NaN	0.338261142437865	-0.0878427910307104	-1.42692407790907	-0.528189326338173	1	1	1	2	10
24.9380269841843	NaN	-0.435448748778155	-0.522973927832451	-1.27007800308719	-0.805131848415329	1	1	1	2	10
36.4614201386768	NaN	-0.6086525638983	-0.551984312126889	-0.45052389128457	-0.35033435045476	1	1	1	2	10
48.1308310124708	NaN	-0.0506998036341931	-0.162182482868135	0.351572888019814	0.501198142119409	1	1	1	2	10
58.6669867170677	NaN	0.817536546870807	0.475901080876588	0.470535176482506	1.1222245701468	1	1	1	2	10
72.9832868622648	NaN	1.34113146408237	1.08311762288613	-0.192366356542303	1.05529524394507	1	1	1	2	10
12.0363508912757	NaN	0.355871755256057	0.202663546009414	0.0583169308937533	-1.17569730260693	1	2	1	1	11
24.6718450737857	NaN	1.14402546901918	0.87649955653075	0.814699081855906	-1.3381008767167	1	2	1	1	11
36.8357076921917	NaN	1.44295363892943	1.31350731924458	1.24962116099498	-1.02182459008612	1	2	1	1	11
47.6447960632886	NaN	1.04340182871428	1.30870808574032	1.10598424446908	-0.379331589709256	1	2	1	1	11
62.1725329769742	NaN	0.225062610784497	0.86435293931891	0.468697557249914	0.27965997955169	1	2	1	1	11
72.2702764103202	NaN	-0.439213648235047	0.188866923045126	-0.285514587684125	0.637478724869711	1	2	1	1	11
12.4019453280051	NaN	-0.758334950239756	-1.01585512162668	-0.73410931395708	-0.220545642376244	2	1	1	2	12
25.1662269310093	NaN	-0.761782554629265	-1.00401177672581	-0.904026521986255	0.631665931850635	2	1	1	2	12
35.2243409833765	NaN	-0.175320640366089	-0.39740718105466	-0.756033045592031	1.28644872546466	2	1	1	2	12
47.7287335079301	NaN	0.624132064305006	0.406833980112908	-0.337187252642567	1.25214076295069	2	1	1	2	12
60.026457097173	NaN	1.12276777509669	0.882200664341431	0.219327963366599	0.554503137590371	2	1	1	2	12
70.9953374328063	NaN	1.00011361321144	0.71748546204136	0.736554141851529	-0.282623425991895	2	1	1	2	12
12.0006854147137	NaN	-1.08246242932814	-1.2003646389793	-0.492832901218717	-0.50533924706655	1	1	2	1	13
24.066077292608	NaN	-0.91388725589283	-1.41406353130631	-1.07188952832777	0.332399159143234	1	1	2	1	13
35.2308787596055	NaN	-0.231655932954033	-1.14949690503165	-1.06356514475188	0.825988221076111	1	1	2	1	13
49.6210983481347	NaN	0.532890919282707	-0.53329509496349	-0.473169176432553	0.627027809565522	1	1	2	1	13
60.0452769593192	NaN	0.896368703347686	0.139607338870434	0.32273431739677	-0.124045752108041	1	1	2	1	13
72.2845032111322	NaN	0.628968661510221	0.547137043192496	0.816505267228802	-0.897086749459026	1	1	2	1	13
12.7021894908277	NaN	-0.650948204677944	-1.17923606021936	-0.450180200229911	-0.785395901747006	1	2	1	2	14
24.9962262615138	NaN	-0.654694350069122	-0.672759423411089	-0.624808052968507	-1.00225580421201	1	2	1	2	14
35.7710522261847	NaN	-0.42466277743984	0.10245115939225	-0.34069905132276	-0.861698181270426	1	2	1	2	14
45.995437183591	NaN	-0.0162191720776376	0.678690727054178	0.271333604611335	-0.414073269529376	1	2	1	2	14
58.299492809683	NaN	0.472329264733267	0.708298772123911	0.929489796491104	0.180271738552036	1	2	1	2	14
73.0251593189496	NaN	0.923395113618125	0.173411981231051	1.33073260143109	0.708431906500861	1	2	1	2	14
11.5319163862881	NaN	-1.3681668795605	-0.0449308485298023	-0.511541426082466	-1.26308376132188	1	2	1	1	15
23.2651993885734	NaN	-0.689669012631296	-0.705044660572895	0.174822490564506	-1.28567713996869	1	2	1	1	15
35.1687503997373	NaN	0.174264131169929	-0.601559713876399	0.894161432535234	-0.96310387469746	1	2	1	1	15
48.9990602187226	NaN	0.546698208499176	0.181311448304084	1.22955827242127	-0.410761630299379	1	2	1	1	15
57.9868982515507	NaN	0.135812701316671	1.00649480010042	0.986622467922673	0.173754156680417	1	2	1	1	15
73.2940883197541	NaN	-0.736443275460711	1.20248408939312	0.306155652103729	0.581338256165486	1	2	1	1	15
12.8523040324586	NaN	-0.192532730051813	-0.250652939309433	-0.897123442787431	-1.03311379625842	1	1	1	2	16
24.0385311583839	NaN	0.539784816680614	0.270971567590069	-0.814478030305262	-0.41700111899376	1	1	1	2	16
36.8182214783881	NaN	1.15600593478151	0.847812580159986	-0.375302018179306	0.191416564392453	1	1	1	2	16
49.2964267128034	NaN	1.31608653508676	1.28457782608843	0.246356023458975	0.537300392715785	1	1	1	2	16
59.7387273489078	NaN	0.931690693486222	1.43339835104392	0.804128601234656	0.475775153899147	1	1	1	2	16
70.8647879207127	NaN	0.214936317003835	1.24389025746736	1.07696648445215	0.0326110091693943	1	1	1	2	16
