age	diseaseAge	x1	x2	x3	x4	z1	z2	z3	z4	id
10.6435547701378	-37.4591692821948	-1.00006320590428	-0.33325201526158	-0.883829094269878	-0.178395719066115	1	2	1	2	1
23.8407249508666	-24.2619991014659	-0.572092516312271	0.479039806916391	-1.27281215141256	-0.624668644658976	1	2	1	2	1
35.5068821493709	-12.5958419029617	0.110944185181718	1.21218883385842	-1.30838077117087	-0.409741707426632	1	2	1	2	1
48.1027240523326	0	0.71759735387777	1.32264093361903	-0.977048052302711	0.322538119978105	1	2	1	2	1
59.9076379556875	11.804913903355	0.953483223698217	0.728507304603065	-0.404448660645977	1.08206830474418	1	2	1	2	1
73.2400563338578	25.1373322815252	0.704136109296841	-0.129723452493386	0.192299295224009	1.36050810967064	1	2	1	2	1
13.419985681678	-33.6481658498087	-0.34424930432502	-0.476045177801024	-0.251796086385262	-0.928004773288215	2	1	1	2	2
23.728541326673	-23.3396102048137	-0.448893101905659	0.251318016003849	-0.716888004931082	-0.460797538848725	2	1	1	2	2
38.4024550733839	-8.66569645810277	0.233742194483016	1.0884647881435	-0.997904808058201	0.104565503372844	2	1	1	2	2
47.0681515314867	0	1.12891434673877	1.38711242563576	-1.01803360269915	0.587259134488224	2	1	1	2	2
61.6246075902289	14.5564560587422	1.4829365048026	0.915989534858249	-0.771772401310393	0.832899047452095	2	1	1	2	2
72.1644085162803	25.0962569847936	0.997741034991032	0.0399315735176726	-0.326434030450495	0.762919988237859	2	1	1	2	2
12.4434779134009	-34.1157280645745	-1.35602271746633	0.0119837319778932	0.157400973194763	0.353639125741124	1	2	2	2	3
25.0687514415481	-21.4904545364272	-0.834390887384245	-0.578423297000409	1.0134817224611	1.11558753223583	1	2	2	2	3
34.7156834830753	-11.8435224949001	0.0911736830628094	-0.71363258027638	1.33308293634745	1.45753165188435	1	2	2	2	3
46.5592059779754	0	0.627691640765797	-0.320964206136163	0.862533255641955	1.16106568029982	1	2	2	2	3
61.4747055792561	14.9154996012807	0.315500119820932	0.388508280217843	-0.0246863318024544	0.415547718050856	1	2	2	2	3
73.7199289511088	27.1607229731334	-0.577930150846399	1.03341759081346	-0.624378880268155	-0.302846623487161	1	2	2	2	3
12.2810305798527	-35.4798250245002	-0.376420587993497	-1.20071799337028	-0.170714356736375	-1.22334911390408	2	2	2	1	4
22.1247168150241	-25.6361387893287	0.260394823851202	-0.745845990330075	0.659502636963189	-0.991211322717831	2	2	2	1	4
34.4405440852742	-13.3203115190787	0.725444368517905	-0.200311503725464	0.893839165200148	-0.389148329157922	2	2	2	1	4
47.7608556043528	0	0.827992794900614	0.27335538551133	0.345151919428407	0.292755956097924	2	2	2	1	4
57.6605014770705	9.89964587271763	0.525980928700708	0.534035976852821	-0.54837241514632	0.725948767158384	2	2	2	1	4
71.5763910149539	23.8155354106011	-0.0567241931236002	0.504066183704058	-1.07315707993318	0.701710641020303	2	2	2	1	4
11.8553254035151	-48.8697961991831	-0.0739129449664251	0.166101093535244	-1.11605010857779	-0.271518561383905	1	1	2	1	5
22.8357927633435	-37.8893288393547	0.407349604599315	0.653804990405711	-0.631214203850373	-0.520063463275708	1	1	2	1	5
36.2791489214713	-24.4459726812269	0.91243473474036	1.03665935299703	-0.0273837978645859	0.0111929824225309	1	1	2	1	5
47.5778238877381	-13.1472977149601	1.30877655643517	1.22028761289949	0.475135437965951	0.901304669425475	1	1	2	1	5
60.7251216026983	0	1.49235021760641	1.15942398049181	0.693000901893367	1.44498312201308	1	1	2	1	5
72.3191253734089	11.5940037707107	1.41497452236872	0.86907181300025	0.54672504769181	1.21143953839076	1	1	2	1	5
9.96628385695378	-37.3786727231302	-1.213045669231	-0.697629247380066	-0.315546288381056	-1.16488112991065	2	1	2	2	6
24.872673017441	-22.472283562643	-0.992819343871401	-0.926542112664404	0.52633029842461	-0.825510554010935	2	1	2	2	6
35.1710950747917	-12.1738615052923	-0.550660391887615	-0.7048896653929	1.3246791645298	0.0534235242650925	2	1	2	2	6
47.344956580084	0	-0.0142563102620996	-0.132542455678157	1.39401513885763	0.749974279991017	2	1	2	2	6
59.6790530457812	12.3340964656972	0.461489117543013	0.532615466954269	0.674804370679682	0.692002551737598	2	1	2	2	6
71.9076918298919	24.562735249808	0.739189228643846	0.990882075918194	-0.215418203341584	-0.072874317872445	2	1	2	2	6
12.7433945171606	-36.3592515585354	-0.384754160153112	-0.460154302365973	-0.772047521113127	-1.07169142298619	1	2	2	2	7
23.3922229854757	-25.7104230902203	-0.8545251728101	-1.17201057584973	-1.38472110696011	-0.705053023157015	1	2	2	2	7
34.7622695604745	-14.3403765152215	-0.906420944884673	-1.19225624882319	-1.42161709983546	0.134901804749042	1	2	2	2	7
49.102646075696	0	-0.516670432870143	-0.505103328535328	-0.859047470407421	0.820427544506563	1	2	2	2	7
61.2221110316842	12.1194649559882	0.136199750997382	0.353592185632604	-0.0581941477834321	0.83919222885644	1	2	2	2	7
74.2136119318344	25.1109658561384	0.753140090263419	0.714201846615455	0.466777628985965	0.177171953092527	1	2	2	2	7
12.6743414605115	-36.2604213398166	-0.299569060912854	0.481653479561534	-0.418118031591622	-1.48555194353267	1	1	2	1	8
24.0789866008524	-24.8557761994757	-0.731755223973903	-0.220888681422039	0.226746393094969	-1.28765005182686	1	1	2	1	8
35.2617817606451	-13.672981039683	-0.856487874704772	-0.513328343783815	0.881709207054904	-0.815541805637261	1	1	2	1	8
48.9347628003281	0	-0.629748706586136	-0.226165579050628	1.23223780529046	-0.230856183920066	1	1	2	1	8
60.5583955119881	11.62363271166	-0.131554252127334	0.47415820845728	1.10999793923167	0.2662363210462	1	1	2	1	8
71.3405293659532	22.4057665656251	0.462282050296855	1.18173080104696	0.573692824826884	0.505553225322863	1	1	2	1	8
11.5535642912434	NaN	-0.978111569053332	-1.11656337484906	-1.36686179522918	-0.194566875323309	1	1	2	1	9
22.7641234992743	NaN	-0.874620799284868	-0.813706625282964	-1.08762593288985	-0.536324260900912	1	1	2	1	9
35.8736917683757	NaN	-0.138375954939299	-0.127040714730404	-0.431050385272644	-0.370365739371741	1	1	2	1	9
48.3761968250035	NaN	0.678077595894426	0.564961667853267	0.258970237450899	0.2183104316729	1	1	2	1	9
60.3585116178706	NaN	0.961998546791345	0.880886506605233	0.621023796307579	0.928204525896151	1	1	2	1	9
71.4582800876371	NaN	0.500306687375317	0.64660410993497	0.465477479146394	1.3957331579596	1	1	2	1	9
10.6545149396927	NaN	-0.788283187027155	-0.404331994688611	-1.36311960222382	-0.665244926649424	2	2	1	2	10
24.5429069593027	NaN	-1.14400600677929	0.408761326755192	-1.16799694606347	0.0623143039270587	2	2	1	2	10
34.3122798418152	NaN	-0.688610424872103	0.837258424686301	-0.582088560781027	0.508974749107977	2	2	1	2	10
46.6222956967305	NaN	0.207813422203951	0.589111842293819	0.109186026235928	0.431753000031969	2	2	1	2	10
61.7274545354619	NaN	0.816761268930328	-0.166551071243122	0.569079175121634	-0.127342289901795	2	2	1	2	10
70.4592620859934	NaN	0.643354375450322	-0.914698981592682	0.573558445820694	-0.864163124397353	2	2	1	2	10
11.1696857191757	NaN	-1.0046395548459	0.00611729749691162	-0.474973172529637	-0.541777584394141	1	2	1	1	11
23.4183878087419	NaN	-0.474413387872869	-0.612032794376037	-0.72625220621719	-0.17877690833567	1	2	1	1	11
36.8404199638416	NaN	0.218947470365126	-0.789442443966339	-0.642682666631795	0.371947099273757	1	2	1	1	11
47.7580639877889	NaN	0.742089722368551	-0.430018691678462	-0.252570531712584	0.926782534895225	1	2	1	1	11
60.1319695121289	NaN	0.843497591475529	0.271558566630555	0.311948667585085	1.30074674101301	1	2	1	1	11
70.8869608718914	NaN	0.474416310009791	0.935283873019047	0.859665693052977	1.36915969861222	1	2	1	1	11
13.7834737318657	NaN	-1.09134278591851	-1.0476557569024	-0.253535208600709	-1.15555490773694	2	1	2	2	12
24.569554570303	NaN	-1.01092239816322	-0.827342770096677	-0.865508830042334	-0.925753868447587	2	1	2	2	12
35.028148558663	NaN	-0.507213074138438	-0.422807581393251	-1.03019805238536	-0.408307970183308	2	1	2	2	12
50.1150426932503	NaN	0.180807118797192	0.0674949936041576	-0.658183829306305	0.202849623551994	2	1	2	2	12
60.9071740724925	NaN	0.726716317538763	0.524236276057695	0.0485463832263224	0.678663612580857	2	1	2	2	12
72.0055990003448	NaN	0.871515295655137	0.836255654978984	0.706268983184508	0.840804025709558	2	1	2	2	12
13.3561468795476	NaN	-0.738570330794438	-0.52359246066242	-0.783005053550758	-0.403418948385855	2	2	2	2	13
24.4463478008889	NaN	-0.0390717457361684	-0.391832005132611	-0.138509643872287	-1.02410019558749	2	2	2	2	13
35.9667727425372	NaN	0.82338721350731	0.0207362331852902	0.683258913933831	-1.10900529295579	2	2	2	2	13
48.4997806663907	NaN	1.16355443457276	0.580445942315789	1.11048492430239	-0.605975295121196	2	2	2	2	13
61.2075738694002	NaN	0.711155831611165	1.10595904131165	0.845889383355891	0.175968137385208	2	2	2	2	13
72.7706450333535	NaN	-0.174362971922497	1.42701667039252	0.0735872488309827	0.756461091884883	2	2	2	2	13
11.4464835638426	NaN	-1.14727154068379	-0.520960891522914	-0.835041844890941	-0.232952949667349	1	1	2	2	14
24.7253638713143	NaN	-0.777736825403912	-0.122103631166648	-1.20598152911486	-0.843680106037021	1	1	2	2	14
36.8872983645374	NaN	0.0240079433279797	0.424397394955241	-1.2331176986171	-1.05089153884747	1	1	2	2	14
48.0451121470637	NaN	0.707788737153677	0.947942010754815	-0.906510399023691	-0.748782493335309	1	1	2	2	14
60.8416898942196	NaN	0.804380874447774	1.28509629868005	-0.345795589120164	-0.0916136347479773	1	1	2	2	14
72.5808011092103	NaN	0.247500810427214	1.33061145197753	0.243637402772982	0.585056380821585	1	1	2	2	14
11.2453961107801	NaN	-0.810210115470693	-1.36660732450801	-0.120823924379675	-0.973445190647949	1	2	1	2	15
23.4911306438901	NaN	-1.19848361840075	-0.598533897544391	0.670368434312005	-1.23075355638141	1	2	1	2	15
36.7770420997366	NaN	-1.37211328638127	0.268074805515305	0.879312677994243	-1.07293657890887	1	2	1	2	15
48.3723379680875	NaN	-1.28578547919231	0.485243242794615	0.34793878867749	-0.565726413557583	1	2	1	2	15
59.5329646587538	NaN	-0.962029913335861	-0.134468059806997	-0.5217594827541	0.0796194570721654	1	2	1	2	15
70.2785174343413	NaN	-0.485339886536085	-1.05618229372085	-1.07184000308847	0.594308817545754	1	2	1	2	15
11.9660657059155	NaN	-0.899993499538767	-1.02598265224044	-1.4019158363766	0.361041939032392	1	2	2	2	16
22.2823085157815	NaN	-0.406958797708982	-0.360945617426181	-1.15760229154899	1.02824925459858	1	2	2	2	16
35.5678236991694	NaN	0.154182597323087	0.335461785482594	-0.343266467235047	1.42121291386581	1	2	2	2	16
48.5468371775581	NaN	0.605917309570554	0.689210451733521	0.414641340003661	1.35258186984928	1	2	2	2	16
59.8458247455725	NaN	0.805342044905692	0.510307718421912	0.533079642325159	0.855076954740261	1	2	2	2	16
73.1440051531395	NaN	0.689370104792193	-0.105160662206063	-0.0790634914889305	0.165890754997206	1	2	2	2	16
