age	diseaseAge	x1	x2	x3	x4	z1	z2	z3	z4	id
12.7846076403771	-35.8853796356163	-0.596739744515651	-1.03044817634821	-0.914905428784768	-1.18780539386117	2	2	1	2	1
24.4094655724498	-24.2605217035435	-0.61890681187791	-1.40510439478092	-0.881775664697121	-1.0764926222005	2	2	1	2	1
35.8282352577504	-12.8417520182429	0.0766605732471028	-1.2171449664359	-0.0852909366921813	-0.432996179822358	2	2	1	2	1
48.6699872759933	0	0.939155964519199	-0.573277500510355	0.772330338451179	0.341664252862532	2	2	1	2	1
59.8711066759727	11.2011193999793	1.28558583519907	0.160964022956913	0.934968887064586	0.764729085149897	2	2	1	2	1
72.8023961739404	24.1324088979471	0.841619027650595	0.568738808947725	0.259234911329075	0.572549114551685	2	2	1	2	1
12.3994912182655	-34.817492663104	-1.42567281925384	-0.463252946963388	-0.645760326633959	-0.604313451907199	1	2	1	1	2
24.4627060715936	-22.754277809776	-1.07956792205415	0.128619640312144	-0.69417081613792	-0.0928068837051521	1	2	1	1	2
35.9354245208467	-11.2815593605229	-0.324981593614279	0.717988800999375	0.0264127502691201	0.82087779425327	1	2	1	1	2
47.2169838813696	0	0.365932146983743	1.07728742821227	0.907892517756697	1.37339731707052	1	2	1	1	2
58.4974437824178	11.2804599010483	0.560860008115844	1.0677832051672	1.20639091171071	1.10314598352223	1	2	1	1	2
70.9305644121552	23.7135805307856	0.137833210868585	0.693145900637003	0.670006221495632	0.235906867649459	1	2	1	1	2
12.2085316582551	-35.143308971121	-1.27054871739341	-0.594506994137658	-0.355643179346184	-0.565100992778042	1	2	2	1	3
25.0539698866893	-22.2978707426868	-0.911727852446493	-0.0533849961275033	-0.789618150239337	-1.16430818896872	1	2	2	1	3
35.235842126451	-12.1159985029251	-0.364942513995983	0.808531363295791	-0.642120570085309	-1.32333303402224	1	2	2	1	3
47.3518406293761	0	0.189139053129881	1.35092400881425	-0.000711465231917285	-0.957769517455382	1	2	2	1	3
61.6467618240594	14.2949211946833	0.567437791785951	1.17084918486742	0.753840615635836	-0.261648691467827	1	2	2	1	3
72.888349869923	25.5365092405469	0.644956624824159	0.402084564221626	1.17360049578713	0.395547670723677	1	2	2	1	3
10.2585238486735	-36.9208061481448	0.286671486370512	-0.995819521939921	-1.44311739255123	-0.562316265642433	1	1	2	2	4
24.2992497628651	-22.8800802339531	0.864501832078925	-0.803329778308559	-1.15556493516909	0.171479068883647	1	1	2	2	4
36.3826610665266	-10.7966689302917	1.24285156487862	-0.39111940102206	-0.692385820674561	1.01345357401127	1	1	2	2	4
47.1793299968182	0	1.28499148082961	0.12778128728806	-0.177082766729495	1.3002335445912	1	1	2	2	4
60.321382360556	13.1420523637378	0.975692925957614	0.611086901669825	0.252943109927236	0.805871175211726	1	1	2	2	4
73.0906948777124	25.9113648808942	0.426731174621857	0.926272419626712	0.483029116678359	-0.0801359962986071	1	1	2	2	4
11.8247539009887	-35.2843953936921	-0.88181344705593	-0.276240371678043	-0.530116330619926	-1.1013396561173	1	1	1	2	5
24.581513756149	-22.5276355385318	-1.21763793757282	-0.795917348677077	0.401808962153152	-0.567354241665492	1	1	1	2	5
36.4750415809834	-10.6341077136973	-0.919611410735593	-0.967969825863837	1.00270238588171	0.15642446992212	1	1	1	2	5
47.1091492946808	0	-0.176701543676244	-0.719991831406088	0.745391639052487	0.690840856697636	1	1	1	2	5
59.8501721705199	12.7410228758392	0.540039796556769	-0.156341570284697	-0.144380919950283	0.755937834730585	1	1	1	2	5
70.2288469296552	23.1196976349744	0.776153244867136	0.485776323209088	-0.886005237446414	0.317613979375758	1	1	1	2	5
8.97812352492043	-39.2201902134172	-0.781912081242796	-0.91176976872042	-0.547169349127796	-1.04675098352855	1	2	1	2	6
24.5778294495094	-23.6204842888283	-0.214950689960613	-0.62835761953647	-1.00936150966149	-0.525769196107096	1	2	1	2	6
35.2441271300463	-12.9541866082914	0.530811446372502	0.124681126110416	-0.91374827969063	0.0386852078987683	1	2	1	2	6
48.1983137383377	0	1.03928186285348	0.852584847197986	-0.315573482978959	0.462311727797008	1	2	1	2	6
59.5322118640933	11.3338981257557	1.02676325357704	1.0771061400232	0.439546870434756	0.606791698395917	1	2	1	2	6
73.4641015514084	25.2657878130707	0.500240283944155	0.650729993659512	0.91531609088622	0.424950838243575	1	2	1	2	6
10.070176175775	-39.00307842379	-0.696899037341799	-0.562041776375974	-0.957231101801242	-0.4951068101795	2	1	2	2	7
23.3832333588243	-25.6900212407407	-1.09694078256645	-0.809374915108895	-0.772331626302104	-0.414272601705632	2	1	2	2	7
36.9908684988102	-12.0823861007549	-0.749704624836929	-0.717601130837395	-0.367638235489462	0.292517157158095	2	1	2	2	7
49.0732545995651	0	0.0851786298327172	-0.318146620556136	0.147057154264501	1.11079991102455	2	1	2	2	7
59.6842558060562	10.6110012064912	0.783461167635149	0.252202972316636	0.632119464967673	1.44495888516834	2	1	2	2	7
71.2789223871011	22.2056677875361	0.823032447719373	0.79814221493074	0.955952970420817	1.05176435308645	2	1	2	2	7
13.5148328859397	-33.2165080496907	-0.942297147085707	-0.0143816981083492	-1.23290417707122	-1.075456472532	2	2	1	1	8
24.7316971822222	-21.9996437534082	-0.518390739027264	0.562861378176681	-0.794589367279763	-0.190263334786254	2	2	1	1	8
35.8421675982048	-10.8891733374256	0.108891450627619	1.07610034722585	-0.240663149902815	0.545438889947182	2	2	1	1	8
46.7313409356304	0	0.683076381277937	1.35248502934366	0.257193828914452	0.496338370181833	2	2	1	1	8
60.7020986223141	13.9707576866837	0.969400564561003	1.2989337513718	0.544678694294628	-0.295164395496935	2	2	1	1	8
71.6613721005492	24.9300311649187	0.850796379085224	0.9334816754444	0.532690071547156	-1.14557130855858	2	2	1	1	8
12.9420168399014	NaN	-0.0588744328786197	-0.268306453884038	-1.11025702821541	-0.144343388295993	2	1	2	1	9
24.8222268103979	NaN	-0.465821532099206	-0.558073733167017	-0.459894109783754	0.659150169318491	2	1	2	1	9
36.4260615880898	NaN	-0.43222059827558	-0.0783554802301784	0.308142919453001	1.34630445697193	2	1	2	1	9
48.2503018327436	NaN	0.0264491191865108	0.799018662283378	0.71985086635144	1.44221374764791	2	1	2	1	9
57.9686556746528	NaN	0.698888047819049	1.39399595116885	0.52113927167119	0.880593260425324	2	1	2	1	9
72.9947108938576	NaN	1.27531759810211	1.24540945906279	-0.165354639027595	0.0495898650596793	2	1	2	1	9
11.2108746807671	NaN	-1.29085239064704	-0.399312955871815	-0.693712508906187	-0.520117371146619	2	2	1	2	10
22.9684232370703	NaN	-1.2497196739287	0.500224113786344	0.0902165043522497	-0.37643491029279	2	2	1	2	10
35.5745205813258	NaN	-0.491035496470831	1.19518260100623	0.84677080153266	0.0742763870872337	2	2	1	2	10
47.6820963140425	NaN	0.359025900184266	1.08933135955653	1.02682697576456	0.67004817746351	2	2	1	2	10
61.404731844615	NaN	0.59887277848589	0.273484169224338	0.499696376952668	1.19678294304573	2	2	1	2	10
70.6644458370705	NaN	0.0305493334111421	-0.552412837398606	-0.352018250639909	1.46519242335115	2	2	1	2	10
12.43853971718	NaN	0.0545530941434306	-0.952840604792762	-0.499658540345431	-0.691417298063653	1	2	2	1	11
25.6017452818817	NaN	0.726026465381404	-0.169472270716829	0.25158660043687	-0.479169342767787	1	2	2	1	11
35.6992770794113	NaN	1.22163461767387	0.483731826251713	0.509518071941533	0.324755837327874	1	2	2	1	11
46.3404022951161	NaN	1.31720746582784	0.588202552344033	0.101489166549913	1.09899036607957	1	2	2	1	11
57.0837674569118	NaN	0.969516153712279	0.0769957142710786	-0.699385529455992	1.24511479267427	1	2	2	1	11
72.1345709542333	NaN	0.335826034403583	-0.722310516945355	-1.35703967770382	0.650186984120109	1	2	2	1	11
12.0967094317018	NaN	-0.771918402906682	-0.897027376354682	-1.12386728107538	-0.0151993169567033	1	1	2	1	12
23.177327476661	NaN	-0.43628553541157	-0.286927874303798	-0.609109475752677	0.870121034566292	1	1	2	1	12
35.8343189390713	NaN	0.224980485967038	0.284137099379771	0.159062626747971	1.36644202790534	1	1	2	1	12
48.4248084353727	NaN	0.883203069745545	0.593215086881875	0.726309786721189	1.08343869828234	1	1	2	1	12
60.9678934441846	NaN	1.21121833893717	0.51963733745537	0.757130828651369	0.243675205081384	1	1	2	1	12
69.9786099343134	NaN	1.04598912370865	0.0921297243914498	0.23329649282978	-0.492427755606421	1	1	2	1	12
13.0237669748508	NaN	-0.447802904906093	-1.01588950232342	0.0333895579444702	-0.659556042150976	1	1	2	1	13
22.9231526342548	NaN	0.366003993596071	-0.610395334232103	0.546732055969768	-0.504447281279915	1	1	2	1	13
36.7559732891789	NaN	1.09712637700757	0.209216860855471	0.969372725253397	-0.134757019150489	1	1	2	1	13
48.8966901379825	NaN	1.20324540713068	0.869350471050877	1.18907120474061	0.355438141467533	1	1	2	1	13
61.1158986277228	NaN	0.605646014596988	0.90801822423782	1.14748233635038	0.841396220248519	1	1	2	1	13
72.1346145512675	NaN	-0.252395249882116	0.298158917141991	0.855650844226008	1.19945346452312	1	1	2	1	13
12.2838674395938	NaN	-0.0597611843480768	-0.799100285952616	-0.153078151169482	-0.81972964486621	2	1	1	2	14
26.3880573031748	NaN	-0.477766179342327	-0.228221384634235	0.699387066984932	-0.399739265557431	2	1	1	2	14
34.5135419014609	NaN	-0.497563783273006	0.522555231700363	1.3286283837881	0.418746984197803	2	1	1	2	14
48.9130315644606	NaN	-0.110721736673247	1.02840901982371	1.26844605470438	1.06854663595776	2	1	1	2	14
59.3443177675353	NaN	0.517994945405365	1.00310692933342	0.563428675070993	1.09937115941663	2	1	1	2	14
73.7143968293286	NaN	1.12080122124774	0.46096593227285	-0.264082145460458	0.489860233238335	2	1	1	2	14
11.8890714840796	NaN	0.156423286117988	-0.577203158560075	-0.99297220962639	-0.098910703698606	1	2	1	2	15
22.8494704738338	NaN	0.67516260052172	0.195425121681765	-0.573332693136397	0.506095170452678	1	2	1	2	15
33.7322366154185	NaN	1.12982040716944	1.02262216713426	-0.0470718235222637	0.917884592145752	1	2	1	2	15
46.9875696299212	NaN	1.39799282839146	1.23874004204424	0.437912201470026	0.97863317289625	1	2	1	2	15
60.0121341117895	NaN	1.40748195234793	0.669868046290076	0.745321459320513	0.665058120327376	1	2	1	2	15
72.0890221798913	NaN	1.15573309824161	-0.226220824246216	0.788762912219159	0.0973417128283063	1	2	1	2	15
12.0177178203335	NaN	-0.8433024368032	-0.0609247546619388	-0.847487538321107	-0.461154245997919	2	1	1	2	16
21.8391329759627	NaN	-0.427193289670829	0.777183155436057	-1.26004500849254	0.416298354497132	2	1	1	2	16
36.5046444469608	NaN	0.184838711795342	1.05532760212201	-0.904560789999028	0.842711601378477	2	1	1	2	16
48.2520672586293	NaN	0.753450973876524	0.55476367722098	-0.0542408079049114	0.482272038312608	2	1	1	2	16
59.5173604999035	NaN	1.05628072256613	-0.33084334536785	0.63740503433129	-0.381163169479317	2	1	1	2	16
71.2950653732827	NaN	0.974902683805059	-0.905013528175166	0.638815186816193	-1.0676124229985	2	1	1	2	16
