age	diseaseAge	x1	x2	x3	x4	z1	z2	z3	z4	id
13.3173451493975	-34.6567579437552	-0.476783106833692	-0.609108999714743	-0.153893246128648	-0.550299314748609	2	2	2	1	1
23.9494480522259	-24.0246550409268	0.0593771081979759	-1.09922733420162	0.645463646456618	0.317108256167475	2	2	2	1	1
37.206644869573	-10.7674582235797	0.853541024114144	-1.33758179698779	0.911474846101704	0.816000932557796	2	2	2	1	1
47.9741030931527	0	1.40474777879312	-1.24447920267294	0.448688362097699	0.569644396490112	2	2	2	1	1
59.7584653871133	11.7843622939606	1.36529458003145	-0.851048157884578	-0.402862981026044	-0.235927429358798	2	2	2	1	1
72.4036362531941	24.4295331600414	0.760068618079159	-0.288831293828618	-1.01750099593589	-0.99239422537137	2	2	2	1	1
11.0198856680538	-36.8811415206537	-1.32157651701395	-0.149706393026978	-1.0463432982231	-0.414533916656419	1	1	2	1	2
25.0089803806595	-22.892046808048	-1.31703988811981	0.413067972947175	-0.90843557281054	-0.952104926273264	1	1	2	1	2
35.7340361313447	-12.1669910573628	-0.844459017262475	0.861572262740181	-0.415737862041748	-0.958618767791468	1	1	2	1	2
47.9010271887075	0	-0.140932359660072	1.05283542048929	0.227500543594079	-0.430323190393445	1	1	2	1	2
59.5253351150428	11.6243079263353	0.440573864493818	0.925887916508059	0.754623264140316	0.328460998194937	1	1	2	1	2
73.8382225468067	25.9371953580992	0.608312282529434	0.521197186886592	0.947110019678655	0.880641709680727	1	1	2	1	2
12.3383148368152	-35.5522055674598	-0.958879818723923	-0.848205839535285	-0.83959213067202	-0.073573181225343	2	2	1	2	3
22.7234205916841	-25.1670998125909	-0.67572893488891	-0.584308920973937	0.0175940491242074	-0.772806222265401	2	2	1	2	3
34.9431214277639	-12.9473989765111	-0.112989616776416	0.0472522365147066	0.690728950090401	-0.755121503762193	2	2	1	2	3
47.890520404275	0	0.506518310948578	0.730931331819023	0.662279146630541	-0.0345427776530986	2	2	1	2	3
59.0464072463001	11.1558868420251	0.937497170673548	1.12514242807035	-0.0458819979503628	0.817520391104822	2	2	1	2	3
72.7346486013899	24.8441281971149	1.00929843853076	1.03292620976249	-0.889291460708624	1.12539298334345	2	2	1	2	3
10.5833710355113	-37.532246507828	-0.850304122094191	-1.02142545607067	0.187251824827986	-0.557347117302783	1	1	2	1	4
23.4926339234671	-24.6229836198723	-0.444273939534167	-0.552376732493256	1.04438338057709	-0.984847414722566	1	1	2	1	4
35.2688748528074	-12.846742690532	0.30540535462597	-0.0339416062269708	1.48747641174485	-0.75313593101582	1	1	2	1	4
48.1156175433394	0	0.955288800918713	0.393654423100623	1.18469470070754	-0.0162970769779623	1	1	2	1	4
58.4561219069848	10.3405043636454	1.1209619694074	0.614755868788517	0.362794099371606	0.735683157662146	1	1	2	1	4
73.9530058679129	25.8373883245735	0.704427046816925	0.569559567202238	-0.36269689683344	1.00275000854521	1	1	2	1	4
11.6337417673901	-36.7831179348434	-0.45989529293937	0.0904613488184354	-1.17476623995785	-0.0598295965729017	1	1	2	1	5
22.6400898176645	-25.7767698845691	0.1371501494065	0.843798637483324	-0.796927338416614	0.657629601889509	1	1	2	1	5
36.7467845817379	-11.6700751204956	0.954534439070733	1.11459254703173	-0.0293415798832959	1.14118372538135	1	1	2	1	5
48.4168597022335	0	1.4417481235452	0.722832483316575	0.644150243694523	1.13951548891218	1	1	2	1	5
59.5664416587387	11.1495819565052	1.27065211074545	-0.0710585554120446	0.799018607547178	0.65349192398848	1	1	2	1	5
73.9974635951544	25.5806038929208	0.556479802541015	-0.739340496240766	0.337643628839335	-0.0642862431340118	1	1	2	1	5
11.206775817423	-25.5734902383116	-0.474951665072692	-0.509651834274296	-0.743636140951896	-0.832618731583638	2	2	2	2	6
24.0795022634098	-12.7007637923248	-0.510969273800235	-0.609580170874208	-1.0817961948979	-1.00217338328199	2	2	2	2	6
36.7802660557347	0	-0.0562763455305675	-0.424378856322332	-1.14642277226058	-0.827039711132388	2	2	2	2	6
48.2725387128337	11.492272657099	0.654271341609953	-0.00703589229740836	-0.918366305458231	-0.36758499268625	2	2	2	2	6
59.3820405532079	22.6017744974732	1.25366515479671	0.523042605040581	-0.465202440636725	0.217820139097562	2	2	2	2	6
72.4865529223206	35.7062868665859	1.43230911914661	1.01419572348498	0.078791371515291	0.727390878152593	2	2	2	2	6
13.7880649553163	-33.8645896588945	-0.573925395175203	-1.0164646055436	-1.01459671593238	-0.573432405466049	2	1	2	2	7
23.5286777020273	-24.1239769121835	-0.0180350715068762	-1.14066306105617	-0.288404884548444	-0.358522083683318	2	1	2	2	7
35.3132580753846	-12.3393965388262	0.69681569567056	-0.803259932944475	0.605881974704063	0.373734824849929	2	1	2	2	7
47.6526546142108	0	1.20439615091897	-0.162187383064029	0.888559647163646	1.13326668770131	2	1	2	2	7
60.0312986191161	12.3786440049053	1.24466380410401	0.482480388694168	0.313169213830125	1.41174778533944	2	1	2	2	7
72.0795909998347	24.4269363856238	0.796988820688467	0.828986325594598	-0.618622168606931	1.02280133588534	2	1	2	2	7
12.3985284104772	-36.1805386045957	-0.901257734868377	-0.434609834100061	0.406254894679516	-1.01014756739098	2	1	1	2	8
23.8769864506042	-24.7020805644687	-0.147560626591439	-0.603306667177031	-0.185847334328889	-0.478529967424119	2	1	1	2	8
34.7911271309633	-13.7879398841096	0.730724976187191	-0.338873310156547	-0.542110228334758	0.0480700093240362	2	1	1	2	8
48.5790670150729	0	0.97094745697392	0.243815793901396	-0.52310826879488	0.410101779003434	2	1	1	2	8
59.7521091430113	11.1730421279384	0.364511726983856	0.89163037784749	-0.136277981114401	0.497876046560728	2	1	1	2	8
72.808169040917	24.2291020258441	-0.561989055118909	1.32314853494709	0.46699239204793	0.284798743909823	2	1	1	2	8
11.5052944430125	NaN	-0.148501316506698	-0.808002866103473	-1.45046756405985	-0.651547767926468	2	2	2	2	9
22.6940532493988	NaN	-0.739845778095216	-1.11565757413352	-1.28296118948556	-0.592225165360413	2	2	2	2	9
36.0681132454558	NaN	-0.696042566210143	-1.19753841413719	-0.66363370933507	-0.287706094651806	2	2	2	2	9
49.1700866812151	NaN	-0.0469623790583227	-1.03342966006546	0.0666483508624974	0.181753340472211	2	2	2	2	9
60.4958901917692	NaN	0.764767917701999	-0.663848453833452	0.505951092654402	0.692426947647644	2	2	2	2	9
73.1867787939566	NaN	1.18560556598504	-0.180041446278079	0.412490316163641	1.10972652557461	2	2	2	2	9
10.2947858690326	NaN	-0.481871924234661	-0.428953479175332	-0.358125876567795	-0.600392305561113	1	1	2	2	10
24.7287813168201	NaN	0.199061968843441	0.052321667559935	0.436553978189363	-1.06399284059402	1	1	2	2	10
35.8585482746899	NaN	0.973638822130351	0.532464782684547	0.654562052905116	-1.32489630202824	1	1	2	2	10
47.9112132143543	NaN	1.34221527607134	0.893242859269107	0.131082064581824	-1.30866421537206	1	1	2	2	10
59.5852732139284	NaN	1.06703987073268	1.04581597545464	-0.738129884573814	-1.01992776398296	1	1	2	2	10
72.3260216829611	NaN	0.325615410912628	0.952613711641299	-1.29594087513322	-0.541066464228435	1	1	2	2	10
11.3580015016264	NaN	-0.296516604310559	0.254157741188057	-1.2031690596009	-0.837336665736729	1	1	2	1	11
23.7270012906779	NaN	-0.462999580165824	1.11409244367297	-1.43925865496913	-0.771993606278594	1	1	2	1	11
33.1127967358709	NaN	0.205828733616622	1.35031437465614	-1.40087597354191	-0.20623684650654	1	1	2	1	11
47.7338754282003	NaN	1.12361623951714	0.763842404667383	-1.09875956834073	0.542163275614085	1	1	2	1	11
58.7749929320396	NaN	1.48575192141609	-0.151309830449792	-0.617434358294593	1.05285056348142	1	1	2	1	11
71.5709487195243	NaN	0.974756671009414	-0.6242654496925	-0.0915635846483493	1.03898571865633	1	1	2	1	11
9.85252623970769	NaN	-0.314963606959694	-1.03842095421073	-0.634265398261992	-0.499200202827173	1	2	2	2	12
24.9755368194871	NaN	0.2167755250677	-1.40967232621054	-1.0227178223553	-0.475567023284732	1	2	2	2	12
36.9228827786817	NaN	0.790472143252215	-1.44175070850152	-1.22336215406107	-0.178504969875899	1	2	2	2	12
49.1674714286919	NaN	1.21165652201044	-1.1230351110922	-1.18813685264703	0.306541632091368	1	2	2	2	12
61.9543856610861	NaN	1.33755701521288	-0.568986180782604	-0.925479645928974	0.840058229437256	1	2	2	2	12
69.8335430588474	NaN	1.12549630249921	0.0196815633626592	-0.498306390696807	1.26858878434842	1	2	2	2	12
11.4786102140518	NaN	-1.25453857292005	-0.824878522948134	-0.554424426772122	-0.195529260287797	2	2	1	2	13
24.5321193813638	NaN	-0.948101020478128	-0.0379462619949298	-0.0473151154723449	0.675317198797412	2	2	1	2	13
35.3580673784676	NaN	-0.132553547226122	0.757463050673056	0.34645409508554	0.99043943320299	2	2	1	2	13
48.0187327967319	NaN	0.590756135576037	0.943371020294764	0.522265918782012	0.491694025828219	2	2	1	2	13
59.9552154737272	NaN	0.688492279181785	0.37533992554813	0.433410365679587	-0.41235425173637	2	2	1	2	13
71.9103649835996	NaN	0.0885886848812797	-0.505309094229847	0.103494733080804	-0.981122583953307	2	2	1	2	13
10.5051724956291	NaN	0.313856356542977	-0.504326157283254	-0.559373017398185	-0.366954037998606	2	2	1	1	14
25.3962368039051	NaN	-0.34400576903401	-0.00594830211805214	-0.0444367443628259	-0.782470501188671	2	2	1	1	14
36.6965981008322	NaN	-0.600661021384181	0.672679118640358	0.830751012233136	-0.44491370270945	2	2	1	1	14
47.0332512480659	NaN	-0.317549448404345	1.21810511322583	1.39497943224442	0.391195145385292	2	2	1	1	14
58.5542734162044	NaN	0.352486077481349	1.37840305193222	1.21552283173543	1.09542158470306	2	2	1	1	14
71.191912456678	NaN	1.04771483179315	1.07953297361348	0.430012491651667	1.13677181596921	2	2	1	1	14
9.88603420564883	NaN	-0.87678819670785	-1.18830552977342	-0.512134922926067	-1.45836713209944	1	1	1	1	15
23.7602068351296	NaN	-0.365320963522434	-1.1433384203309	-0.665997862943125	-1.34977568758906	1	1	1	1	15
36.894865216979	NaN	0.281615425659108	-0.817983635316752	-0.520772583239177	-0.763817340362068	1	1	1	1	15
49.6828045840689	NaN	0.793260810468437	-0.309694413790093	-0.119895718055181	-0.0241922713541869	1	1	1	1	15
58.0332170276542	NaN	0.955477929871343	0.229281810683701	0.416731143821055	0.460509438253082	1	1	1	1	15
73.1966909020319	NaN	0.700374586120861	0.637505952927053	0.928603820399268	0.42252467553159	1	1	1	1	15
12.1277581134984	NaN	0.103740700602959	-0.293768122611982	0.251558023980876	-0.88309959572718	2	2	2	2	16
24.8874738434517	NaN	-0.613090721114224	0.143571610069539	0.952746307670797	-1.38129456793517	2	2	2	2	16
36.568262970732	NaN	-0.740616127801834	0.634977442685092	1.28887325836502	-1.47333636048522	2	2	2	2	16
49.3684823580301	NaN	-0.188619797957474	1.06172411958561	1.07402161286762	-1.11704196731237	2	2	2	2	16
58.566985049125	NaN	0.652397673619167	1.32070824852452	0.427029297865285	-0.475702086388913	2	2	2	2	16
71.7624430985896	NaN	1.18747250704171	1.34935841728708	-0.294241753031511	0.156755455184466	2	2	2	2	16
