age	diseaseAge	x1	x2	x3	x4	z1	z2	z3	z4	id
10.9599125618064	-35.3415327672261	-0.917782122033967	-0.540412147106989	0.147313450350146	-1.21540670999585	2	1	2	2	1
24.5280905203136	-21.7733548087189	-0.730515133209657	-0.934524074196079	0.76973270455725	-0.606351877017544	2	1	2	2	1
38.8097936400058	-7.49165168902667	-0.228031296531574	-0.82305853197267	1.20112512866461	0.316566110931543	2	1	2	2	1
46.3014453290325	0	0.394766868583436	-0.263662883408312	1.26904489616401	0.757595262921442	2	1	2	2	1
59.8892985366521	13.5878532076197	0.896309539170359	0.454356567914307	0.946341598777165	0.336474461131705	2	1	2	2	1
71.4317975920138	25.1303522629813	1.08205925360917	0.959657009630215	0.362013414786744	-0.58370041720714	2	1	2	2	1
11.1479680576096	-37.1175043945154	-1.00031743740335	-1.16446890804042	-0.985415096052098	-0.197338098490697	1	2	2	2	2
23.4603421165205	-24.8051303356045	-0.193273946197293	-0.801895198390819	-0.87000876674675	-0.508641096892842	1	2	2	2	2
36.4074487775141	-11.8580236746109	0.56126058369982	-0.0472770244500512	-0.282971977870051	-0.49416476496535	1	2	2	2	2
48.265472452125	0	0.693491889739758	0.633176922083509	0.453707745338753	-0.15880255517497	1	2	2	2	2
61.6753425846033	13.4098701324783	0.103564184645176	0.819077157985848	0.935964277102731	0.384082628051057	1	2	2	2	2
71.5386597016535	23.2731872495285	-0.763032751643736	0.395573141937707	0.899281678837733	0.950978631749867	1	2	2	2	2
11.5183171361182	-36.1600795446962	0.359839381500438	-1.3580073413074	-0.56287828788748	-0.747626352633428	1	1	2	2	3
23.989874888164	-23.6885217926504	0.963745150763478	-0.915570218793519	0.29264526077272	-0.836617828320671	1	1	2	2	3
35.4536998821919	-12.2246967986225	1.37865079525134	-0.156530483033799	0.929016960663865	-0.549204762282053	1	1	2	2	3
47.6783966808144	0	1.44663043437528	0.469175037167379	0.869770292388441	0.00485419403349133	1	1	2	2	3
60.3890562456785	12.7106595648641	1.14180892154865	0.590646184332841	0.159264635573039	0.613972404337728	1	1	2	2	3
71.9501939666276	24.2717972858132	0.58021072275565	0.135878371387635	-0.670527646188883	1.04553694585213	1	1	2	2	3
11.8434052732148	-34.7145577034664	-0.301167960453131	-1.16910713116017	-0.523258713594728	-0.28095423409243	2	1	1	1	4
23.3982392558536	-23.1597237208275	-1.03312553546547	-0.523875800656967	-0.429931616915629	-0.833320850605194	2	1	1	1	4
35.3147875238569	-11.2431754528243	-1.03599153682648	0.174886966763914	0.134028917341582	-1.16781935651415	2	1	1	1	4
46.5579629766811	0	-0.307419038507655	0.560117492305104	0.865703109052447	-1.16709653776518	2	1	1	1	4
59.6483513115176	13.0903883348365	0.555974741083127	0.429452197821027	1.37208724286352	-0.831405983243941	2	1	1	1	4
74.3315231412981	27.773560164617	0.847169434914804	-0.148469764860729	1.38118751574284	-0.278519117350765	2	1	1	1	4
12.6613481047459	-36.0116760385973	-1.09541479666417	-0.627051946674583	-0.566612398078679	-0.677894259697314	1	2	1	2	5
24.3783734024352	-24.294650740908	-0.981619616525835	-0.266006509316814	-1.16051930901976	-0.644401640810722	1	2	1	2	5
38.358537259097	-10.3144868842462	-0.59418934790883	0.329844321412142	-1.11723616335338	-0.229935544868353	1	2	1	2	5
48.6730241433432	0	-0.0531436051420695	0.925801601939952	-0.466392514619297	0.395595798754812	1	2	1	2	5
61.1570753289093	12.4840511855661	0.47391041470911	1.28712445931524	0.346475472024461	0.975759055573571	1	2	1	2	5
72.426135869377	23.7531117260338	0.823699923437304	1.27149188206812	0.764917585757823	1.27271930331191	1	2	1	2	5
12.7754205630047	-35.3208916908243	0.016130332186262	-0.359468509676046	-0.839978420386872	-0.230417429424165	2	1	1	2	6
23.2472953377468	-24.8490169160822	0.582911632991733	0.239803729291732	-0.405576399616634	0.278903600789914	2	1	1	2	6
35.6868515377629	-12.4094607160661	1.02866655784147	0.723196754511605	0.112426873816898	0.701794308425398	2	1	1	2	6
48.096312253829	0	1.20892603401715	0.917011350027325	0.574637925969917	0.927863443967846	2	1	1	2	6
57.4106449106811	9.31433265685209	1.06526800509263	0.751603475636523	0.856676839650452	0.898097995547788	2	1	1	2	6
72.432179425236	24.335867171407	0.644252006521778	0.286409690403333	0.882647600332039	0.62026792591002	2	1	1	2	6
12.9578050484734	-36.2337518834305	-0.349069677597019	-1.22450867479758	-0.284567879343662	-0.864793094732389	2	2	2	2	7
23.1940652635716	-25.9974916683323	-0.682636136996729	-0.863915164631996	-0.750737794568276	-0.00514436898686821	2	2	2	2	7
36.2282960136666	-12.9632609182373	-0.354330606985226	-0.355228489979325	-0.570357024904607	0.592093038409275	2	2	2	2	7
49.1915569319039	0	0.418549317110403	0.158512992747503	0.137723523954757	0.482295223728231	2	2	2	2	7
59.2951411094498	10.1035841775459	1.12445285825427	0.532849558196805	0.906957364309637	-0.252796896637791	2	2	2	2	7
73.1570692426041	23.9655123107001	1.29615930889978	0.662520955343355	1.23050477712551	-1.06593105062891	2	2	2	2	7
11.0438074209906	-36.359317066136	-1.01516528392921	0.1228865302249	-0.0751853892931478	-0.437229375574159	1	2	2	2	8
25.8937282932097	-21.5093961939169	-0.854133594306749	0.620518469722748	0.752751634627887	0.225326744546992	1	2	2	2	8
34.4056603566398	-12.9974641304867	-0.168129453797582	1.05709231009483	1.06408465043739	0.857369458716728	1	2	2	2	8
47.4031244871266	0	0.602031756752862	1.32449539032927	0.624112735928665	1.15692062389032	1	2	2	2	8
58.9915155617176	11.588391074591	0.961456657999693	1.35650830858955	-0.235487708270651	0.980860317034039	1	2	2	2	8
71.0843083708028	23.6811838836763	0.679184508786372	1.14520342134822	-0.866699906752752	0.413306847458957	1	2	2	2	8
12.6744635143135	NaN	-0.962915454243764	-0.305351414529126	-0.760683427434503	-0.808120051802211	1	1	2	2	9
23.0614382005096	NaN	-0.997923130093927	0.45474730513334	-1.14891658654872	0.076129887728459	1	1	2	2	9
35.0405180691915	NaN	-0.699135494646421	0.968654739704103	-0.899690814466475	0.792619835510894	1	1	2	2	9
49.3441413183801	NaN	-0.169169752266836	0.93875426312636	-0.172595632230996	0.735487963625066	1	1	2	2	9
59.2288480188681	NaN	0.409959862047867	0.382361987909731	0.566779984682486	-0.0469551822746545	1	1	2	2	9
70.3313124519948	NaN	0.839354013332608	-0.378301427954425	0.844983392960171	-0.893077940661804	1	1	2	2	9
10.9193924751019	NaN	-0.900578116024971	-0.99194902970423	-0.486168490626725	-1.04908494024156	2	1	2	1	10
24.6076502063871	NaN	-1.22685137486218	-1.23263115580754	0.28055171127465	-0.950946099366955	2	1	2	1	10
35.7375677568777	NaN	-0.734607971412797	-1.11839272745638	1.10798079931497	-0.463310070626315	2	1	2	1	10
47.202534438941	NaN	0.171103116549004	-0.690030773029376	1.33552199100231	0.198936462738953	2	1	2	1	10
59.7612707974293	NaN	0.745005572942772	-0.100522666807058	0.781512614228975	0.743961165430525	2	1	2	1	10
73.2101958843516	NaN	0.514856191104009	0.439605419885212	-0.111741377471781	0.931587873786968	2	1	2	1	10
13.1924737541692	NaN	-1.19990902124306	-0.202063220726461	0.171754084142491	-1.22868709679481	1	2	2	1	11
22.5551257871844	NaN	-1.30065947147187	-0.577143977569979	0.821692277838171	-0.44968468934757	1	2	2	1	11
36.4371234446736	NaN	-0.705884732944052	-0.729500666043914	1.22898102116561	0.345134736252418	1	2	2	1	11
47.9352073312839	NaN	0.147915671890186	-0.619058257298386	1.2117961336336	0.54670537557692	1	2	2	1	11
59.6691190183133	NaN	0.634145748217083	-0.274866888620177	0.777809391453831	0.000564743645005583	1	2	2	1	11
72.8034187633051	NaN	0.395965868578775	0.21253931793923	0.120763649133421	-0.874782562643903	1	2	2	1	11
13.331514264965	NaN	-0.287849725476592	0.137931977969485	-0.319971385346703	-0.931737392684816	1	1	2	2	12
23.5115797349426	NaN	-0.800177975132396	-0.481803763331174	0.501200485352398	-0.757930029821354	1	1	2	2	12
35.4580185609723	NaN	-1.10896265912739	-0.751501074757427	1.15154552089616	-0.0782978681435574	1	1	2	2	12
47.1104836227853	NaN	-1.11705194141487	-0.541704110408708	1.17743952863431	0.682310369299363	1	1	2	2	12
61.6905167023706	NaN	-0.821900719639508	0.0468837028120386	0.56082109852645	1.04842654453613	1	1	2	2	12
71.1132365183505	NaN	-0.316371381714833	0.731737734442964	-0.268210326449312	0.791185694565266	1	1	2	2	12
11.5048682585873	NaN	-0.350919855277896	-0.882142942193301	-0.929081484894997	-0.957011439954859	1	1	2	2	13
24.8010101807268	NaN	-1.06557111590513	-0.714968059051546	-0.549598346424478	-0.64904246815481	1	1	2	2	13
34.5539693174172	NaN	-1.22481746875141	-0.0222470022862748	0.252451709647253	-0.0316950764614318	1	1	2	2	13
46.8530014463322	NaN	-0.720005263608638	0.747648596730612	0.929710686472587	0.615512989087317	1	1	2	2	13
59.2402906996195	NaN	0.104432564149709	1.09639500098267	1.01998409370038	0.999543899006884	1	1	2	2	13
72.1039959913345	NaN	0.685982790487301	0.798262109323916	0.461664964315612	0.94651912753695	1	1	2	2	13
12.9547859091391	NaN	-0.545736111802459	-0.0148319933958472	-0.538462536249857	0.284573749506076	2	2	1	2	14
24.2525848146498	NaN	0.205486141134593	-0.518718310330465	-1.127201648844	1.08489244931215	2	2	1	2	14
36.8649058117545	NaN	0.970149406607647	-0.747420183250746	-1.3481402157748	1.43097654755882	2	2	1	2	14
46.7478321565217	NaN	1.21628756904908	-0.618931482132804	-1.09693471178244	1.08242251310507	2	2	1	2	14
60.8914060625818	NaN	0.772665565812179	-0.179324681136706	-0.492222947437321	0.281349591246032	2	2	1	2	14
71.7640978155596	NaN	-0.0520946455721634	0.413769449068536	0.180405475886837	-0.415785680165139	2	2	1	2	14
12.6724862550487	NaN	-0.784381577479678	-0.528868087406194	-0.614854736774157	-0.232499690453885	2	2	2	2	15
24.2286320726283	NaN	-0.413578771079076	-1.09443035205077	-0.1593852813448	0.376416128633732	2	2	2	2	15
36.9131783463855	NaN	0.433939234177959	-1.37674838888544	0.653413914876874	0.98347133441859	2	2	2	2	15
45.4571329021702	NaN	1.1159914355031	-1.26284363363623	1.27638979319262	1.33849043243854	2	2	2	2	15
60.0715189996541	NaN	1.11577351265289	-0.798298706019246	1.29017289691473	1.29516534800075	2	2	2	2	15
72.0658763875528	NaN	0.43345059004191	-0.169016071039433	0.685484836749807	0.87135092250769	2	2	2	2	15
11.7377491088962	NaN	0.0542804260792096	-0.616709208616492	-0.549158935513152	-0.946418148983822	1	1	1	1	16
23.4249097391329	NaN	-0.384278840632302	0.3077192731307	0.230669388025046	-0.105159928158485	1	1	1	1	16
36.1054756965991	NaN	-0.56404512557208	0.947691767202226	0.604037766416112	0.634783957018492	1	1	1	1	16
47.4122155764005	NaN	-0.428242625979818	0.742763246266199	0.327921336329186	0.687067509639435	1	1	1	1	16
59.4695244206986	NaN	-0.0197620092228135	-0.127603622795579	-0.417956172083639	0.0102602207190983	1	1	1	1	16
71.9180838442609	NaN	0.532385798450039	-0.901199857192701	-1.14810431551083	-0.859322585721074	1	1	1	1	16
