age	diseaseAge	x1	x2	x3	x4	z1	z2	z3	z4	id
10.9208564385261	-37.9167909325928	-1.12286278714082	-1.01416729883809	-0.755524909249556	-0.777690023823492	2	2	1	1	1
21.7961890220329	-27.0414583490859	-1.24362926354324	-0.649936517859847	0.164181275264894	-0.797333713593842	2	2	1	1	1
37.6191165047085	-11.2185308664104	-1.1151002503316	0.241773138633051	0.633812133951904	-0.205541593424974	2	2	1	1	1
48.8376473711188	0	-0.769318483244959	0.918824106282011	0.253707588370961	0.605659422171916	2	2	1	1	1
58.53639177141	9.69874440029114	-0.292488574839583	0.817731452049716	-0.652659979515663	1.09889713719319	2	2	1	1	1
74.4374746598432	25.5998272887244	0.196514099078437	0.0226309208394732	-1.31396362945909	0.947431040992697	2	2	1	1	1
10.770731041776	-35.7943082875474	-0.475504408984398	-0.506414019179473	-1.31651238827893	-1.25952078776438	2	1	2	1	2
23.8266303277085	-22.738409001615	-0.393994196541992	-0.919611163630775	-1.24364332479095	-1.38849240774929	2	1	2	1	2
34.6324376364504	-11.9326016928731	0.326912899602145	-1.12280401932709	-0.675645990416814	-1.01996917750378	2	1	2	1	2
46.5650393293235	0	1.14946380836805	-1.06174608016355	0.070322012836553	-0.340340569760712	2	1	2	1	2
60.456823617256	13.8917842879326	1.46008532500531	-0.752738017038419	0.577728055733436	0.306654927767711	2	1	2	1	2
71.3132940057207	24.7482546763973	1.0270725940497	-0.278275878965482	0.563247421642333	0.593783806451587	2	1	2	1	2
11.946266238563	-36.7350010452107	-1.37381417588994	-0.808860719739393	-0.521410766613764	-0.077581864086497	1	1	2	1	3
24.5703155982726	-24.1109516855011	-1.37101402725896	-0.17911964710462	0.0676180796280925	0.711298729493822	1	1	2	1	3
34.9749350377365	-13.7063322460373	-1.10710056748399	0.380273011875387	0.575672772918185	1.32982633165241	1	1	2	1	3
48.6812672837738	0	-0.653548221396491	0.642426376676101	0.825733028201767	1.38568527791844	1	1	2	1	3
59.6889651617744	11.0076978780006	-0.13319040982769	0.501010471711933	0.730670947132885	0.843445719171977	1	1	2	1	3
73.7942615877153	25.1129943039415	0.313046840485662	0.0133838959605655	0.323608783891962	0.0470358359009785	1	1	2	1	3
12.0098121022054	-36.4512973014424	-1.00865450005956	-0.819458541105036	-0.304393228065243	-0.930107097784942	2	1	2	2	4
24.656242588765	-23.8048668148827	-0.797348499285618	-0.415392177359744	0.429652177948764	-0.908721394547887	2	1	2	2	4
35.3240332893712	-13.1370761142766	-0.25512570975635	0.213615138080447	1.10976543859481	-0.566852133951264	2	1	2	2	4
48.4611094036477	0	0.390509510152908	0.804119572549788	1.33354546187584	-0.0203969334394938	2	1	2	2	4
59.51422886008	11.0531194564322	0.86866329672704	1.10880325294238	0.96858882185384	0.545389599220408	2	1	2	2	4
71.7770405138647	23.315931110217	0.978713189014667	1.00005711249059	0.230828597582329	0.938699311979368	2	1	2	2	4
11.658355085856	-35.8875706779867	-0.0420154479084951	-1.13602024031525	-0.741837983370211	-0.0412443249181622	1	2	2	1	5
23.9676352053815	-23.5782905584612	0.771937283832532	-0.30273205606045	0.11898548206266	-0.47476238041475	1	2	2	1	5
35.9080525089261	-11.6378732549166	0.916042443403885	0.397358269337736	0.848498980772066	-0.592596884475703	1	2	2	1	5
47.5459257638427	0	0.270679097982635	0.441676860512767	0.851919206396236	-0.352304724097205	1	2	2	1	5
60.3939438914844	12.8480181276417	-0.628440043610465	-0.202857353792767	0.126457597642137	0.159562649614369	1	2	2	1	5
70.9000601361488	23.3541343723061	-1.03496092468348	-1.05513967900335	-0.736406105832704	0.758634411164917	1	2	2	1	5
12.4278259580849	-36.5463495645556	-1.35281267819787	-1.24496571958047	-0.721616592265578	0.294103036516812	1	1	2	1	6
24.4012288772264	-24.5729466454142	-0.988567365062975	-1.42432880158991	-0.0407549074715892	-0.219578093155821	1	1	2	1	6
36.1020120448858	-12.8721634777547	-0.447736134648622	-1.20968015899069	0.524184620035634	-0.569187455030846	1	1	2	1	6
48.9741755226405	0	0.0965957282010177	-0.685630940329503	0.708731597679874	-0.652311803229748	1	1	2	1	6
62.1704885332163	13.1963130105758	0.470222611397107	-0.0587531776909163	0.42649233330493	-0.444601005179053	1	1	2	1	6
72.7273088595741	23.7531333369335	0.553570585279756	0.423847687898527	-0.190405882617898	-0.00690107746796026	1	1	2	1	6
12.3925800308381	-36.3411837237174	-0.629271834295684	-0.803474544527294	-0.720481732885038	-0.82647363662353	2	1	1	2	7
24.1845834475477	-24.5491803070078	-0.206673040258583	-0.646201701419819	-0.934320566898807	-1.01443837292709	2	1	1	2	7
36.7155825252256	-12.0181812293299	0.352893207551111	-0.238904930501302	-0.908505033915398	-0.89081306286056	2	1	1	2	7
48.7337637545554	0	0.869984173781267	0.297556404668612	-0.649344637692098	-0.49418756891143	2	1	1	2	7
60.1908796394819	11.4571158849265	1.17877817463767	0.80399524400894	-0.220180061327015	0.0516307489040837	2	1	1	2	7
72.1792309205304	23.445467165975	1.1802505809707	1.13013326425548	0.274097755728389	0.576263722747121	2	1	1	2	7
12.8560877105007	-34.8764293894356	-1.39693705925742	0.302897561875476	-0.534892151446708	-0.927238749327481	2	2	1	1	8
24.5239423751591	-23.2085747247772	-0.877271809824094	-0.462500795256648	-1.03022564301656	-0.910967359035456	2	2	1	1	8
37.3608924486615	-10.3716246512748	-0.0871935596665772	-0.518020939320833	-1.01216504222382	-0.639422832398774	2	2	1	1	8
47.7325170999363	0	0.479291392218426	0.182077424075876	-0.490597468614191	-0.185001194618387	2	2	1	1	8
60.8871562792808	13.1546391793444	0.467981250676772	1.06101795932509	0.248949425071546	0.33114497300318	2	2	1	1	8
73.7892853236969	26.0567682237606	-0.114052176957257	1.39468513117674	0.801617094456418	0.771406817062295	2	2	1	1	8
12.293227575528	NaN	-0.864154811969249	-0.694340656298503	-0.301216897176857	-0.936813965403013	1	2	2	1	9
23.0477023298348	NaN	-0.464965404833263	-1.13351358855497	-0.651147502446195	-0.50534332973741	1	2	2	1	9
36.4213846165802	NaN	0.298607859889294	-0.979247876784323	-0.190934085527903	0.416956969948763	1	2	2	1	9
47.111813207851	NaN	0.956775762233294	-0.324953808784429	0.705705293838056	1.03383541687991	1	2	2	1	9
59.4264882019149	NaN	1.10459983757004	0.433183380924311	1.31065120926263	0.812721004408605	1	2	2	1	9
71.3561791721419	NaN	0.651131174704032	0.83609983253713	1.1326550238113	-0.055491082490021	1	2	2	1	9
13.8254642965882	NaN	-1.27703081874004	0.208995429782926	-0.556103296751282	-0.769837879461995	1	2	1	1	10
23.5259338960851	NaN	-0.930415165276665	0.781489658632755	-0.640119538779254	-0.140792581069327	1	2	1	1	10
36.6247242911809	NaN	-0.0382178680986914	1.25881428909511	-0.476535333068767	0.723567680913335	1	2	1	1	10
47.629018318107	NaN	0.650110093927629	1.48452345127915	-0.105992468388293	1.16514359143188	1	2	1	1	10
59.4191228555012	NaN	0.55636918292728	1.38463968002451	0.379449282311589	0.847731813708563	1	2	1	1	10
71.6220418831135	NaN	-0.24069768433543	0.991900451012628	0.859184014532622	0.0130006459026309	1	2	1	1	10
12.010079724325	NaN	-0.06000501770766	-0.320555023343776	-0.50049051703191	-0.846647346200605	2	2	1	1	11
22.3592399892821	NaN	-0.55000318337122	0.521038479785149	0.364331807952395	-1.0582342850362	2	2	1	1	11
35.0224594768092	NaN	-0.425106818170476	1.11245455309402	1.04512124014137	-0.822746028314204	2	2	1	1	11
47.8117304052036	NaN	0.235372349402567	1.03231707646792	1.00646852469464	-0.245482468610177	2	2	1	1	11
61.1239489111282	NaN	1.01201663390139	0.337722940743061	0.278772226273145	0.415429761050681	2	2	1	1	11
72.8182734328837	NaN	1.41164114136983	-0.47643873088036	-0.565668329566286	0.864460056493385	2	2	1	1	11
13.672541995313	NaN	-0.925592243282687	0.0253259048693335	-1.15570148435496	-0.698810526129092	1	1	1	2	12
24.4079466595959	NaN	-0.0445472324539357	0.687675966850856	-1.04499495866517	-0.340466498155752	1	1	1	2	12
35.9321163677736	NaN	0.62216298992281	1.09886715041239	-0.438335254985433	0.435774557963923	1	1	1	2	12
48.2064653889242	NaN	0.536363215650445	1.06883177302979	0.314367201543495	1.12359811821967	1	1	1	2	12
61.2942656862165	NaN	-0.232688113098533	0.61145329038275	0.778967147982621	1.27436125684973	1	1	1	2	12
73.6072088946543	NaN	-1.06420501603977	-0.0618511472869607	0.68749167663292	0.789726522914105	1	1	1	2	12
12.4331088301051	NaN	-0.588213166765082	-0.688221263383262	-0.997047558664256	-0.0198738302992057	1	2	2	2	13
23.7875862507933	NaN	-1.22039020293518	-0.745035553055418	-1.1427084813424	-0.710129391539299	1	2	2	2	13
36.3005993500743	NaN	-1.04805049267674	-0.549917693239392	-0.744332639854518	-0.779592468157606	1	2	2	2	13
48.2174088201385	NaN	-0.215727534624253	-0.15252489363229	-0.0223734559681346	-0.178609337221657	1	2	2	2	13
58.7427798157552	NaN	0.578547155788404	0.346006959995016	0.623650937214563	0.663224145119592	1	2	2	2	13
73.1891531404068	NaN	0.668651419541616	0.818802240677363	0.836243238927277	1.14414703589586	1	2	2	2	13
10.7755870353254	NaN	-0.20552420954394	-0.0915134527580753	-0.0688656310396121	-1.11398042781097	2	1	1	2	14
23.2342295178475	NaN	0.252275792248889	0.645541099976017	-0.437470404238253	-1.12614546713656	2	1	1	2	14
36.1784990860917	NaN	0.75657403583749	1.17383779965635	-0.558257463845096	-0.373507472940406	2	1	1	2	14
48.5545754440279	NaN	1.17843877561354	1.2062985102666	-0.397151344688407	0.498933196208233	2	1	1	2	14
58.6843723745163	NaN	1.410013682507	0.725283976628004	0.000398002134849806	0.743506945137923	2	1	1	2	14
70.17727425901	NaN	1.39209300404014	-0.00782094726112581	0.522237180674688	0.150617451350009	2	1	1	2	14
11.3906357081932	NaN	-1.36390532925722	-0.949116966608598	-0.358169467128556	0.380580947297175	1	2	1	2	15
23.0025695012825	NaN	-1.09729007994255	-0.550758184793707	0.336407631588911	-0.101590548743079	1	2	1	2	15
36.2647519923299	NaN	-0.221023816309886	0.0268987255456547	1.10056767039005	-0.436909538866013	1	2	1	2	15
47.6915046810826	NaN	0.51884731721348	0.580294667306243	1.44443785636643	-0.53776201983143	1	2	1	2	15
60.7272557350933	NaN	0.49240290779566	0.914419806399506	1.14757660680134	-0.377796696739971	1	2	1	2	15
71.1811046764769	NaN	-0.277842484198974	0.911532607294668	0.400289933585795	0.00118980466248919	1	2	1	2	15
13.004711398553	NaN	-0.425453048647627	0.0227443056930496	-0.800756249571869	-1.0989271474357	2	1	2	1	16
24.7555669670813	NaN	0.359190124167652	0.610475086896961	-0.324891679548104	-0.956645569870433	2	1	2	1	16
36.7606339369609	NaN	1.04664034189569	1.11954016624473	0.430650377653262	-0.560238743338565	2	1	2	1	16
48.0637378948133	NaN	1.18057649598112	1.3732190582566	1.02885911900322	-0.0271628543368129	2	1	2	1	16
60.9675918909327	NaN	0.672093393390648	1.28344786153564	1.12372643026829	0.484630576513211	2	1	2	1	16
71.8054362660851	NaN	-0.141284055602826	0.881390390121009	0.660380396004463	0.823496066242294	2	1	2	1	16
