age	diseaseAge	x1	x2	x3	x4	z1	z2	z3	z4	id
11.36367411311	-35.9723781267295	-0.505679556223243	-1.48068643283028	-0.553657368674869	-0.595305049720823	1	1	2	1	1
24.3304368904214	-23.0056153494181	-0.811454035847184	-1.11769902220112	0.186569492695927	-1.0718262936036	1	1	2	1	1
36.2510974804316	-11.0849547594079	-0.796392374881139	-0.331077946421413	0.958543387835571	-1.04393479888836	1	1	2	1	1
47.3360522398395	0	-0.465503557432688	0.355367722738704	1.22734242314875	-0.526532570811606	1	1	2	1	1
60.6398693597525	13.303817119913	0.0711703147862833	0.484535474483956	0.806708371677783	0.203940178623071	1	1	2	1	1
72.7037472898223	25.3676950499828	0.635150194680053	-0.0295871846562286	-0.0118898908288543	0.757202869320038	1	1	2	1	1
11.168528113636	-37.8377830702936	0.0804392621593842	-0.0694015228965175	0.0330627611448622	-0.818635356751708	1	1	2	1	2
23.4516091635618	-25.5547020203677	0.878319309061034	0.597341865918165	-0.493844638157728	-0.904877636465805	1	1	2	1	2
34.8530005124532	-14.1533106714763	1.2821333933675	1.11690755046926	-0.837319504029253	-0.242683150367886	1	1	2	1	2
49.0063111839295	0	1.0228423220123	1.2583229214218	-0.889862398310154	0.636803830059663	1	1	2	1	2
58.1342326558905	9.12792147196095	0.273197525215002	0.958721861554829	-0.635028648694809	1.02814935557016	1	1	2	1	2
71.9464365309066	22.9401253469771	-0.467353753713872	0.351291839969156	-0.152575138814962	0.617456318276131	1	1	2	1	2
10.9625456785194	-36.5550648569131	-0.281320138787847	-0.575388965675129	-0.328192350859134	0.102801646982905	1	2	1	1	3
24.2073372218615	-23.3102733135709	0.486108143841821	-1.12223545541018	-0.8130145650965	0.773587254661249	1	2	1	1	3
36.9732424981676	-10.5443680372648	1.23444451473256	-1.19062270511754	-0.700700783480907	1.27227493127141	1	2	1	1	3
47.5176105354324	0	1.44293604301801	-0.743880968571948	-0.0606612794389809	1.37393814105885	1	2	1	1	3
61.3029995535483	13.7853890181158	0.966497472069238	-0.021556450328462	0.711557502591637	1.03272302666216	1	2	1	1	3
72.144181149467	24.6265706140346	0.136673267517425	0.589035130825971	1.13872190495196	0.402530190057382	1	2	1	1	3
11.9574000235679	-34.8311750869277	-0.303604222198108	-0.826642319456842	0.0505061810776045	-0.687742271587279	2	2	1	2	4
25.8243153131025	-20.9642597973931	0.289118954233641	-0.741156973415349	-0.561837010068405	-0.445492214672958	2	2	1	2	4
35.8823963404574	-10.9061787700382	0.948261081084832	-0.409945296902767	-0.512670029673515	0.0802651504988848	2	2	1	2	4
46.7885751104956	0	1.37628359466863	0.0775315803006554	0.163025349723356	0.691663788980518	2	2	1	2	4
60.6417005429957	13.8531254325001	1.37997595854773	0.589604893870092	0.984499204539005	1.15860702047292	2	2	1	2	4
71.0819505056624	24.2933753951668	0.957671429541181	0.987962318453399	1.36728180925787	1.30536320167161	2	2	1	2	4
12.4570249428829	-35.202085999294	0.0689716595218937	-1.13326548258232	-0.481963046876749	-0.879537320240537	2	1	1	2	5
26.3258460019008	-21.3332649402762	0.760861707894121	-0.71889629025044	-1.19842771656005	-1.26612604208535	2	1	1	2	5
36.8069411864381	-10.8521697557388	1.15338968655248	-0.174076546189793	-1.19650086146051	-1.16038969845927	2	1	1	2	5
47.6591109421769	0	1.04552462815843	0.335125573785889	-0.477729084688818	-0.615591345027226	2	1	1	2	5
59.0618386660322	11.4027277238553	0.492509007669051	0.653498611012146	0.380960648103013	0.093835232911488	2	1	1	2	5
72.2076171614241	24.5485062192471	-0.22243337639745	0.683998304342381	0.690335289672649	0.610527315831087	2	1	1	2	5
11.6980385281065	-36.3864950215674	-0.376812413190799	-0.649687761244172	-0.774341915711953	-0.787943824703279	2	2	2	1	6
25.1049230256608	-22.9796105240131	0.27388571964474	-0.463542052575388	-1.13841155876367	-0.271713242612912	2	2	2	1	6
36.3296025273595	-11.7549310223144	0.678981068738188	0.00977519289595091	-1.1791043715028	0.307955941908374	2	2	2	1	6
48.0845335496739	0	0.656834604167325	0.603222121299251	-0.882317241944413	0.753989881988668	2	2	2	1	6
59.5269190217336	11.4423854720597	0.217376487682612	1.10736103298852	-0.350909172504427	0.914747561071862	2	2	2	1	6
72.8621895131062	24.7776559634323	-0.44234647149347	1.34427257424778	0.230947079798712	0.735575160950784	2	2	2	1	6
12.3554101307595	-35.3548280701761	-0.10251366201577	-1.16769192513845	0.146317696634109	-0.484148396070967	1	2	1	1	7
23.3319163579372	-24.3783218429984	0.700129113285357	-1.22389014192006	-0.416438654713351	-0.0441225722594401	1	2	1	1	7
37.1025084153204	-10.6077297856152	0.915980038931853	-0.752936347483559	-0.700052763612217	0.549715635513152	1	2	1	1	7
47.7102382009356	0	0.379077171265556	-0.0151231029899943	-0.592305485509452	1.08392698166163	1	2	1	1	7
58.1407057094803	10.4304675085447	-0.497769383819107	0.581765852823442	-0.135829774821726	1.36650349968506	1	2	1	1	7
69.9848312615014	22.2745930605658	-1.04037600567766	0.707834558032662	0.488758129147845	1.29588062530046	1	2	1	1	7
12.3588690762149	-35.5802932819994	-0.307175051082342	-0.83400552922197	-0.350138953991714	-1.07232366046946	2	2	1	1	8
24.2723997271691	-23.6667626310452	0.43731858758243	-0.874983512707248	0.405299520538612	-0.589526520064934	2	2	1	1	8
36.9894414372353	-10.949720920979	1.1308422211984	-0.342356228628995	1.03484175055884	0.327713963914197	2	2	1	1	8
47.9391623582143	0	1.3467752040407	0.438777655185283	1.16750258072382	0.90464604699411	2	2	1	1	8
59.7759918312295	11.8368294730152	0.952286491703288	0.991638986382519	0.725105843748631	0.653961170932789	2	2	1	1	8
72.537663324141	24.5985009659268	0.190045578102439	0.978778881590908	-0.0316469309623098	-0.212598434795591	2	2	1	1	8
13.517462788634	NaN	-0.728463758363635	-1.04448957020203	-0.158991327776143	-0.419133851445041	1	1	2	1	9
24.1863398138986	NaN	-0.782636359130456	-0.762402713536077	0.7688932625934	0.30804004156812	1	1	2	1	9
35.0575293354824	NaN	-0.279747317572295	-0.200046229550549	1.3839212951587	0.944944570428308	1	1	2	1	9
48.8312506117483	NaN	0.484835437459154	0.41980096047118	1.14888387159563	1.13824339545619	1	1	2	1	9
59.5769742352576	NaN	1.06204022985491	0.851584848909411	0.269079268879642	0.780699880382427	1	1	2	1	9
71.0129909846736	NaN	1.11285035818724	0.924253173305863	-0.487009067780826	0.0706688981396097	1	1	2	1	9
12.2329482396358	NaN	-0.74286392452796	-0.800985433260769	-0.588526417849984	-0.932620979345158	1	2	2	2	10
22.9203375556739	NaN	-1.03030527047876	-0.0253497041962455	-1.25062685044521	-0.443000819797177	1	2	2	2	10
36.2290616453359	NaN	-1.0676540393945	0.683230509321152	-1.36083182301357	0.393748819878235	1	2	2	2	10
48.6963446087192	NaN	-0.845027334853041	0.851541702329897	-0.847729543986947	0.987845296511259	1	2	2	2	10
59.4715434159229	NaN	-0.42133463970105	0.367180045244409	-0.0438054915522893	0.92053995020116	1	2	2	2	10
72.7129497018287	NaN	0.091310283210218	-0.446381588933941	0.530005066751181	0.239272926917561	1	2	2	2	10
12.8097778612947	NaN	-0.999993561874066	-0.986400348105479	-1.25458725950676	-0.720674802139751	1	1	1	2	11
24.0354155476887	NaN	-0.383272111014251	-1.0968235341973	-1.40969007657692	-0.918731585975611	1	1	1	2	11
35.2597935940714	NaN	0.40606832256981	-0.964680348053422	-0.848752528828708	-0.787382623011309	1	1	1	2	11
47.8777681608463	NaN	0.867282369647066	-0.622032579674791	0.0121438065720186	-0.369974721388983	1	1	1	2	11
58.8860828780066	NaN	0.707782968321301	-0.152016568623289	0.534419632432921	0.195742266739488	1	1	1	2	11
70.4021807720518	NaN	0.0287540732093477	0.331328096052538	0.330671127754388	0.723074627211948	1	1	1	2	11
10.8204152675409	NaN	-1.1626783559781	-1.27229334995499	-0.268119088204874	0.173172467787915	1	1	2	2	12
23.9764119822679	NaN	-1.25215316544272	-0.669563867840387	0.369004097864059	0.74595902907407	1	1	2	2	12
36.2266186744672	NaN	-0.616648288835476	0.109771714193919	0.724401676027756	1.13338980389885	1	1	2	2	12
45.1900810829599	NaN	0.25281946093021	0.586422249797409	0.637096156575132	1.19961772589185	1	1	2	2	12
60.2555739615312	NaN	0.684464076955125	0.467247804281547	0.146632613032075	0.921420920335892	1	1	2	2	12
69.8453427357619	NaN	0.344779442333766	-0.174459374541899	-0.524833276326086	0.396345122789772	1	1	2	2	12
10.8794923666616	NaN	0.044648872678884	-0.918096458673819	-0.433045772042556	-0.761802330970152	2	2	1	2	13
23.9755304843869	NaN	0.739891184144648	-1.33836643345828	-0.663483131852846	-0.763908318558044	2	2	1	2	13
36.4166917042712	NaN	1.2161305626041	-0.884961072218413	-0.627415818135206	-0.433933933316678	2	2	1	2	13
48.4815319903068	NaN	1.24050368552102	0.04591091407875	-0.334640410591233	0.113580018113962	2	2	1	2	13
58.119069679724	NaN	0.801093003361032	0.640806144972181	0.135319629810326	0.688580330247525	2	2	1	2	13
72.8972312289252	NaN	0.112753977544961	0.379874850824903	0.654814070274114	1.0914727239043	2	2	1	2	13
11.8604395692793	NaN	-0.656848137790955	-1.37659527740304	-0.63153865389509	-0.592311947346305	2	1	2	2	14
23.4267189043328	NaN	-1.19883077978768	-1.07977456856221	-0.682967286280653	0.0192462186794246	2	1	2	2	14
36.3692609657647	NaN	-0.999520484441317	-0.452924009326565	-0.157476174208137	0.447711517805708	2	1	2	2	14
47.1935347955089	NaN	-0.210319994981614	0.207822505521774	0.623844579598671	0.527643363079633	2	1	2	2	14
61.15661796855	NaN	0.569267693250318	0.59031810776537	1.18358564254305	0.22817817832522	2	1	2	2	14
73.1287571241249	NaN	0.747041789114505	0.513865961833798	1.17972921209605	-0.335053445044969	2	1	2	2	14
12.6409782522429	NaN	-0.850487920477039	-0.236666489711439	-0.0327391254632631	-0.567860896631729	2	2	2	2	15
24.2556586094457	NaN	-1.24353418134743	0.652213961396784	-0.504579214805368	0.00238501711314283	2	2	2	2	15
36.4895829915658	NaN	-1.06522541302015	1.11444386272696	-0.644619247563691	0.572537591719642	2	2	2	2	15
48.4302212063457	NaN	-0.418647732023914	0.781071612768943	-0.3985735040061	0.939059679932147	2	2	2	2	15
60.8236618670542	NaN	0.322391208807806	-0.081805279062374	0.138179787135465	0.971107603122292	2	2	2	2	15
71.4786174735708	NaN	0.729472620407481	-0.785439048437813	0.757571274874087	0.657240664269476	2	2	2	2	15
10.6376191755614	NaN	-1.16453306277589	-0.726609732933231	-0.912970594162137	-1.34115466548467	2	1	1	2	16
22.7539766425285	NaN	-0.857842705255674	-0.598622435763236	-0.0728903959024891	-1.29589996738975	2	1	1	2	16
34.9342547002446	NaN	-0.39584209973531	-0.122778422745132	0.538049843746364	-0.845932233085857	2	1	1	2	16
47.4425616679671	NaN	0.104569896191278	0.509538081604952	0.483455004569619	-0.189519530176827	2	1	1	2	16
60.4157756270861	NaN	0.516775286895655	1.04400969486114	-0.197677774499239	0.384104784732954	2	1	1	2	16
71.1710082898409	NaN	0.736474773433992	1.26567220095577	-1.01881478408326	0.622186178868639	2	1	1	2	16
