age	diseaseAge	x1	x2	x3	x4	z1	z2	z3	z4	id
11.9042130436226	-37.5556724540698	-0.906848858598173	-0.385110275483317	-0.770244598442544	-1.26877039460829	1	2	1	1	1
24.782885059841	-24.6770004378514	-1.2901382619516	0.126034566160328	-1.01575218501639	-1.35423779179075	1	2	1	1	1
36.1349536566176	-13.3249318410748	-1.34659513069827	0.667749247711522	-0.997415690878971	-1.20002654684105	1	2	1	1	1
49.4598854976924	0	-1.05620951070356	1.07593767167848	-0.720201631924374	-0.843194845946606	1	2	1	1	1
60.6345541320596	11.1746686343672	-0.52190250025789	1.2269514864557	-0.259194591909089	-0.369492179124375	1	2	1	1	1
70.2503534936589	20.7904679959665	0.0669519766119755	1.07504561900708	0.260739750135692	0.107246942852455	1	2	1	1	1
12.0520842724255	-35.9724256364882	-0.52732456751579	-0.569166736762713	0.21496052996051	-1.17593450063966	1	2	1	2	2
25.0632151790022	-22.9612947299115	-0.0753733552076167	-0.974710622584801	0.93433257449277	-0.565849621422119	1	2	1	2	2
35.5131914032642	-12.5113185056496	0.680259694929016	-0.873362425886364	1.40385174510281	0.201144379375531	1	2	1	2	2
48.0245099089137	0	1.29775265183877	-0.317860008270999	1.37674139477862	0.665883000498385	1	2	1	2	2
59.2434428761068	11.2189329671931	1.41605469781907	0.402733671323469	0.867250571846872	0.550148319824696	1	2	1	2	2
70.9780702068761	22.9535602979623	0.965994112028195	0.913448253434632	0.143164799959629	-0.0767745614919851	1	2	1	2	2
13.749080382315	-32.4041590324457	-1.23219183216033	-0.525715093407502	-0.430695772410086	-0.937146160293331	2	1	2	2	3
24.2082189075828	-21.9450205071779	-1.13023470365618	0.0351816245108388	-0.630696549343245	-0.228792031047845	2	1	2	2	3
34.4878056147542	-11.6654338000065	-0.304388659961204	0.420212126576642	-0.581232755378972	0.461528355587157	2	1	2	2	3
46.1532394147606	0	0.523074223609746	0.499923735181934	-0.29479431662866	0.739573457054852	2	1	2	2	3
61.3747629925203	15.2215235777597	0.62846780879197	0.247516284846239	0.156291218842178	0.446551889201969	2	1	2	2	3
72.4888006639732	26.3355612492125	-0.0803834909849416	-0.252147284692298	0.658121852088263	-0.250191913199902	2	1	2	2	3
11.3389286051722	-36.9951092931857	-0.710577103931415	-0.0550314215346123	-0.737713795688082	-0.510367906775146	2	2	1	1	4
23.3903168085502	-24.9437210898077	-0.900262732927257	0.609031571510753	-1.31566639161315	-0.920021664688227	2	2	1	1	4
36.989764805067	-11.3442730932909	-0.773657517201916	1.03503369498445	-1.16289715630882	-0.666745516966537	2	2	1	1	4
48.3340378983579	0	-0.370873975226726	1.0274264357811	-0.39538006738026	0.0806246092539177	2	2	1	1	4
61.2868553070803	12.9528174087223	0.180473385374236	0.589701767635237	0.404228232912825	0.823885747332795	2	2	1	1	4
72.4170389059942	24.0830010076363	0.705700361746279	-0.0772107757984815	0.628909224602198	1.06757401533518	2	2	1	1	4
10.3134087958004	-37.6622457637339	-0.685696660506625	-0.549096733140845	-0.412513940354066	-0.318524336135093	2	2	2	1	5
24.3559660622835	-23.6196884972508	-1.25817986492099	-0.00231974784903044	-1.07468551559462	-0.788535573886296	2	2	2	1	5
38.052749779877	-9.92290477965729	-1.11181798843847	0.453745458316301	-1.39166964757516	-0.98267846432951	2	2	2	1	5
47.9756545595343	0	-0.355987095841173	0.682620840414745	-1.20218368174434	-0.834422863828057	2	2	2	1	5
59.995031281396	12.0193767218617	0.444481241563952	0.615815173372535	-0.602638751929187	-0.394573962176866	2	2	2	1	5
72.5856391334907	24.6099845739564	0.691397940443317	0.273320130980183	0.101914547699464	0.186137969026254	2	2	2	1	5
13.5840640754938	-35.7459477185591	0.308185119445822	-0.591479072881262	-0.269686145980477	-0.989645518855246	2	2	1	1	6
23.5234082115124	-25.8066035825405	1.10102806221268	0.296142863744451	-0.613137688657163	-0.400194400062902	2	2	1	1	6
36.3520418172759	-12.977969976777	1.48377458426162	1.03047354719623	-0.711767809619974	0.391907074010984	2	2	1	1	6
49.3300117940529	0	1.20119772636749	0.975053197507735	-0.538706118252019	0.88631167399575	2	2	1	1	6
59.8844610175202	10.5544492234673	0.441728285501704	0.177915792236047	-0.141100840698431	0.770718539601096	2	2	1	1	6
71.0996679942049	21.769656200152	-0.288196540738383	-0.670042987701162	0.37272605187308	0.118144457718196	2	2	1	1	6
11.8732927676989	-37.098881092247	-1.28405715795815	-0.128749860994506	-1.34694055897331	-0.62518426734323	2	2	1	1	7
24.1352909412703	-24.8368829186755	-1.22879704608148	-0.709924156873615	-1.14285846957425	-0.758171443943069	2	2	1	1	7
36.4094590413996	-12.5627148185462	-0.84079603469185	-0.954180207123795	-0.29609768227777	-0.466895046348026	2	2	1	1	7
48.9721738599458	0	-0.260056289203709	-0.752543591312427	0.481395200793015	0.124041233300319	2	2	1	1	7
60.4339691636066	11.4617953036608	0.303874226527429	-0.194974141851164	0.535913224165513	0.761843681290348	2	2	1	1	7
72.1731438562578	23.200969996312	0.6475128126424	0.469769481878823	-0.178381730879073	1.17366993712643	2	2	1	1	7
12.236482704009	-36.7528564670269	-0.537589735954204	-1.07860611816588	-0.929195012830409	-0.883117691958423	1	1	1	2	8
22.2816784708918	-26.707660700144	-0.54695517385179	-0.245118681667781	-0.293726315361128	-0.257274342508722	1	1	1	2	8
34.4766623401545	-14.5126768308813	0.149604737645265	0.432363114206655	0.331835647209326	0.579070431556008	1	1	1	2	8
48.9893391710358	0	1.0065923202582	0.458045361991174	0.667303470670659	1.02999175497599	1	1	1	2	8
60.3690232945876	11.3796841235517	1.35287400900139	-0.186866689788201	0.562422081543845	0.7741924286248	1	1	1	2	8
72.9699891068627	23.9806499358269	0.917265869625911	-1.03041428434882	0.0641675524287298	-0.00606158927736508	1	1	1	2	8
12.2155214369372	NaN	-0.165347523220744	-0.245713600868079	-0.0861691860896743	-0.459059198212221	1	2	2	2	9
24.9465474421662	NaN	0.63319429188106	-0.684321822069193	0.744920307196279	-0.791174215207712	1	2	2	2	9
36.492887577064	NaN	1.01206304184741	-0.793969441225516	1.24068678520056	-0.609589032403734	1	2	2	2	9
47.275517171524	NaN	0.714662905851849	-0.533758209978301	1.05681387181654	-0.0081765244801334	1	2	2	2	9
62.0643683456301	NaN	-0.0575864106892796	-0.000746173391998201	0.321003737339013	0.70215511597036	1	2	2	2	9
71.6685533932887	NaN	-0.781664871739357	0.606254703273757	-0.455713747826692	1.15419050256282	1	2	2	2	9
11.9352329931129	NaN	-0.166124001725736	-0.684184490303985	-0.231824949931701	-0.658606984289567	2	2	1	1	10
22.6903254802605	NaN	0.55503966041863	-0.0899089443519909	-0.703293693211538	-0.913140400192812	2	2	1	1	10
35.9394895417596	NaN	1.21760988898914	0.667290416192036	-1.03429385092199	-0.530003973549598	2	2	1	1	10
49.0191077677786	NaN	1.44841259703874	1.14838108272015	-1.14190655771537	0.245542947681724	2	2	1	1	10
59.5645756126589	NaN	1.11745463647934	1.07442140102658	-0.999173749263184	0.917045004560753	2	2	1	1	10
72.6370532615616	NaN	0.4111387906296	0.488294007153753	-0.641851428241108	1.05464968197749	2	2	1	1	10
12.0702884912901	NaN	-0.313197903102716	-0.788397506963314	-1.21730052850545	0.382075661401153	2	2	1	1	11
26.9473543516828	NaN	0.351595053058412	-0.903425957373597	-0.653848993473139	0.932276807125408	2	2	1	1	11
35.940142135868	NaN	0.85557364045041	-0.219740940556456	-0.0183092410408072	1.33640246365781	2	2	1	1	11
46.2502542786751	NaN	0.975762465434213	0.680349674307257	0.426593230773855	1.46719260213222	2	2	1	1	11
60.4870566257582	NaN	0.658986351063394	1.03022114758081	0.496940385326472	1.28346112973664	2	2	1	1	11
72.5961889505452	NaN	0.0453966461537855	0.531881118633645	0.16365144341601	0.843065477947456	2	2	1	1	11
13.2288536600464	NaN	-0.493284424232213	-0.748477558261325	-1.38076156777946	-0.915025392473514	1	1	1	2	12
24.6912029766955	NaN	0.428751539816475	-0.0832481529417771	-1.28338232378281	-0.972189014947822	1	1	1	2	12
34.3219703997759	NaN	1.11815154672722	0.557649749052132	-0.96333478242739	-0.587411556240402	1	1	1	2	12
47.9309713628193	NaN	0.956370321291796	0.862223806369913	-0.499699438382024	0.0633293970050256	1	1	1	2	12
62.8616922164829	NaN	0.0885616372371491	0.68220582689928	-0.00703587300696396	0.682418119410328	1	1	1	2	12
73.3385454822908	NaN	-0.706656930841647	0.105229473857875	0.392923753875017	0.98671500177592	1	1	1	2	12
12.0234451914813	NaN	-1.42032535827518	-0.433184266888355	-0.740011852557381	-0.387476858392279	1	2	1	1	13
25.0270846957671	NaN	-1.22280759359143	0.289635717634522	-0.233849722925837	-0.764256321132208	1	2	1	1	13
36.9524684667607	NaN	-0.831361881589789	0.586792667359165	0.544252592826374	-0.745583778979099	1	2	1	1	13
49.9659824967243	NaN	-0.342107611866404	0.278311348129924	1.12130212152403	-0.339184723485518	1	2	1	1	13
59.5743193575721	NaN	0.124818960866309	-0.448974320427991	1.1465218937088	0.286799172702026	1	2	1	1	13
72.4493405860702	NaN	0.454764141903693	-1.15457856600453	0.604581309809164	0.873376216733953	1	2	1	1	13
13.2324250015769	NaN	-0.357947609487085	-1.12310710640935	-1.0392443460772	-0.184913399300587	1	2	2	2	14
25.2478363062215	NaN	-0.939228459298994	-0.850281816108569	-1.48650190054914	-0.70977153067878	1	2	2	2	14
36.7972619265548	NaN	-1.14962102396337	0.0170377375050484	-1.12159255868788	-0.754910486555799	1	2	2	2	14
47.52063765486	NaN	-0.890210619638617	0.755280608095986	-0.241272113650141	-0.296460997925834	1	2	2	2	14
60.2913383537594	NaN	-0.282957345865024	0.748559502136324	0.43855506618927	0.423150987222895	1	2	2	2	14
72.7739737120588	NaN	0.386642655025026	0.00248157673371949	0.365032063181349	1.0233980127366	1	2	2	2	14
11.8892742214977	NaN	-0.313998868375947	-0.664396322457482	-0.63939895460207	-1.23580942275508	1	2	1	1	15
23.0246487898143	NaN	0.49370831263675	0.0171572931686361	-0.030862527361092	-0.946952279530879	1	2	1	1	15
36.4014880499338	NaN	1.24886016348941	0.896647802937646	0.52933158472024	-0.358891754067736	1	2	1	1	15
47.3226480585442	NaN	1.37998453390169	1.25924764884117	0.82617191458851	0.278142266734284	1	2	1	1	15
60.1903456558362	NaN	0.787851148758644	0.810244881742304	0.745726392218085	0.693080829809104	1	2	1	1	15
73.0240339932264	NaN	-0.0794344374364812	-0.0854224484548233	0.318871296758849	0.70936042644831	1	2	1	1	15
13.5100377583808	NaN	0.110807867362888	-1.36522039951598	-1.04632464323201	-0.395860262108137	1	1	2	2	16
24.332008610077	NaN	-0.38105463198293	-1.09933321878402	-1.06838842864707	-0.547252517257443	1	1	2	2	16
35.0822439103795	NaN	-0.592197444407896	-0.497743864559882	-0.793547718024317	-0.394904654110635	1	1	2	2	16
48.0830079779329	NaN	-0.447322657248023	0.16380954697763	-0.305815353106695	0.0149091505386131	1	1	2	2	16
59.5173634950568	NaN	0.00190437112861902	0.582104410295103	0.245719464968567	0.557711952563074	1	1	2	2	16
73.9089675067251	NaN	0.595279951283026	0.565415528115434	0.692464509519733	1.06863269761276	1	1	2	2	16
