age	diseaseAge	x1	x2	x3	x4	z1	z2	z3	z4	id
12.1966228632736	-35.302265682736	-0.685709820896212	-1.3794915170259	-0.622134474204404	-1.13287851554643	2	2	1	1	1
24.0199378709016	-23.478950675108	-0.378544970898419	-1.0655329457961	-0.970412750796105	-0.661715165189685	2	2	1	1	1
34.9920870331989	-12.5068015128107	0.159170255028976	-0.378486610769248	-0.832927179607538	-0.0929129819120544	2	2	1	1	1
47.4988885460096	0	0.740233112890844	0.306998643642902	-0.277339711705175	0.389440235515371	2	2	1	1	1
59.447837593061	11.9489490470514	1.16234960731485	0.617125235918037	0.422923636337971	0.629235131965475	2	2	1	1	1
72.0803772546036	24.5814887085939	1.27856208817032	0.3827800167768	0.923236268586576	0.548864208835366	2	2	1	1	1
12.40217549438	-37.1386290009952	0.269925998416103	-0.594376832611075	-0.687237434721721	-0.883285567498783	2	2	2	1	2
24.7147718482885	-24.8260326470867	-0.283264174139251	0.203399791510704	-0.0197621405264243	-1.10824100401973	2	2	2	1	2
37.5734070541507	-11.9673974412245	-0.637202285283931	0.765643010535368	0.520349771268881	-0.933099267587278	2	2	2	1	2
49.5408044953752	0	-0.6711072487518	0.734151526150937	0.691823695217546	-0.427994465997746	2	2	2	1	2
59.4386956169263	9.8978911215511	-0.373409023938249	0.128988347052905	0.418060129546719	0.204808222130048	2	2	2	1	2
74.3257367039296	24.7849322085544	0.154303117359476	-0.664301216279827	-0.178647388329579	0.711908020676283	2	2	2	1	2
10.6482870024892	-37.657222480516	-0.11984613338966	-1.04637899316191	-1.27111128990472	-0.624480288425195	2	1	1	2	3
23.6456997114002	-24.659809771605	0.512677671533744	-1.30945995279644	-0.950426603015419	-1.29436746453115	2	1	1	2	3
37.0474398143902	-11.258069668615	1.12917105940808	-0.916547057569107	-0.434903305519109	-1.17511971966811	2	1	1	2	3
48.3055094830052	0	1.45922021961326	-0.126381696199659	0.11489515139277	-0.366731504028928	2	1	1	2	3
59.1760673218165	10.8705578388113	1.35805498452304	0.540695655337739	0.527730070787941	0.452928303121154	2	1	1	2	3
71.5561159795834	23.2506064965781	0.870049677140875	0.645400559151537	0.675021037867782	0.596539099993957	2	1	1	2	3
13.3502062679846	-34.1022268705433	-1.00174373166626	-0.75304691273971	-1.14844336010306	-1.12638129145912	1	2	1	2	4
24.6804098935035	-22.7720232450244	-1.37547222978533	-0.284356896090832	-0.408201197804096	-0.666036267293667	1	2	1	2	4
35.8787926314198	-11.573640507108	-0.949712573067817	0.37135469143909	0.469940130620072	0.0921923494902091	1	2	1	2	4
47.4524331385279	0	-0.0650347056080276	0.928827023177384	0.735118975779255	0.703731152565697	1	2	1	2	4
59.4842107201324	12.0317775816045	0.570897583626445	1.14553728692569	0.160592080506731	0.810015610383618	1	2	1	2	4
71.8575343110968	24.4051011725689	0.449394894935034	0.92720783049523	-0.762386814780246	0.348727785575512	1	2	1	2	4
10.3539767813714	-37.2666814594666	-0.198389415495891	-1.19693498160278	-1.13572282785416	-0.361828880667988	2	1	2	2	5
24.4497219313011	-23.1709363095369	0.353435318536846	-0.799200466637557	-0.887266826671392	-0.758744906620549	2	1	2	2	5
35.8538408388995	-11.7668174019385	0.783818814479585	-0.241055345686898	-0.181284749894708	-0.435864496949224	2	1	2	2	5
47.620658240838	0	0.959731861728101	0.294771486467652	0.550678087636843	0.374134185738057	2	1	2	2	5
60.2809604863547	12.6603022455167	0.826800688910904	0.632857830188958	0.861195124309637	1.08753965087929	2	1	2	2	5
71.7302968279768	24.1096385871388	0.426113602506452	0.66251895204478	0.560456764721952	1.19024863345294	2	1	2	2	5
10.9734001562155	-38.0867423850431	-0.191292647818018	-0.921225945481905	0.0243439665244457	-0.951601560240641	1	1	2	1	6
25.3363717328711	-23.7237708083875	-0.836417113898773	-0.0328721415138915	-0.462189494766954	-1.24111149331122	1	1	2	1	6
36.7199147032488	-12.3402278380098	-1.09918199335006	0.670997439349366	-0.792380095213877	-1.14868618049488	1	1	2	1	6
49.0601425412586	0	-0.843304493772554	0.596660555973822	-0.877240297339457	-0.710126470259524	1	1	2	1	6
60.4840159964867	11.4238734552281	-0.201495273559414	-0.193178759250719	-0.693899975807834	-0.0953080087008437	1	1	2	1	6
71.717461637455	22.6573190961964	0.493371833842	-1.03228178665156	-0.291769997285813	0.457619914697232	1	1	2	1	6
12.0576931524111	-36.2543233718726	0.111453537013238	-0.682118864866789	-0.7396625658391	-0.0130576035461761	1	2	2	1	7
23.7189822522117	-24.5930342720721	0.692819431112041	0.174708377604971	-0.134032297372541	-0.514607745782742	1	2	2	1	7
34.2955342192916	-14.0164823049922	1.20645654831393	0.700727344053069	0.456177299107717	-0.569434686309081	1	2	2	1	7
48.3120165242838	0	1.47713570633579	0.509532248013394	0.796322183027001	-0.150506967132901	1	2	2	1	7
61.2362719585555	12.9242554342717	1.41251371981821	-0.258427808550768	0.751174173719341	0.535630473545627	1	2	2	1	7
71.032798142122	22.7207816178383	1.03463661595772	-1.03902067726187	0.338682337738428	1.15068964762091	1	2	2	1	7
12.8155033736577	-35.5807422556832	-0.717199065913215	-0.0609569144849004	-1.39396048496144	-0.564861480132969	2	1	1	1	8
24.2674952064493	-24.1287504228916	-1.27696007752967	-0.469996576334282	-1.35501887145119	-1.21418265028262	2	1	1	1	8
36.4857168309123	-11.9105287984287	-1.09609549239168	-0.391081553570744	-0.963875141539772	-1.33448186874381	2	1	1	1	8
48.3962456293409	0	-0.312629167355211	0.136031609356993	-0.36864223674178	-0.850696083971699	2	1	1	1	8
59.9740513103786	11.5778056810376	0.475549355988241	0.845788938597403	0.205285212595852	-0.0646929037822714	2	1	1	1	8
71.2695087594918	22.8732631301509	0.666954498801377	1.38062228274411	0.54058023370888	0.533085605918587	2	1	1	1	8
12.5478108158142	NaN	-0.925282186679872	-0.438807570757824	-0.462819211827468	-0.583661558619782	1	2	2	2	9
25.0097486031756	NaN	-0.557581714007715	-0.738784388882171	-0.757696854820626	0.316681225676149	1	2	2	2	9
35.984531099702	NaN	0.0128466972596324	-0.691622800056075	-0.73140603812091	0.818803346020819	1	2	2	2	9
49.2172055141102	NaN	0.582494095123014	-0.314113234791719	-0.392652969974462	0.514853324724914	1	2	2	2	9
59.3978511694488	NaN	0.94813016591229	0.25934365839526	0.146384215748331	-0.34828374730153	1	2	2	2	9
72.09201124417	NaN	0.979308718467217	0.824586222604533	0.7072032669144	-1.06951999519499	1	2	2	2	9
10.9702627613101	NaN	-1.23641688819841	-0.958874542183462	-0.986905196618119	-0.935346749227322	1	1	1	2	10
22.688021459161	NaN	-0.793736135598183	-0.725005829662679	-0.347534065571075	-0.689187527192502	1	1	1	2	10
37.4948728769166	NaN	-0.199428955421818	-0.057804831776252	0.493000078083115	0.075557559355717	1	1	1	2	10
49.3757168366634	NaN	0.332940560047602	0.664124823687967	0.925738724359005	0.826785164479324	1	1	1	2	10
60.2443861390352	NaN	0.612065598234348	1.03112369762207	0.637167088356078	1.04179729471816	1	1	1	2	10
72.0690235902298	NaN	0.53764266727056	0.834938047142488	-0.16364758999127	0.57099027699243	1	1	1	2	10
12.3440109665479	NaN	-1.2499193574423	0.0517499445681594	-0.209811983199442	-0.484157075669542	2	1	1	1	11
24.2925817656322	NaN	-1.25685446770775	0.935210838711989	-0.630305023451905	0.291908526845754	2	1	1	1	11
37.4901644609232	NaN	-0.693424063102769	1.17614574141915	-0.692710008127891	0.692726842780173	2	1	1	1	11
48.7896260722184	NaN	0.0921805688884543	0.563500342510611	-0.372573067312684	0.464315202844808	2	1	1	1	11
60.5960613492643	NaN	0.614467899887463	-0.366059849620438	0.204657693425911	-0.248590996145458	2	1	1	1	11
69.6411414678067	NaN	0.550672426416106	-0.79825810331023	0.812789991417459	-0.994251371643383	2	1	1	1	11
12.5300309621296	NaN	-0.486182101591438	-0.407257712526655	-0.527993531854064	-0.260654585988851	1	2	2	1	12
25.1437949246197	NaN	-0.473634691554802	0.405941369067144	-1.21236748045153	-0.701767119633136	1	2	2	1	12
37.4532081578264	NaN	0.0502783094308069	1.03335921971541	-1.49029274833999	-0.940604364792176	1	2	2	1	12
48.1265660739636	NaN	0.794871271276825	1.05127228503756	-1.20532519124069	-0.911818326792876	1	2	2	1	12
60.3469114163558	NaN	1.34701744609469	0.447583064619294	-0.5178730583075	-0.623285121676456	1	2	2	1	12
72.3941498286513	NaN	1.40036643138251	-0.370009900682479	0.185096817661563	-0.153950000793488	1	2	2	1	12
12.8315048218267	NaN	-0.801061339090258	-0.719245250243999	-0.0275568365124878	-0.555694665552959	1	2	2	2	13
25.6894772824329	NaN	-0.488924994877835	-0.241642671045439	0.685609646104597	-0.0560596384895169	1	2	2	2	13
34.560764360387	NaN	0.0681361179508247	0.319177571684191	1.13925952828049	0.414189605839604	1	2	2	2	13
46.6788680417115	NaN	0.663905289603403	0.786778274900662	1.0971989190243	0.735354160377793	1	2	2	2	13
60.8613421546216	NaN	1.07783659514531	1.01404962706173	0.58132677466335	0.825683662679729	1	2	2	2	13
71.7716871665779	NaN	1.15669810015655	0.929490782348772	-0.13976684489535	0.662185321516294	1	2	2	2	13
11.8579173757847	NaN	-1.31136241329722	-0.294386750272863	-1.46603079160619	-1.11909705379756	2	2	2	2	14
23.6257040567417	NaN	-1.14130758766327	0.373238004980283	-1.42961802439132	-0.823782404410465	2	2	2	2	14
36.4314281733905	NaN	-0.294930179504408	0.785777020194509	-1.07383740946713	-0.246886336014686	2	2	2	2	14
48.5534909635435	NaN	0.499382739827142	0.749690867701487	-0.520037905773576	0.37698025623376	2	2	2	2	14
59.7117585355237	NaN	0.558050470430945	0.281909081539651	0.042891630985421	0.794104602073932	2	2	2	2	14
71.1338352066652	NaN	-0.169416067464567	-0.398112200014192	0.422948291216809	0.834851438708733	2	2	2	2	14
12.2250101475452	NaN	-0.82395628939663	-1.26404951383239	-0.29249644258099	-0.924174118399468	2	2	2	2	15
23.4086967607739	NaN	-0.00429113506541969	-1.46967339875741	0.184640959048278	-0.111366772957469	2	2	2	2	15
34.1229152405923	NaN	0.811098099567898	-1.31754861604565	0.669323861232758	0.601802847564554	2	2	2	2	15
48.4806333752696	NaN	0.930557902808797	-0.862157414657926	1.04197748619707	0.698537602846011	2	2	2	2	15
59.9565571263773	NaN	0.252756556125253	-0.266594435495606	1.21066548918579	0.108738818657795	2	2	2	2	15
72.4983407082942	NaN	-0.6473612861352	0.25584430271141	1.13377131970819	-0.740196829283706	2	2	2	2	15
11.8065782773112	NaN	-0.0553510684658213	-1.15658126766099	-0.453865016730934	-0.681638033272153	1	2	1	1	16
24.1356308300215	NaN	0.499515641509324	-1.45513247644509	0.22918620617614	-0.345143663990912	1	2	1	1	16
35.2171905570574	NaN	0.907589213423693	-1.00627034920244	0.676248612094672	0.404914595839578	1	2	1	1	16
47.009689875735	NaN	1.03853279918287	-0.14704468853121	0.673183173091906	1.10061410572552	1	2	1	1	16
59.4917798456586	NaN	0.850523611376334	0.477353428532204	0.221458207951864	1.30794384400357	1	2	1	1	16
73.687373259245	NaN	0.403610931893458	0.398064525266722	-0.462553929829747	0.89756148650562	1	2	1	1	16
