age	diseaseAge	x1	x2	x3	x4	z1	z2	z3	z4	id
10.4232728703473	-36.0589085757576	-0.579996353371088	-0.321485667750519	-0.699774291847981	-1.22900442551391	2	2	2	1	1
23.4470486298041	-23.0351328163008	-0.221107844361633	-0.897599517982455	0.0190189588454824	-0.75831789006633	2	2	2	1	1
34.1602659949407	-12.3219154511642	0.307412357761602	-0.643671312951339	0.533281355648546	0.0542608733238329	2	2	2	1	1
46.482181446105	0	0.84332166021817	0.225306934965654	0.576918570030261	0.665042972225591	2	2	2	1	1
60.9986919176902	14.5165104715852	1.22210919970252	0.973602138501707	0.12735143747841	0.665359785417395	2	2	2	1	1
72.2876925950831	25.8055111489781	1.3274965969361	0.967659267246986	-0.582800925754995	0.0549993361394279	2	2	2	1	1
12.9198401832803	-34.1998273249856	-0.646183677160294	0.158797365907715	-0.389706159319385	-0.122741522664668	1	1	1	2	2
23.2826538082797	-23.8370136999862	-0.554780261581066	-0.396506853789569	-0.766353171045194	-0.917562668638021	1	1	1	2	2
35.9538177268903	-11.1658497813755	-0.0236325047368025	-0.602431811536247	-0.945075686916835	-1.06351673989241	1	1	1	2	2
47.1196675082659	0	0.682451795430142	-0.368345202984477	-0.882410757360707	-0.443574001594368	1	1	1	2	2
59.3670428714107	12.2473753631448	1.21144888229173	0.202726078077968	-0.593597663561098	0.445179485885084	1	1	1	2	2
72.0646371569617	24.9449696486958	1.29962319096104	0.859440442385182	-0.14887192604427	0.890118277581416	1	1	1	2	2
13.1889640922156	-48.8011928080196	-0.772362417614036	0.210941380258972	-0.402414255767796	-0.993507473558322	2	1	2	2	3
23.4580357553691	-38.5321211448661	-0.711784798809441	0.97648289631492	-0.967481390566944	-0.310564704938591	2	1	2	2	3
35.8049568489326	-26.1852000513026	-0.235776091187693	1.3430717253443	-1.21695505423589	0.591830012338678	2	1	2	2	3
46.6375125743025	-15.3526443259327	0.437623272842279	1.07891006351215	-1.04564844530828	0.941610689829809	2	1	2	2	3
61.9901569002352	0	0.999956144984633	0.351029986597247	-0.525790407495062	0.439513868501597	2	1	2	2	3
72.4621850228776	10.4720281226424	1.19364046710378	-0.380322611572122	0.123428771098982	-0.484879170604301	2	1	2	2	3
11.5965018457956	-37.6572169683357	-0.263746141877291	-0.705567480984869	0.236043571676288	-0.406704719425627	2	2	2	1	4
23.4281026962626	-25.8256161178687	0.485526778599039	-1.18392194877859	1.09731840696328	-0.7449117441353	2	2	2	1	4
36.3741036232586	-12.8796151908727	0.87895381908381	-1.19378662357674	1.4544404786786	-0.655929005870117	2	2	2	1	4
49.2537188141313	0	0.682034455718448	-0.730191518171481	1.02692187482771	-0.178552312779931	2	2	2	1	4
61.2316423554694	11.9779235413381	0.0121416423552745	-0.0267035560173548	0.150540778923565	0.479085668492153	2	2	2	1	4
73.364799012782	24.1110801986507	-0.731437842269826	0.562248328904528	-0.486382698991489	1.03025969829962	2	2	2	1	4
11.5171186929184	-36.6745071788119	-1.37475292829341	-0.716468116853134	-0.261172698068386	-0.467774795425663	1	1	2	1	5
24.185268810143	-24.0063570615873	-1.1741807759777	0.011381139583609	0.653844946210006	-0.0721118697777725	1	1	2	1	5
35.8377584002967	-12.3538674714336	-0.500523902891748	0.528183019921171	1.09015707186379	0.582387270688801	1	1	2	1	5
48.1916258717303	0	0.242974332282553	0.559790427546399	0.677163767767762	1.19615289263845	1	1	2	1	5
61.4410446064129	13.2494187346826	0.611264324169196	0.0894366296713517	-0.234341869131827	1.48825933501233	1	1	2	1	5
70.8430648998603	22.65143902813	0.383891863465778	-0.633370519777064	-0.870134489221034	1.32500703483596	1	1	2	1	5
13.7090582859111	-45.5307296884323	-0.873370684793932	-0.712205367044168	-1.0445645009611	-0.246453317196282	1	1	2	2	6
23.8512590613472	-35.3885289129962	-0.967933983312272	-0.200607104934222	-0.621882544750795	-0.834030361744176	1	1	2	2	6
35.1124231919573	-24.1273647823861	-0.343067303533183	0.482961210981288	0.314368412341934	-1.15715198344304	1	1	2	2	6
44.6378648304783	-14.6019231438651	0.523708843919418	1.01884747273187	0.9308056491176	-1.08533672869269	1	1	2	2	6
59.2397879743434	0	0.970007742130935	1.15645906329199	0.678721430816672	-0.647584695911859	1	1	2	2	6
72.1428068927335	12.9030189183901	0.654769634418233	0.831445669782096	-0.217497148237951	-0.0206668521852583	1	1	2	2	6
11.7776938459609	-37.2874317179155	0.37364937274893	-0.0183964418865493	0.222609662340357	-0.757357528168511	1	1	2	1	7
26.8774406684682	-22.1876848954082	1.15167859760361	0.668866144102026	-0.41891276206525	-0.359359306562177	1	1	2	1	7
36.7295528388867	-12.3355727249897	1.47875319277851	1.23314644311261	-0.678682404238262	0.484733221504149	1	1	2	1	7
49.0651255638763	0	1.13566848695758	1.40569231896814	-0.422729715792153	1.14878867044107	1	1	2	1	7
60.4883396971844	11.4232141333081	0.35235909225224	1.10432462629348	0.216944251138569	1.14022365095649	1	1	2	1	7
72.1491643733433	23.0840388094669	-0.346202765006895	0.472577015515699	0.91044401012424	0.465391527568099	1	1	2	1	7
9.84716457648615	-37.5203713852739	-0.528097192871437	-1.08186474578935	-0.391407773046064	-0.628590109619412	2	2	1	2	8
23.5356127341781	-23.831923227582	0.306800064923593	-1.16571554764739	-1.03094858716348	-0.520796341540073	2	2	1	2	8
33.4957615788165	-13.8717743829435	0.650293374347056	-0.482919617558538	-1.14468954681723	-0.186644677586786	2	2	1	2	8
47.36753596176	0	0.244965611010944	0.403063852091341	-0.66253309612216	0.289015916042205	2	2	1	2	8
58.78680058653	11.41926462477	-0.605426777986161	0.761100552679193	0.118371973045256	0.785404027836987	2	2	1	2	8
69.9664248574109	22.5988888956508	-1.2635917191989	0.295730213767436	0.716760715377755	1.17647504194679	2	2	1	2	8
10.9493684029392	NaN	-0.898806929814715	-1.40738106021102	-0.312629967708386	-0.560360933488232	2	2	2	1	9
24.9745270267134	NaN	-0.0985044231709385	-0.828413925201708	0.283535626144133	0.039373899957864	2	2	2	1	9
36.6850633057044	NaN	0.638751821322001	0.0592128294591499	0.963161677351389	0.678677074408684	2	2	2	1	9
47.0150981784978	NaN	0.776257641998644	0.553655684948485	1.40236255436758	1.08000304388682	2	2	2	1	9
60.9795269843847	NaN	0.213912230270875	0.263960322087229	1.39183072229882	1.06912111509184	2	2	2	1	9
70.9008341136436	NaN	-0.638910976847762	-0.580812100490486	0.936585278154221	0.650755542476724	2	2	2	1	9
12.3623512674219	NaN	-1.23395035101416	-1.07782243223804	-0.257216270129597	0.0204168687154455	2	1	1	1	10
22.8332215861556	NaN	-1.40799594973745	-0.804566687482269	-0.832535439658331	-0.440212733835442	2	1	1	1	10
36.4285071425179	NaN	-1.0020798923606	-0.270573981622293	-1.03274870250787	-0.522766854273284	2	1	1	1	10
47.9614204981756	NaN	-0.254837618850352	0.329055338629762	-0.763786855051743	-0.192445452197316	2	1	1	1	10
60.5952025185101	NaN	0.394431943194262	0.775239838272781	-0.152020280730112	0.411507082451492	2	1	1	1	10
73.2212304525314	NaN	0.564027393250196	0.904960903714024	0.515115544741443	1.03449930718121	2	1	1	1	10
12.7234749567719	NaN	-0.935385301588983	-1.32175669819726	-0.724310971792411	-0.649143161053147	2	2	2	1	11
22.3769200047792	NaN	-1.3353148567028	-0.634234450394327	-0.300502389986849	-0.0997835695134836	2	2	2	1	11
38.2648121128339	NaN	-1.28541445564937	0.287307927659679	0.401413105436034	0.362135220954115	2	2	2	1	11
47.2036983111654	NaN	-0.809012836793132	0.618049111627144	1.02065063856394	0.597174119747665	2	2	2	1	11
57.7730791258233	NaN	-0.12883062938903	0.0619610643068845	1.23892184276778	0.534382104782335	2	2	2	1	11
71.2736082039388	NaN	0.437142883477047	-0.883232734011909	0.944035222294264	0.19271415612068	2	2	2	1	11
13.5764915634809	NaN	-0.547904407136183	-1.33710736917327	-0.242637394109529	-0.209331618711173	1	2	1	2	12
24.5241228015746	NaN	-0.0312304278102251	-1.13647060657253	-0.69894822729133	-0.958387113650974	1	2	1	2	12
35.0979751580255	NaN	0.533087490803218	-0.744049805122641	-0.615947813527744	-0.932251666986118	1	2	1	2	12
47.5872459407335	NaN	0.961672906864377	-0.255690213472291	-0.0401119934136625	-0.153478871051251	1	2	1	2	12
59.9375246336093	NaN	1.11525597614286	0.209330733750278	0.706121638213374	0.705889032593377	1	2	1	2	12
70.9680273694743	NaN	0.943929517168492	0.537435855751579	1.20490172691516	0.904260227560575	1	2	1	2	12
12.0626030262909	NaN	-0.540898357356905	-0.553163117060755	-0.541211315295049	-0.556314265493712	1	2	2	1	13
25.5754352479976	NaN	-0.348504423468445	-0.0179406208748377	-1.07189558580031	0.0526364793862309	1	2	2	1	13
35.4578227595362	NaN	0.380931782733008	0.398484734431751	-1.27068632579827	0.798422776086241	1	2	2	1	13
46.9859432120087	NaN	1.15134935871521	0.574301159937318	-1.05522669519996	1.25766165114404	1	2	2	1	13
61.868059343517	NaN	1.43881758261474	0.458079238485259	-0.514779274058144	1.16964313802931	1	2	2	1	13
71.3510367284806	NaN	1.04784061067641	0.0838159397211132	0.126754452880269	0.584335357592651	1	2	2	1	13
11.0651003078263	NaN	-0.510680123843515	0.0967534619061613	-0.783069236554283	-0.503190517901151	1	2	1	1	14
22.7121966587786	NaN	-0.342612920676133	0.763087501565414	0.071762239969125	-0.264948252755165	1	2	1	1	14
36.7942046237145	NaN	0.193296516268454	1.30074680108772	0.866367755973289	0.242370051677993	1	2	1	1	14
46.4976437777437	NaN	0.859067671783119	1.4704891378764	0.905740059913772	0.83818644868677	1	2	1	1	14
57.81698312262	NaN	1.3590525283544	1.19678427566815	0.155441891794882	1.31042244504759	1	2	1	1	14
70.4023558081927	NaN	1.4712235463275	0.601422648718268	-0.728273227409331	1.49098750304293	1	2	1	1	14
12.5260778984836	NaN	-0.877117995850709	-0.518167014481498	-0.0395316565472213	-1.1499644805176	1	1	2	2	15
25.0554974249548	NaN	-0.696576448844879	-0.659899018944003	0.537462107311592	-0.744619693763314	1	1	2	2	15
36.6964939473369	NaN	0.1652147297066	-0.486400064016472	1.03018663056317	-0.194052874001536	1	1	2	2	15
50.0457726656454	NaN	0.952418072009086	-0.0523861556355097	1.27437440987257	0.328345919511931	1	1	2	2	15
60.4995368440505	NaN	0.97461367624196	0.505268639162226	1.18861663573431	0.658057586621986	1	1	2	2	15
72.9380282800983	NaN	0.212334797192365	1.01069788316694	0.801503757343595	0.691246001638601	1	1	2	2	15
11.8904414522184	NaN	-0.283126016848783	-0.0524390410506758	-1.06971978394621	-0.686055100193055	2	2	1	1	16
23.9601326849717	NaN	-0.743932249659174	0.772148076410628	-0.270561767066684	-0.0370644415309678	2	2	1	1	16
34.9265576036045	NaN	-0.759044830605326	1.25922734823626	0.519982855762356	0.425662405009816	2	2	1	1	16
48.2014041733631	NaN	-0.321224578615153	1.07501972478998	0.680137756883754	0.504475352829037	2	2	1	1	16
60.0660703105881	NaN	0.359805223936407	0.345756497457271	0.0839384766074304	0.165710079058586	2	2	1	1	16
71.614568842941	NaN	0.957819819430156	-0.428822761512303	-0.799694460738133	-0.445932528081106	2	2	1	1	16
