age	diseaseAge	x1	x2	x3	x4	z1	z2	z3	z4	id
11.6674168606741	-36.2201359649566	-1.07993408092912	-0.264203081987006	-0.394494839032315	-1.38497684573034	1	2	1	1	1
24.0882265484732	-23.7993262771576	-0.753019976759113	0.50091816228743	-0.806505300187851	-0.856577558635262	1	2	1	1	1
36.851360295502	-11.0361925301287	-0.00618527254808236	1.09836203564068	-0.659939141235557	-0.144491303572102	1	2	1	1	1
47.8875528256307	0	0.694492651667699	1.17426976761599	-0.0381835731773234	0.390190726746083	1	2	1	1	1
60.9543935068684	13.0668406812377	0.911741492758259	0.683682127894055	0.705020382758702	0.47633709188346	1	2	1	1	1
71.7125368816171	23.8249840559864	0.509982694852424	-0.0828317660966764	1.14683497511552	0.0702639073187765	1	2	1	1	1
12.952322824859	-36.1558087675967	-0.484814698771765	-0.733815478056901	-0.760294563951233	0.12180812183197	2	1	2	2	2
24.0781049258119	-25.0300266666438	0.418338509225851	-0.316967952619021	-0.769810034502627	-0.489864254043388	2	1	2	2	2
34.6536356430472	-14.4544959494086	0.990625671423111	0.215380513357787	-0.374275801464376	-0.662983898425415	2	1	2	2	2
49.1081315924557	0	0.763936173242217	0.709407861878841	0.257638525702776	-0.304692155037154	2	1	2	2	2
59.5786053912563	10.4704737988006	-0.0763060105689677	1.02236491958881	0.85646261074699	0.392828916338835	2	1	2	2	2
73.1337308007535	24.0255992082977	-0.842812555128414	1.06382276303326	1.16683695220553	1.055439976149	2	1	2	2	2
11.3589802553904	-36.8670910231312	-1.15828819877663	-0.865768766346285	-0.630533842099935	0.111976439174551	2	1	2	1	3
22.8652061328096	-25.360865145712	-1.31282398670808	-0.189420760781581	-0.382839042845864	-0.404595652148008	2	1	2	1	3
35.4985919131328	-12.7274793653888	-1.05760270986202	0.625276727443225	0.376889959157803	-0.616027115698513	2	1	2	1	3
48.2260712785216	0	-0.497564179805894	1.00701488817666	1.12621630548327	-0.440455737084024	2	1	2	1	3
60.3534990230079	12.1274277444862	0.137019509609598	0.688098806987063	1.34985664999133	0.0541406075740561	2	1	2	1	3
71.2122025553989	22.9861312768773	0.585225391404724	-0.107830754350784	0.894021998587553	0.676263683696785	2	1	2	1	3
12.0654470325081	-35.7977560362409	-0.000579406175037989	-0.629090536311375	-1.00912216730955	-0.125228457723737	2	1	1	1	4
23.9280043025885	-23.9351987661605	0.589626215859801	0.103442597232068	-0.471660642804832	0.695037056257844	2	1	1	1	4
35.4731808038816	-12.3900222648674	1.11958255138778	0.867619816669794	0.126091471537923	1.13723229436371	2	1	1	1	4
47.863203068749	0	1.40145711708268	1.14742044677066	0.566284461776864	0.896752367336487	2	1	1	1	4
60.6755798645177	12.8123767957687	1.33534507907132	0.75390544773838	0.688490761531567	0.139251165648898	2	1	1	1	4
71.5956755595495	23.7324724908005	0.94467853438686	-0.0471990237854728	0.448172498321687	-0.613468835754413	2	1	1	1	4
11.3328774568693	-37.8244353549099	-0.223411775700181	-0.25779518346998	-1.08714253559752	-0.368179435640813	2	2	1	1	5
24.1300013572385	-25.0273114545407	-0.784241359737576	-0.50687126419088	-0.759781307896474	-0.874963738013608	2	2	1	1	5
35.2392897598991	-13.9180230518801	-0.568681048946469	-0.417290641133602	0.0767632150294747	-1.02470060412832	2	2	1	1	5
49.1573128117792	0	0.251853117871805	-0.0197034898424867	0.787191377305346	-0.754151562237446	2	2	1	1	5
59.2685572164649	10.1112444046858	1.02486293239241	0.549855011924726	0.831980470158701	-0.177577771839436	2	2	1	1	5
70.8592638333553	21.7019510215762	1.13564209792567	1.09650937138682	0.177116170984012	0.461515968945335	2	2	1	1	5
13.8342552318511	-33.7518646442175	-0.915440837195087	-0.60367774177954	-0.670108008045695	-0.438346539725091	2	1	1	2	6
25.5161304987376	-22.069989377331	-0.314453488054039	-0.179976366795177	-0.451935214761793	0.262450410697667	2	1	1	2	6
36.2744760433864	-11.3116438326823	0.604892189738688	0.466356405326827	0.390009179642885	0.640228738152708	2	1	1	2	6
47.5861198760687	0	1.05809028728628	1.05410376766719	1.16077877634726	0.494136532498216	2	1	1	2	6
60.9219619243899	13.3358420483213	0.658412945835444	1.32753919104197	1.22417531913606	-0.0981539407332443	2	1	1	2	6
72.1403695558029	24.5542496797343	-0.253082881180207	1.16769201517098	0.527870887778961	-0.82174194674106	2	1	1	2	6
12.9253916024476	-35.4716067955088	-0.373367623765619	-1.18842440872501	-0.402877036741711	0.152235167779259	2	2	1	2	7
23.9922860810434	-24.4047123169131	-0.956236826433795	-1.07380930605108	-1.06647325697883	-0.436773246075476	2	2	1	2	7
36.8337324194891	-11.5632659784673	-1.23584319652106	-0.67570900116128	-1.00532671195799	-0.710937749168724	2	2	1	2	7
48.3969983979564	0	-1.09345613133513	-0.122096545645281	-0.267336672492628	-0.550646034341642	2	2	1	2	7
59.436172989458	11.0391745915016	-0.589538137720304	0.409064179383983	0.56939085811126	-0.0258300643851729	2	2	1	2	7
73.5867394609068	25.1897410629504	0.0619296540984319	0.747026610732114	0.849403661387491	0.634543798199153	2	2	1	2	7
11.0112791103546	-48.6396673877844	-0.67353880211863	-0.10359061468896	-0.72042742949218	-0.673411571985381	1	1	2	1	8
23.0000374407266	-36.6509090574123	-0.264987435655578	-0.688131269789414	-0.0616012159978755	-1.22231539148645	1	1	2	1	8
35.4906645293348	-24.1602819688042	0.324526732926557	-0.840212098075973	0.723429029873466	-1.18752386207388	1	1	2	1	8
47.2135771267286	-12.4373693714103	0.880455646202053	-0.48115839465518	1.12733285706965	-0.590752259163763	1	1	2	1	8
59.650946498139	0	1.20047427999563	0.203283586485537	0.889085022409505	0.195521979876196	1	1	2	1	8
71.5089685401676	11.8580220420287	1.16811490565951	0.859037190914271	0.162654601678354	0.680542572076621	1	1	2	1	8
15.6460399023342	NaN	-0.962038296622343	-0.391061537546194	-0.872012428532904	-0.207732872143196	2	2	1	2	9
24.2586810510962	NaN	-0.497697447497489	-0.64477416522305	-0.710201094824084	0.41991576297484	2	2	1	2	9
36.8982556286068	NaN	0.22206344510251	-0.648843119269514	-0.25063736969745	0.956007729801075	2	2	1	2	9
46.7581105355615	NaN	0.817603852427916	-0.402215833194232	0.343351181475079	1.18771792844738	2	2	1	2	9
60.6890190521911	NaN	0.974803797340013	0.0313095733357221	0.86066281454459	1.02305888433184	2	2	1	2	9
70.6973347777106	NaN	0.610747591004585	0.539587740394228	1.11744653138339	0.527399190307727	2	2	1	2	9
11.8597678779211	NaN	-0.334387242864674	-0.710230762044163	-0.761155385844624	-0.996956899388911	2	2	1	1	10
22.6797687720353	NaN	0.256777382771894	-1.11151487376211	-0.324458774902024	-1.01021051186116	2	2	1	1	10
37.5844031216958	NaN	0.884447445899518	-0.882060709534339	0.402530914724447	-0.288071911924552	2	2	1	1	10
46.3286283549351	NaN	1.28631541956447	-0.167603986851409	1.02262975919202	0.578317406904739	2	2	1	1	10
60.2562247544424	NaN	1.2944379836589	0.578074629871347	1.19705263440555	0.879732545217978	2	2	1	1	10
71.8620580321574	NaN	0.905420664198302	0.881364175275385	0.830505256314258	0.369435556800251	2	2	1	1	10
11.5838571428341	NaN	-0.226860043156516	0.00052204569196572	-0.820805680905171	-0.541628244019542	1	2	1	2	11
23.8776506104794	NaN	-0.692604008718169	0.800439981602365	-0.71334407364216	-0.578592918392637	1	2	1	2	11
34.5759570674513	NaN	-0.974258521197594	1.09409233100874	0.0899673026121783	-0.318483534728717	1	2	1	2	11
48.2795710543071	NaN	-0.994729474981488	0.669925953832635	0.914878282492596	0.159656215973198	1	2	1	2	11
62.0077266232129	NaN	-0.748413587313512	-0.166481043063515	1.06900932173146	0.710526190456205	1	2	1	2	11
73.1317051840559	NaN	-0.302732121538409	-0.81256400479218	0.42299230509146	1.16672452328075	1	2	1	2	11
11.2055222929034	NaN	-0.40359379490888	0.121370832603581	-0.328305605912004	-1.20863384901395	1	1	2	1	12
25.1393807565612	NaN	0.393043768960157	0.972611493183717	0.551858015950045	-1.47677681836115	1	1	2	1	12
34.8507538872944	NaN	1.25488639628413	1.23600949257092	1.3069380025567	-1.06322500171471	1	1	2	1	12
47.1528832981805	NaN	1.41584967867875	0.697068145003107	1.2776872101755	-0.251216415760394	1	1	2	1	12
59.8477730844113	NaN	0.732854755740282	-0.20532868122007	0.489643994571756	0.403111371826321	1	1	2	1	12
71.9757076470846	NaN	-0.18699013155992	-0.736319184120584	-0.369164881210249	0.451614990956219	1	1	2	1	12
11.4268957516651	NaN	-0.393948923394789	-1.1167253293957	-0.75977563013099	-0.941431460457849	1	1	2	2	13
21.8753899430322	NaN	-0.460337615326693	-1.02430919741025	0.0596189957871575	-0.665484768590413	1	1	2	2	13
35.6432701563138	NaN	0.0799537860499893	-0.573381182065767	0.7731763005287	-0.133971366552063	1	1	2	2	13
48.0045068986026	NaN	0.880581779831675	0.0548415580186787	0.856451917688588	0.461563864009993	1	1	2	2	13
59.2758376699793	NaN	1.42831905649389	0.607891364893262	0.248240632229152	0.906504085933628	1	1	2	2	13
72.6890306083374	NaN	1.37204907875469	0.863510780236015	-0.604439523627642	1.04050334778732	1	1	2	2	13
11.3357211934851	NaN	-0.299581008064644	-1.13163990836065	-0.609492568249269	-0.645651019004245	1	2	2	2	14
25.2638395414955	NaN	-0.611860395301783	-1.2262368338019	-0.447681942537168	0.208001606477265	1	2	2	2	14
37.8328986849894	NaN	-0.552142867616254	-0.578187477646592	0.233191548383878	0.733587159152718	1	2	2	2	14
45.9786491754066	NaN	-0.143175663694193	0.299305242793912	1.00063602840943	0.547849896268811	1	2	2	2	14
60.5399228379673	NaN	0.459259907978127	0.711337737581288	1.36716959760055	-0.213771009082318	1	2	2	2	14
72.7268862722227	NaN	1.02568774092133	0.331613442505571	1.099969575814	-0.995903392862067	1	2	2	2	14
11.7268573183333	NaN	-1.47948143050925	0.241176132782613	-0.223546681143153	-0.642441518561592	2	2	1	1	15
23.4847260771287	NaN	-1.26521426984288	1.11789508271516	-0.69642846042233	0.102856454143759	2	2	1	1	15
37.7731505106723	NaN	-0.853197218831797	1.35115430046175	-0.851133813807469	0.642760485502491	2	2	1	1	15
47.0211816229907	NaN	-0.349305592627981	0.738094534354965	-0.629316408642115	0.67736768582843	2	2	1	1	15
59.758284975102	NaN	0.116976441557887	-0.188122668630736	-0.114633544609683	0.187454639886876	2	2	1	1	15
72.2860468272054	NaN	0.425829188890399	-0.62199118318847	0.498804768905381	-0.554844477285417	2	2	1	1	15
11.1137451609413	NaN	-1.30234818550079	-0.435000704308539	-0.926666739356302	-0.507699438982564	2	2	1	1	16
23.9480106104379	NaN	-1.09970919349787	0.199360758092439	-0.494901812392299	0.421991957255557	2	2	1	1	16
35.4437739877961	NaN	-0.222960543821105	0.831731213485068	0.254475855300665	1.00835600646738	2	2	1	1	16
46.658817629205	NaN	0.550475850871503	1.17608620873771	0.885651652492053	0.741378343004094	2	2	1	1	16
61.2225094572661	NaN	0.534786101385005	1.07667218458718	1.03155347851741	-0.146726176414048	2	2	1	1	16
71.4780314218212	NaN	-0.256117532410663	0.578454622340816	0.607329395123997	-0.883491941540782	2	2	1	1	16
