age	diseaseAge	x1	x2	x3	x4	z1	z2	z3	z4	id
12.3268748079534	-47.2812806327661	0.226797597656679	-0.836304342007852	-0.871063551949971	-0.91391396326757	1	2	1	2	1
24.5963184894479	-35.0118369512716	-0.435804762965527	0.00599101970080385	-0.751491445173722	-0.958499838828704	1	2	1	2	1
36.0344339374564	-23.5737215032631	-0.670206241531657	0.774408426745435	-0.385282013924658	-0.290641165974596	1	2	1	2	1
47.0071396449299	-12.6010157957895	-0.34493766698929	0.836284702777017	0.12488310309717	0.571926052814167	1	2	1	2	1
59.6081554407194	0	0.357567001088988	0.140675086555238	0.635958463165911	0.960524263620353	1	2	1	2	1
70.3606192755786	10.7524638348591	1.04329272944624	-0.739702280369222	1.00464340006965	0.57390517483444	1	2	1	2	1
12.6484607515677	-33.7031440137346	-0.602341381939092	-0.947152746586362	-0.416568301943801	-0.741295299683731	2	1	1	2	2
23.2033854407056	-23.1482193245967	-0.442482318048992	-1.42039086382355	-0.678118140118514	-0.372619200417377	2	1	1	2	2
35.0212541288343	-11.3303506364679	0.0594327363757641	-1.28287968032606	-0.380706802041331	0.280470649835896	2	1	1	2	2
46.3516047653023	0	0.69841403558904	-0.62093350359769	0.309368731647074	0.912110103104885	2	1	1	2	2
60.4982366059592	14.1466318406569	1.21349189376942	0.149951090767522	1.00625404662507	1.22648096052431	2	1	1	2	2
72.0511744050931	25.6995696397909	1.3943006758218	0.545898040942295	1.32028705239228	1.07635267730118	2	1	1	2	2
14.4281013033601	-22.4384858718442	-0.933668198048731	-0.707682326970498	-0.926629997513267	-0.304033764342986	1	2	2	2	3
25.2532849786269	-11.6133021965773	-0.458812085000735	-1.05746693425781	-0.699548704889889	0.585032799986137	1	2	2	2	3
36.8665871752042	0	0.472499721121128	-0.950707653783357	-0.0249055912462207	1.04962616469376	1	2	2	2	3
47.8136108483602	10.947023673156	1.04897340093582	-0.437044779422347	0.704627058167902	0.718978873189233	1	2	2	2	3
61.1286500131443	24.26206283794	0.768425335170811	0.244681787294018	1.06442880801944	-0.143036913165709	1	2	2	2	3
71.2404061181795	34.3738189429753	-0.124750589724356	0.777486890940025	0.845079043921577	-0.848491867509197	1	2	2	2	3
12.9103910022682	-34.2860316920742	-1.11647840625079	-0.0890198000334183	-1.05575495632918	-0.756613746860323	2	1	1	1	4
26.1171602362122	-21.0792624581302	-0.576346110224735	0.84202497445013	-1.48905690629342	-0.656846050370382	2	1	1	1	4
36.6219793021299	-10.5744433922125	0.275108003953653	1.3867770556785	-1.26395555181651	-0.215757898702691	2	1	1	1	4
47.1964226943424	0	0.820591480136677	1.07277691553759	-0.530128464366255	0.397202496146301	2	1	1	1	4
59.3637994291854	12.167376734843	0.664636342782369	0.172354597639557	0.224477686069088	0.946560563982175	2	1	1	1	4
73.345119882453	26.1486971881106	-0.0796920905739974	-0.533560153868056	0.49809952150228	1.22127517393651	2	1	1	1	4
13.4180842033114	-34.7306329682272	-0.564390744230306	0.169322917368828	-0.530037695200227	-0.305389763168248	1	2	1	2	5
24.3086799880447	-23.8400371834939	-0.0727938847119459	-0.286051950246574	0.0358744561434113	0.571393002134321	1	2	1	2	5
35.8464600520286	-12.3022571195101	0.534478022167179	-0.501634319445327	0.93582288314785	1.19339532101969	1	2	1	2	5
48.1487171715386	0	1.03345107634936	-0.4109391760601	1.43958951035838	1.07486248937853	1	2	1	2	5
58.8841223159948	10.7354051444561	1.24009413840115	-0.0419366547326357	1.13841814023996	0.308363101913617	1	2	1	2	5
73.1018697083543	24.9531525368157	1.07819315658837	0.491573874257305	0.276679196331144	-0.507502688524766	1	2	1	2	5
11.089515425817	-36.4184248333806	-0.629430839367168	-0.384748835869571	-0.980104511105058	-0.754244652021604	2	2	1	2	6
22.8912053519405	-24.6167349072571	-0.438621402720894	-0.868888094880498	-0.733127966202911	-0.820641940701446	2	2	1	2	6
35.6319911713749	-11.8759490878226	0.0148479825922027	-0.94683491246585	0.146343911088777	-0.373080194628626	2	2	1	2	6
47.5079402591976	0	0.583535815718578	-0.583266492325209	0.896168888860687	0.348836834131701	2	2	1	2	6
60.1195536999859	12.6116134407884	1.08253835155665	0.0570605578475944	0.866555544719331	0.958628329717856	2	2	1	2	6
71.7271605329864	24.2192202737888	1.34960939400898	0.683972210945761	0.0831665300591944	1.1298402741046	2	2	1	2	6
11.0567271453264	-37.7319758042609	-1.38496699314006	-0.193569401418157	-0.437340612038348	-1.10868939085102	1	2	1	1	7
25.1000255264003	-23.688677423187	-0.908075422730056	0.732569121082886	0.0663949559853603	-1.3701420505018	1	2	1	1	7
35.8193196134536	-12.9693833361337	0.00215356782655957	1.36977166718955	0.663367132386704	-1.3188858871306	1	2	1	1	7
48.7887029495873	0	0.587519970094969	1.15862856536815	1.1405046949309	-0.971259697527444	1	2	1	1	7
60.9841840732462	12.1954811236589	0.360426909286595	0.28450551128045	1.32750777430367	-0.438075397708768	1	2	1	1	7
71.8158363359371	23.0271333863498	-0.489962269542826	-0.485191756419494	1.15763125865772	0.110705209619366	1	2	1	1	7
12.2193790802002	-36.2136843019188	0.2172775894999	-0.188083681523145	-0.685175853490179	-0.225579686066729	2	1	2	2	8
22.9607155118318	-25.4723478702872	0.71155371533226	-0.687847199113745	0.0350737955942468	-0.771877230395381	2	1	2	2	8
35.979093889669	-12.45396949245	1.08817996664254	-0.832366186746036	0.558471195044002	-1.02482504099914	2	1	2	2	8
48.433063382119	0	1.25052791554361	-0.561249179008891	0.613384094518454	-0.884499501376622	2	1	2	2	8
60.9896473660244	12.5565839839054	1.15694505635263	0.0122096911718138	0.171313853266511	-0.406334320849607	2	1	2	2	8
70.7209578721377	22.2878944900187	0.831441304813255	0.648373943561815	-0.538314364264828	0.220777803668439	2	1	2	2	8
13.5517159266166	NaN	-1.13421139112304	-1.2682390208882	-0.260954530360707	-1.25648618781669	1	2	2	1	9
22.976417171315	NaN	-1.04679739065647	-0.97293577029018	0.665241686590985	-0.969726642700125	1	2	2	1	9
35.360835862307	NaN	-0.419513840519572	-0.302879350587858	1.05732868381367	-0.498919890041192	1	2	2	1	9
49.0348156938958	NaN	0.358277547554733	0.385127444379832	0.569879822171013	0.0257094227625781	1	2	2	1	9
59.4883909990856	NaN	0.803793212343357	0.724723306211879	-0.36766494439629	0.459049385381875	1	2	2	1	9
72.4753796858996	NaN	0.64049674250875	0.535074578644465	-0.929333471825331	0.681238624723274	1	2	2	1	9
13.9849560837098	NaN	-0.889975758736194	-1.00534917681614	-0.343730271293866	-1.37834970024899	1	2	2	1	10
24.6273474607702	NaN	-0.913479296329284	-0.283764073006206	0.473911310908694	-1.04154630001638	1	2	2	1	10
35.3116797234881	NaN	-0.47189350082005	0.558250002255405	1.30766531339797	-0.346705334636651	1	2	2	1	10
47.6678748946648	NaN	0.218113339581515	0.866206125447529	1.43034213206526	0.328386800323862	1	2	2	1	10
59.5564794439689	NaN	0.817982778287276	0.400733885113685	0.734944610754639	0.616681187128236	1	2	2	1	10
71.8281003456301	NaN	1.03338314576519	-0.476361015598051	-0.172010404185637	0.361431602281563	1	2	2	1	10
11.7090291574792	NaN	0.108992189466482	-0.434555510098082	-0.423092735921093	-0.292794531098259	1	2	1	1	11
23.9464263305314	NaN	-0.53908764151503	-0.84563395563417	0.173370539164097	-0.550066301014282	1	2	1	1	11
34.8461629370933	NaN	-0.730240321416631	-1.04082933486904	0.881159110467338	-0.4613311102748	1	2	1	1	11
48.3425275675667	NaN	-0.355312602522176	-0.967298768086851	1.33796430252194	-0.0576391581961353	1	2	1	1	11
60.1290734117991	NaN	0.371601848277539	-0.644948294616702	1.30995289056295	0.519749752093113	1	2	1	1	11
73.0166418933149	NaN	1.03541560894149	-0.161043952019019	0.811463588121913	1.06879581430966	1	2	1	1	11
11.924939728159	NaN	-0.726993119004978	-0.978925056433946	-0.519938688737255	0.246033957047397	1	1	1	2	12
25.5223226998271	NaN	-1.36668206891395	-0.656011858915354	-0.904678868876208	-0.511203410597402	1	1	1	2	12
35.0515279406795	NaN	-1.28466078443246	-0.0304838050466358	-0.564681922896486	-0.544846355440158	1	1	1	2	12
45.7662888314497	NaN	-0.544206961152781	0.613037197569322	0.253539798965796	0.172992049921908	1	1	1	2	12
61.2175690410418	NaN	0.283434852320125	0.981742258564961	0.956740498312962	1.04728935454633	1	1	1	2	12
71.2676965672506	NaN	0.559756407018322	0.907866659548544	1.03506954520998	1.3533329752611	1	1	1	2	12
10.8239177673728	NaN	-0.256096035326106	-0.376575073507926	-1.1016950104818	-0.932700991874037	1	2	1	1	13
23.2855005118876	NaN	-0.847915636957436	0.504392413811023	-1.38326037415863	-1.38380737701585	1	2	1	1	13
36.5908412497647	NaN	-0.898750883804994	1.05137184424188	-1.16400028189241	-1.09981828036305	1	2	1	1	13
48.2143237424627	NaN	-0.377835113766574	0.839795644886336	-0.553847478434165	-0.290712576439744	1	2	1	1	13
60.3793785325071	NaN	0.39956145270344	0.0338900890663626	0.141279290545608	0.445264565896223	1	2	1	1	13
73.4821812638111	NaN	0.96294051052704	-0.740797779245619	0.572856986157279	0.563938550350031	1	2	1	1	13
13.3154649253338	NaN	-0.804837001607411	-0.586869265390791	-0.421969982367475	-0.750551473343164	2	1	1	2	14
24.3157663817712	NaN	-0.332573572404655	0.314445936421787	-0.825362214421689	-0.453573095411506	2	1	1	2	14
36.6140111353795	NaN	0.606382575237683	0.961878158788126	-0.999978116554973	0.330147374484597	2	1	1	2	14
48.8049444644123	NaN	1.1806675059564	0.814782887679611	-0.897271280667991	1.05634002750956	2	1	1	2	14
60.1286412434656	NaN	0.881801903416092	-0.00400655378970764	-0.545796081870033	1.2206862650802	2	1	1	2	14
72.3280250033193	NaN	-0.0255947567064583	-0.81075215508804	-0.0432690409887215	0.709052649094642	2	1	1	2	14
11.8992827672247	NaN	0.00694616567916295	-0.294754286332605	-0.0512336777939766	0.26724116724829	2	2	2	2	15
24.450528354064	NaN	-0.510456611389579	0.484652636798273	0.479579955362782	-0.214832749670505	2	2	2	2	15
33.7908192583832	NaN	-0.156194334925788	0.819416610903123	0.930195424751351	-0.496081316925198	2	2	2	2	15
47.6248354810255	NaN	0.759422229754742	0.485781707369632	1.17359600515044	-0.49373829692028	2	2	2	2	15
59.8935254870975	NaN	1.43437238838576	-0.293250814908571	1.1411734335521	-0.208493196991953	2	2	2	2	15
70.9489293084393	NaN	1.2774436010224	-0.996976343352847	0.842066785614938	0.275711639814021	2	2	2	2	15
11.6846431193701	NaN	-0.812061969778896	-0.0931800604902905	-0.825259552786415	-0.707766843301285	2	1	1	1	16
22.1230664068155	NaN	-1.35247745779378	-0.53718946079704	0.107580119149442	0.0027451242435334	2	1	1	1	16
35.7587729540711	NaN	-1.42557686339755	-0.816247301907025	0.522132703438445	0.564469296731593	2	1	1	1	16
48.7514792006392	NaN	-0.99301258942119	-0.860936582162603	0.0510379200017781	0.692585670800616	2	1	1	1	16
59.5488873724777	NaN	-0.28170577689369	-0.660140624715559	-0.888238466512681	0.32213334948319	2	1	1	1	16
71.4301263554579	NaN	0.335195435905637	-0.263808405217344	-1.46334647325977	-0.35905129383507	2	1	1	1	16
