age	diseaseAge	x1	x2	x3	x4	z1	z2	z3	z4	id
11.8527728307366	-37.75325087586	-0.822324286884672	-0.171360799472136	-1.2066494845741	0.103007307943682	1	2	1	1	1
23.7747589910039	-25.8312647155927	-0.0348384213520002	-0.661490594159696	-0.375391867711945	0.943993549145318	1	2	1	1	1
36.7295589715011	-12.8764647350955	0.605123087091823	-0.966122021129858	0.412197591941169	1.29833287860743	1	2	1	1	1
49.6060237065966	0	0.687665304859949	-0.997155606358492	0.503474636865157	0.898780044551638	1	2	1	1	1
60.2567714249758	10.6507477183792	0.159919994685345	-0.745616430340678	-0.177198412549458	0.0466806466834415	1	2	1	1	1
70.4714345367205	20.8654108301239	-0.640092312492857	-0.284249676736681	-1.06577470231762	-0.615305866301014	1	2	1	1	1
13.7301007340216	-35.4158995214269	-0.544234732093789	-1.18627683581	-0.824303013933775	-0.616000663560838	2	2	1	1	2
23.7191742066126	-25.4268260488359	-0.719851729481108	-0.854234465054785	-0.988474723188796	-0.123322571676728	2	2	1	1	2
35.4884098837801	-13.6575903716684	-0.635836462860143	-0.227673176159315	-0.715192643875369	0.387744567920825	2	2	1	1	2
49.1460002554485	0	-0.314096475096666	0.410709753098698	-0.124462762219319	0.778466520289843	2	2	1	1	2
59.0406446018827	9.89464434643418	0.161472379436078	0.772883256198786	0.524308515697769	0.942777943057429	2	2	1	1	2
71.4236508906286	22.2776506351801	0.666862340180646	0.695438796379764	0.946227144730199	0.836074873722999	2	2	1	1	2
12.609784297668	-33.8828417814866	0.0110642895419086	-0.72786704467396	-0.528802884371393	-0.537841531097174	1	1	1	1	3
24.5579461616283	-21.9346799175263	-0.65137892733821	-0.439780368033048	-0.0373016606239961	0.101577908983733	1	1	1	1	3
34.3515923757256	-12.1410337034291	-0.932807956007276	0.270404078060781	0.500977585022887	0.627315205080954	1	1	1	1	3
46.4926260791547	0	-0.683938371458205	0.981572513438033	0.928015616901272	0.823991279284398	1	1	1	1	3
60.3577003026317	13.865074223477	-0.0367833956633737	1.27202768774894	1.1184495793107	0.611033739596446	1	1	1	1	3
71.1274800126901	24.6348539335354	0.665372702128614	0.969540151170132	1.01637497764448	0.075685014645388	1	1	1	1	3
13.4012962210964	-35.3051988875951	-1.09812285542276	-0.585735934327784	0.066421193718316	-0.494549436034755	1	2	1	2	4
24.7814773982829	-23.9250177104086	-1.18938813760088	-0.979664703989632	-0.497644278151462	-0.0257077237057226	1	2	1	2	4
36.8155938054047	-11.8909013032869	-0.513062628612377	-1.10953750834756	-0.604227007143053	0.582697153335058	1	2	1	2	4
48.7064951086915	0	0.373996889636284	-0.935903394266173	-0.197180243448831	1.10421017947128	1	2	1	2	4
59.8511987723109	11.1447036636194	0.741424488126379	-0.511506516545212	0.509067718428195	1.34471844579235	1	2	1	2	4
72.9770255832716	24.2705304745801	0.286696385986745	0.0347357474124473	1.14247228934278	1.21470211894238	1	2	1	2	4
11.5949524112801	-37.2923919900411	-0.553874766460462	-0.0568511099255576	-0.930682218851007	-0.391177359625245	2	2	1	2	5
23.57939951447	-25.3079448868512	0.262015764119074	0.75454547521871	-0.53595222648447	0.0290711271089392	2	2	1	2	5
34.7437263311432	-14.143618070178	0.828456962110193	1.01034347028607	0.0876155069020829	0.605757414748592	2	2	1	2	5
48.8873444013212	0	0.767866364976467	0.516551434634354	0.681023085738087	1.14101522071255	2	2	1	2	5
58.3257705701493	9.43842616882814	0.120632890320359	-0.352349868709036	0.997799588092638	1.45119274928684	2	2	1	2	5
71.7274673857795	22.8401229844583	-0.681805900354181	-0.937405252988035	0.906372382664793	1.42986528423552	2	2	1	2	5
13.1802546849041	-36.362629686107	-0.5630388711182	0.0416630494425152	-0.277139215259059	-1.13879414896262	2	2	2	2	6
23.8603662091228	-25.6825181618882	0.34438523027418	0.795536766796413	0.48785905080452	-0.645670495616493	2	2	2	2	6
36.7840579332707	-12.7588264377404	0.722902430354601	1.23575828671119	1.23806934686471	0.300611835745908	2	2	2	2	6
49.5428843710111	0	0.24950743364128	1.10453478096227	1.45211794557611	0.851566750917897	2	2	2	2	6
60.2347034199961	10.691819048985	-0.671831087476531	0.478710468076521	0.981247470068132	0.51317933641672	2	2	2	2	6
72.4808292339198	22.9379448629088	-1.25489464361664	-0.275233205010558	0.152698823593856	-0.411134602407621	2	2	2	2	6
10.0853793880096	-38.6786198124121	-0.477260032054234	0.288811023675755	-0.951585172874837	-0.120212128785176	1	2	1	2	7
24.7102970301105	-24.0537021703111	-0.848922777583464	0.784576351660882	-0.857695804736126	0.404232370336912	1	2	1	2	7
34.5241352872557	-14.239863913166	-0.38440160822411	1.19655945768506	-0.238230117980168	0.928522047044807	1	2	1	2	7
48.7639992004217	0	0.527244552088228	1.42261881422237	0.531502829443195	1.2969347597022	1	2	1	2	7
59.6675128236564	10.9035136232348	1.12246799544112	1.40670831731703	0.985153159652472	1.40004623548859	1	2	1	2	7
73.214308031218	24.4503088307964	0.902740328195361	1.15277260070245	0.847872593381224	1.20723077157199	1	2	1	2	7
9.87661794559867	-37.7214255135201	-0.790060211802738	-0.806483963544013	-1.46921841458487	-0.597338706814443	2	1	1	1	8
24.9509543669341	-22.6470890921847	-1.10633104392076	-0.349533894701877	-1.17143276383813	-0.49482358603401	2	1	1	1	8
34.9203044277052	-12.6777390314136	-0.781717478888947	0.549647200296039	-0.592433379554076	-0.129023372022081	2	1	1	1	8
47.5980434591188	0	-0.0242626486887839	1.15629947500669	0.0316117136390675	0.392320184339772	2	1	1	1	8
57.9400533369694	10.3420098778506	0.680584617103235	0.974701061287637	0.446160799569032	0.915652040102831	2	1	1	1	8
71.9794666669472	24.3814232078284	0.881091401134785	0.153243894112589	0.482123476081815	1.28683152428822	2	1	1	1	8
12.0122966288217	NaN	-0.802515486115959	-0.823946874508133	-0.655686243600121	-0.801552954331244	2	1	1	2	9
23.7220374331277	NaN	-0.776335130517921	-0.313764977704298	0.11897513927287	-0.0823677307215007	2	1	1	2	9
35.6141739620333	NaN	-0.460054250770851	0.33376742770922	0.793679002040423	0.501384857197663	2	1	1	2	9
49.3264419915392	NaN	0.0494152963645881	0.847136777509373	0.935964469760907	0.644199827778513	2	1	1	2	9
59.3627838807237	NaN	0.595966572601791	1.01108474522199	0.454631682380935	0.271335439623637	2	1	1	2	9
70.3692109243748	NaN	1.01213039979311	0.756867131037723	-0.34180237975407	-0.422070965835388	2	1	1	2	9
11.4509816179752	NaN	-0.623420029437127	-1.46933012122505	-1.38216474541726	-0.578368868012544	1	2	1	1	10
23.0359867004275	NaN	-0.776937458941331	-1.27876185010558	-1.08835212646117	-0.0328577631595108	1	2	1	1	10
34.8910056669272	NaN	-0.378908042688648	-0.732778668010439	-0.616385155858751	0.632044578372864	1	2	1	1	10
48.5155538262792	NaN	0.347649979333809	-0.0714369381337507	-0.0953166888889113	1.12104346016992	1	2	1	1	10
60.6767911166088	NaN	0.995641843011665	0.414486451684276	0.332374292555977	1.21696597227531	1	2	1	1	10
72.6985985110209	NaN	1.20199386820349	0.511342060259286	0.549741591452739	0.877211258409583	1	2	1	1	10
12.8553911603864	NaN	-0.934619761864893	-0.69802988760915	-0.553258041261008	-0.863081743809732	1	1	2	1	11
22.5484214228035	NaN	-0.261828038580915	-1.14144120462664	-1.12046751208778	-0.124792230570451	1	1	2	1	11
36.5288604749015	NaN	0.377430019474642	-1.2654587949069	-1.37000694046074	0.73637388762466	1	1	2	1	11
49.5653714416919	NaN	0.667889953058007	-1.02459767299654	-1.19598086919668	1.01101676043398	1	1	2	1	11
61.2220446908116	NaN	0.466304926655401	-0.507196635042295	-0.672239633284602	0.472894773432787	1	1	2	1	11
71.1303127617183	NaN	-0.127908879460426	0.0969810875326003	-0.0210399637919536	-0.434705175556841	1	1	2	1	11
11.0609434809464	NaN	-1.2178346053864	-0.103631887591378	-1.11966958395175	0.055411774694828	2	2	2	2	12
24.1818543152018	NaN	-0.850738332312285	0.689358714765499	-1.36177377860783	-0.514305756491838	2	2	2	2	12
37.2813916003649	NaN	-0.0810164670615499	1.00168992701288	-1.26858447176276	-0.852077921356436	2	2	2	2	12
46.6269408404224	NaN	0.599956074379301	0.614667646501723	-0.871630891493739	-0.832351521362167	2	2	2	2	12
60.2775750978129	NaN	0.757460154558441	-0.200715388858273	-0.305216429381742	-0.462459051227445	2	2	2	2	12
72.838103858255	NaN	0.290948345035149	-0.873528531597672	0.239020931989502	0.120106860669935	2	2	2	2	12
13.0726400021701	NaN	-1.03544956697906	-1.21562328219391	-1.09111861650262	-0.964080823856726	1	2	2	2	13
25.7424126790559	NaN	-0.918641022084527	-0.38454481519156	-0.698026429119784	-1.25995849385865	1	2	2	2	13
35.9156156071426	NaN	-0.205487839294373	0.443920806304583	-0.125737064112614	-1.2860562675892	1	2	2	2	13
49.2736970228735	NaN	0.597560107769806	0.53757080716492	0.426847952181892	-1.0349600411495	1	2	2	2	13
57.6075052829106	NaN	0.920213656670924	-0.186363232616913	0.767675420993288	-0.57800361989251	1	2	2	2	13
70.8470540219126	NaN	0.533338516196523	-1.08806416289559	0.778289351507707	-0.0450035322101894	1	2	2	2	13
10.3549033070291	NaN	0.264363182766092	-0.741788978093108	-0.633269631830529	-1.38420930562608	2	1	2	2	14
24.6008447062238	NaN	-0.418628729384624	-0.760155945750933	0.183702326881637	-0.842683388501378	2	1	2	2	14
35.7636853803503	NaN	-0.558496301663523	-0.451886125820091	0.762008007942053	-0.0538674517303864	2	1	2	2	14
49.0113207148625	NaN	-0.0638170995236402	0.078728357580091	0.714400310804728	0.491407829166276	2	1	2	2	14
59.9090480441588	NaN	0.742068904498727	0.652172975344233	0.0727584704207964	0.453851851665068	2	1	2	2	14
70.5364282551977	NaN	1.33240587090036	1.07444314646978	-0.733259029097924	-0.143166655298066	2	1	2	2	14
10.9252289670476	NaN	-0.0303903862070008	-0.660179987814158	-1.40018693744097	-0.994736381592973	1	2	2	2	15
24.3715652930451	NaN	-0.541850376265531	-0.841394714939285	-1.03842261805189	-0.234573999000363	1	2	2	2	15
36.9891708934462	NaN	-0.670839099932861	-0.674718790288687	-0.402395289501815	0.487792906381968	1	2	2	2	15
46.226437481244	NaN	-0.360023949523561	-0.218142033597638	0.222860711766714	0.69540845561596	1	2	2	2	15
59.690850702233	NaN	0.252444680304125	0.369483556134408	0.55713819743278	0.251190708723069	1	2	2	2	15
73.4164632702287	NaN	0.894338158432738	0.883711523357081	0.450631401238336	-0.551557492859022	1	2	2	2	15
11.8955909228219	NaN	-0.533285719961935	-0.478678978674854	-1.357930335361	-0.682994669208998	1	1	2	2	16
25.617780917956	NaN	-1.00387188977535	-0.650633154367762	-1.4858338755733	-0.328047197223993	1	1	2	2	16
34.6785259982055	NaN	-1.0996908364024	-0.236296935192811	-1.16235271132424	0.412256493845741	1	1	2	2	16
46.6588996711079	NaN	-0.780280651037478	0.517807628621781	-0.53525780930969	1.09355584809831	1	1	2	2	16
58.8444010412621	NaN	-0.180520146762466	1.16300288217968	0.108984630511315	1.30690712603431	1	1	2	2	16
72.6421795314066	NaN	0.446327040331721	1.31541010731977	0.476075160009032	0.924248163963825	1	1	2	2	16
