age	diseaseAge	x1	x2	x3	x4	z1	z2	z3	z4	id
11.8925542766391	-35.3552993747494	-1.014866145237	-0.21264273527238	-0.593994234033155	-1.04620439506476	1	1	2	1	1
22.8007874843531	-24.4470661670353	-1.10758688030152	-0.703808692408809	-0.011867919666306	-0.574073029129289	1	1	2	1	1
36.6693841815223	-10.5784694698662	-0.789281647982638	-0.744793966078726	0.491646028182542	-0.0503262119678737	1	1	2	1	1
47.2478536513884	0	-0.193062855082416	-0.315419306466599	0.745247471962274	0.380497095779057	1	1	2	1	1
61.3682510519762	14.1203974005877	0.431736121359143	0.372911097924344	0.662658837063039	0.599502132213174	1	1	2	1	1
73.8420477907443	26.5941941393559	0.823829926666243	0.981295247861506	0.271977546761471	0.5462498468162	1	1	2	1	1
12.7724099693158	-35.16971660872	0.172372639338332	-0.632411110349912	-1.20317993428117	-0.241518368419131	1	2	2	1	2
22.0447787737632	-25.8973478042725	1.07177225993288	-0.21093337021309	-0.572930400933111	-0.825067893306159	1	2	2	1	2
33.9322895475831	-14.0098370304526	1.37516369631268	0.473899299330232	0.171510334184462	-0.626633979114888	1	2	2	1	2
47.9421265780357	0	0.818478855235333	1.08638161227595	0.602566610446878	0.193936480218604	1	2	2	1	2
60.1887388413907	12.2466122633549	-0.113750773965298	1.32627446032188	0.472657709343075	0.975639342762569	1	2	2	1	2
72.1589096072686	24.2167830292328	-0.610124238168988	1.07598226027643	-0.143602123035603	1.08877995643173	1	2	2	1	2
14.5950944748911	-32.920063834544	0.18037402610424	-1.39296742943812	-0.646977457189938	-0.636439988546836	1	1	2	2	3
23.7520375172543	-23.7631207921809	-0.32089245552634	-1.06667518469549	-1.1457122617199	-0.211104592471745	1	1	2	2	3
36.8401134950582	-10.675044814377	-0.541742909287086	-0.410227278406568	-0.905326760103329	0.300929934313479	1	1	2	2	3
47.5151583094352	0	-0.402433939042127	0.251073800775112	-0.105979851768932	0.764652821637171	1	1	2	2	3
59.9147914025454	12.3996330931103	0.0467335832367793	0.589520576374797	0.653251321364068	1.05779187712028	1	1	2	2	3
72.6194510678797	25.1042927584445	0.643576863489102	0.437395888623091	0.803354686422029	1.10305362233928	1	1	2	2	3
11.475238623487	-38.694011191735	-0.901571544184712	-0.565583084729145	-0.469716148338164	-0.466386523240607	1	2	2	2	4
23.4535589308421	-26.71569088438	-0.426923872833438	0.341261812619211	0.3716490770261	-0.0250915600498809	1	2	2	2	4
33.6849435718376	-16.4843062433844	0.332885496932679	0.739019919760766	0.656984567432211	0.54181773415817	1	2	2	2	4
50.169249815222	0	0.933205866834251	0.291196064661764	0.161535396270824	1.05002051487321	1	2	2	2	4
60.6739470463612	10.5046972311392	1.02272165392415	-0.623359988319049	-0.724439790593331	1.33428335466528	1	2	2	2	4
72.8364421535494	22.6671923383273	0.549047011409252	-1.23095264163909	-1.3030702592465	1.30218306127294	1	2	2	2	4
11.6924866792363	-35.5386700278281	-0.513339856704067	-0.0668020832010145	-0.925041606754433	0.224668177543861	1	2	1	2	5
22.5948858123829	-24.6362708946815	-0.542312670735871	0.485217116369169	-0.887756959209894	1.02804137837883	1	2	1	2	5
34.9015023854302	-12.3296543216342	-0.130540687001075	0.911921071418536	-0.517030214086016	1.23180887625085	1	2	1	2	5
47.2311567070644	0	0.531762378932846	1.08093355880449	0.0547621671064334	0.677585016470434	1	2	1	2	5
58.9123118649224	11.681155157858	1.1386526261225	0.939821891931723	0.623448639862945	-0.203839668651959	1	2	1	2	5
72.681855932514	25.4506992254496	1.40978351954485	0.532363095317867	0.985966695306823	-0.727345975757075	1	2	1	2	5
11.0927712394537	-37.5924859444928	-0.332079934943515	-0.859840901687161	0.00215447852315421	-0.172529112822852	2	2	2	1	6
21.9023552320572	-26.7829019518894	0.449897105215356	-1.1000070764965	0.62669427552951	0.462023186530296	2	2	2	1	6
36.4686026571378	-12.2166545268088	1.02572981069284	-0.834599861190223	0.985654410365034	0.870940056218583	2	2	2	1	6
48.6852571839465	0	1.04203707999226	-0.197826278944255	0.923310896016573	0.880650916059026	2	2	2	1	6
60.8905277526537	12.2052705687072	0.488811352354004	0.488319835930301	0.466709578740015	0.487033853502834	2	2	2	1	6
70.6658010174568	21.9805438335103	-0.294439881331833	0.876878709055144	-0.186066883527311	-0.142834771969206	2	2	2	1	6
11.9961632386093	-25.4858023069272	-1.27214242248395	-1.09187154098103	-1.24324400506684	-0.426670244672937	1	2	1	2	7
23.9159294410231	-13.5660361045133	-1.41266122444063	-1.18054664051091	-0.792326765611692	-0.0608833600198945	1	2	1	2	7
37.4819655455364	0	-0.944487468663387	-0.677588168913002	-0.0328546230625156	0.428584537689779	1	2	1	2	7
47.5997591943471	10.1177936488106	-0.160138095094937	0.106402847155084	0.586423394671937	0.916792995821816	1	2	1	2	7
60.2241465498397	22.7421810043033	0.450322094957487	0.687274279372566	0.699594711087124	1.27912304339913	1	2	1	2	7
70.7717158619993	33.2897503164629	0.505474996468893	0.706310103671622	0.239789831723372	1.42308714373315	1	2	1	2	7
13.5529635843731	-33.7600932271218	-1.18427868566904	-0.715451820206225	-0.80062872426999	-0.519470966782636	1	1	2	1	8
21.9217358705742	-25.3913209409208	-0.701767533947725	0.183763170686521	-0.659687593607876	-0.96643526752609	1	1	2	1	8
36.274808212813	-11.0382485986819	-0.00607619765857248	0.660765295148237	0.111039983846061	-0.561294752348569	1	1	2	1	8
47.313056811495	0	0.56304700815042	0.327510667674462	0.916917259952445	0.350615801680707	1	1	2	1	8
62.3537927521611	15.0407359406662	0.7276646705172	-0.544896215809977	1.13618856269245	0.991999589909198	1	1	2	1	8
72.4326927398357	25.1196359283407	0.407383990942109	-1.24674749563849	0.599680271923493	0.816152149993396	1	1	2	1	8
13.9263567764141	NaN	-0.611288217476664	-1.30511209538861	-0.629623317180696	0.27954845553668	2	1	1	2	9
24.0003019745817	NaN	0.134579807981803	-1.21803629279984	-0.268650552105148	-0.319651448867031	2	1	1	2	9
35.0411562289689	NaN	0.808583706751935	-0.714372372814782	0.621500808251637	-0.630868592187792	2	1	1	2	9
48.7144575347569	NaN	1.00506971970744	-0.0303000244397246	1.30116877307613	-0.521391518127254	2	1	1	2	9
60.1399857241702	NaN	0.605781424420237	0.513403368664789	1.20559033425165	-0.0379042292915378	2	1	1	2	9
70.9969788682029	NaN	-0.148966845240191	0.661782680273128	0.414185398872893	0.613421141516901	2	1	1	2	9
12.0797667029742	NaN	-0.318094476018943	-0.447007283271188	-0.680590154119129	-0.145401574669256	1	1	1	1	10
23.9659229825549	NaN	-0.865373880568848	0.217293470472758	-1.23747954087315	0.736188843611755	1	1	1	1	10
36.0394688109491	NaN	-0.936735669161875	0.799825791775506	-1.15930414150952	1.29812163597243	1	1	1	1	10
48.5487321019313	NaN	-0.494049434636179	1.03667474389582	-0.498473544378332	1.10317445790715	1	1	1	1	10
60.9329501600155	NaN	0.226146379953324	0.82053645041313	0.301984650447792	0.303029616281082	1	1	1	1	10
71.8806826732508	NaN	0.83903294946248	0.249331871188124	0.705435071435222	-0.479745193345324	1	1	1	1	10
12.529318510207	NaN	-0.902430229755614	-0.400083247377177	-0.578712323249457	0.167654691092638	2	2	2	2	11
23.9255428855316	NaN	-0.344720222466828	-0.0294226313594488	-0.733090281074676	0.834584574398218	2	2	2	2	11
36.0694960940331	NaN	0.351950036661276	0.460091138701932	-0.648172540415404	1.18373392113809	2	2	2	2	11
48.3560467181741	NaN	0.847900394152151	0.944485779444017	-0.344334105452025	1.04133509507488	2	2	2	2	11
59.8707990735089	NaN	0.901317034442486	1.30108545755155	0.105522596896443	0.478258363156016	2	2	2	2	11
69.8220173072373	NaN	0.486155250823071	1.43957917659243	0.593459789202531	-0.225259425718656	2	2	2	2	11
11.7708663020849	NaN	-0.163113366672643	-0.374353354423476	-0.561945632754739	-0.477924221464171	1	2	2	2	12
23.5098927353219	NaN	0.335649882459895	-0.656425757566223	-1.17986005071675	-0.859898809937441	1	2	2	2	12
36.2287820740056	NaN	0.864373240918602	-0.318076291889224	-1.36580268545628	-0.714393854833171	1	2	2	2	12
47.3824604328885	NaN	1.27105242729244	0.430617014015723	-1.02026236012136	-0.119343506963892	1	2	2	2	12
60.0052786692614	NaN	1.43877000924064	1.12479746705564	-0.328162368243131	0.60653632795666	1	2	2	2	12
70.7867501221446	NaN	1.31930835060967	1.33345489622347	0.340105180872709	1.07445594523468	1	2	2	2	12
12.2561228838028	NaN	-0.689594593207623	-0.82924725207664	-1.0011378194588	-1.12183326597399	2	2	2	2	13
24.9141780318593	NaN	-0.980926871375132	-0.428893391308322	-1.4102457160031	-0.795349540154164	2	2	2	2	13
37.2640883284887	NaN	-0.596680267764305	0.361527732183904	-1.09641260555575	-0.0861713600625319	2	2	2	2	13
47.9832800068734	NaN	0.203056733580004	1.02352152697707	-0.286956564518757	0.601652893418013	2	2	2	2	13
61.5339698785337	NaN	0.876958894231259	1.12283820905816	0.431810816472282	0.876241061822176	2	2	2	2	13
70.388253371668	NaN	0.96887594581687	0.594328757270451	0.539266273050887	0.581148815688262	2	2	2	2	13
13.0003620217546	NaN	-0.231855979668799	-0.836119199416146	0.000597526596161968	0.112570114013269	2	1	2	2	14
21.6936386001637	NaN	-0.918261947971273	-0.0676577681469624	0.797786301448792	-0.417942014758017	2	1	2	2	14
35.8453103360505	NaN	-0.772855740032343	0.565382077658587	1.33972827399266	-0.533638089087029	2	1	2	2	14
48.685117465761	NaN	0.0763996412335983	0.677223866677317	1.28201014284857	-0.179178449975695	2	1	2	2	14
60.9593639620409	NaN	0.882127103965109	0.199710861225181	0.661312757819422	0.4758920353818	2	1	2	2	14
71.3306153390277	NaN	0.935255783010257	-0.576159012619659	-0.127900181352418	1.11824054657968	2	1	2	2	14
12.5198314517857	NaN	-0.465430616769311	-0.81366104861173	-1.36307397328853	-0.24509997366637	1	1	2	2	15
23.21877567437	NaN	-0.96052072708261	-0.229647600447613	-1.23623971355829	-0.842264221329893	1	1	2	2	15
35.7729841879249	NaN	-0.86623615073436	0.290118932475853	-0.657528679378901	-1.18873821879635	1	1	2	2	15
47.7127431817053	NaN	-0.240427142807593	0.566155615180703	0.0667795415953858	-1.14476179537615	1	1	2	2	15
58.4078496000305	NaN	0.532928215191527	0.503142970872647	0.553348862522592	-0.728074095964648	1	1	2	2	15
70.6879233022334	NaN	0.979321721997601	0.122840181077899	0.544665183658414	-0.106757990906634	1	1	2	2	15
12.4028574535496	NaN	-0.877930525120822	-0.811748575130807	-1.06477350112086	-1.44153066676082	2	2	2	1	16
23.5922797992809	NaN	-0.165587540457899	-0.801241226264984	-0.646804217656212	-1.2267088492843	2	2	2	1	16
37.1238571055778	NaN	0.381703282223064	-0.207272634142009	0.0725737780830112	-0.627058281641006	2	2	2	1	16
48.5231548849798	NaN	0.485917441548898	0.589797787640461	0.70364209605779	0.063122388412526	2	2	2	1	16
59.966255642065	NaN	0.0941139992070337	1.07955039358971	0.904523544663122	0.505103826052618	2	2	2	1	16
70.6301884932188	NaN	-0.594670349540991	0.948362516653658	0.566391894569141	0.481968802396824	2	2	2	1	16
