age	diseaseAge	x1	x2	x3	x4	z1	z2	z3	z4	id
11.1702255967607	-35.5145941921615	-1.20554014007992	-1.10485536859066	-1.19875124469702	-0.458968739003348	2	1	1	2	1
23.8337327483011	-22.8510870406211	-0.543722741350818	-0.66700511134109	-0.970690553368172	0.153008056242254	2	1	1	2	1
35.593292952963	-11.0915268359591	0.148808718444597	-0.0109667278157623	-0.245047668223235	0.709383304908044	2	1	1	2	1
46.6848197889222	0	0.50469898219223	0.572138665242204	0.505345260331608	0.995566269696891	2	1	1	2	1
58.400392532871	11.7155727439488	0.335165060333692	0.823554419641329	0.791528842875332	0.901177825075826	2	1	1	2	1
71.9229615399842	25.238141751062	-0.269863302318701	0.631713229221605	0.427024576668858	0.462623051918119	2	1	1	2	1
13.1046359057353	-46.2908380642139	-0.0298605912283963	-0.135750286143031	-1.42260205677563	-0.83626391182369	1	2	2	2	2
23.646031363528	-35.7494426064211	0.752082428787382	-0.46825773698674	-1.17848117277031	-0.182247445468539	1	2	2	2	2
36.1586963624293	-23.2367776075198	1.22786457232113	-0.54653314884694	-0.495482462505822	0.591633709969704	1	2	2	2	2
46.664939258445	-12.7305347115041	1.10284760743041	-0.34882313605679	0.228692739790162	0.999804929555706	1	2	2	2	2
59.3954739699491	0	0.454450953903919	0.0699270502989677	0.572366560002501	0.786157655189703	1	2	2	2	2
69.9542517176519	10.5587777477028	-0.31579194235486	0.59334326302162	0.335422168064796	0.0847456681140861	1	2	2	2	2
10.6661270121916	-26.6090742749867	0.413733187775777	-1.04733784196323	-0.565968642543404	-0.550262110527164	1	2	2	1	3
24.4357136777713	-12.839487609407	1.01372013361704	-1.208032124451	0.0543871133548494	0.294533778113245	1	2	2	1	3
37.2752012871783	0	1.40541274714715	-0.537843220567556	0.751524032389734	0.922904962247314	1	2	2	1	3
46.8561934426164	9.58099215543808	1.43809515940704	0.377864226365302	1.17075787827884	0.877673378822403	1	2	2	1	3
59.3797340077805	22.1045327206022	1.09919179967291	0.739281744504835	1.09879391308349	0.19174774202072	1	2	2	1	3
71.8089431637602	34.5337418765819	0.519106235924127	0.230735595640669	0.572245438062371	-0.635819537816404	1	2	2	1	3
10.4296612494326	-39.4446560579327	-0.289010101556711	-0.471958368644999	-0.66900032818693	-0.751996823852098	2	1	1	1	4
24.611888297496	-25.2624290098693	-0.617319000476796	0.405625342710435	-0.858327866730619	-0.914130640059895	2	1	1	1	4
36.5181881729937	-13.3561291343716	-0.647471467864007	0.925005348633151	-0.712584497310846	-0.797475098288028	2	1	1	1	4
49.8743173073653	0	-0.369936124824111	0.685846122513895	-0.280642370659258	-0.434584959675058	2	1	1	1	4
59.5811319765746	9.70681466920934	0.127556413529918	-0.127509593069444	0.292655280869181	0.0732689608426188	2	1	1	1	4
71.1294324747983	21.255115167433	0.687745720739033	-0.888131255921224	0.815064450901201	0.584361179635033	2	1	1	1	4
11.9685133960711	-37.5646766750765	-0.665158513688052	-1.02482583119881	-0.673600856827503	-0.0538229905305682	2	1	1	2	5
24.424011393678	-25.1091786774695	-1.10700168668815	-0.730653953764003	-0.822266034116113	-0.719506238251457	2	1	1	2	5
36.1299581022189	-13.4032319689287	-0.954907803391672	-0.257675201439553	-0.677711337968448	-0.547935303935594	2	1	1	2	5
49.5331900711476	0	-0.301111999609739	0.264296929495428	-0.282323407545931	0.310377828403987	2	1	1	2	5
59.8113491263889	10.2781590552414	0.457900715217632	0.69200224618042	0.247961257112159	1.10247105030759	2	1	1	2	5
72.1049176245595	22.5717275534119	0.861838057685398	0.908052975352497	0.757651445185947	1.13347420310077	2	1	1	2	5
11.3287623942874	-37.4003148049184	0.011373391438551	-1.22602042097125	-0.0913063006739607	-1.16588374548453	1	2	1	2	6
22.9360102103577	-25.7930669888481	-0.419252180940693	-0.733794807651527	-0.568411203935479	-0.327331427636829	1	2	1	2	6
37.6425445484475	-11.0865326507584	-0.58613976576686	0.135572034493405	-0.649942806152282	0.416535337176137	1	2	1	2	6
48.7290771992058	0	-0.436449799575849	0.72188636754266	-0.299876352032186	0.476685842373599	1	2	1	2	6
57.6421851320044	8.91310793279855	-0.0175767753536282	0.57990340831891	0.327111223312657	-0.194510074129399	1	2	1	2	6
72.5261318740907	23.7970546748849	0.53785669288184	-0.182555546083367	0.953985330116988	-1.06556609831358	1	2	1	2	6
10.7454755212056	-37.4562620010928	0.33379882898956	-0.287341024955616	-0.220767647102949	-0.532184456855474	2	1	1	2	7
22.5313172821266	-25.6704202401717	0.892373535409173	-0.875938678413264	0.575946559596402	-0.458327243158125	2	1	1	2	7
36.2653847362998	-11.9363527859985	1.2691937181592	-0.819849113213555	1.11907755479162	-0.0846845858620432	2	1	1	2	7
48.2017375222983	0	1.33730444221695	-0.157714027025548	1.06387049010248	0.466079102879202	2	1	1	2	7
61.2364609417402	13.0347234194419	1.07375844269867	0.654302876163178	0.44536829878966	1.01315174822416	2	1	1	2	7
71.8716546702236	23.6699171479253	0.567347315107981	1.05678004328012	-0.343831964154184	1.3769330204563	2	1	1	2	7
12.4020721969562	-35.4039335292728	-1.36004111706381	-0.10188652694464	0.16572101450301	-0.682079828660292	2	2	2	1	8
23.303592697363	-24.502413028866	-1.07239416458026	0.572411750018162	-0.419351004915188	-1.04617892776947	2	2	2	1	8
35.9817336512669	-11.8242720749621	-0.571709427905269	1.18849772858182	-0.774136699831887	-0.639142889992516	2	2	2	1	8
47.806005726229	0	-0.0148978876691442	1.45058218504677	-0.762840566264738	0.225032259756126	2	2	2	1	8
60.8451790002845	13.0391732740555	0.423539740598142	1.23283567251953	-0.389786240067104	0.879703923113672	2	2	2	1	8
71.9905063525271	24.1845006262982	0.606200270505265	0.639800534349464	0.202238390284567	0.819844827701253	2	2	2	1	8
12.1538193678257	NaN	-1.08485226918628	-0.515848919118616	-0.0915737065617621	-0.352507846911924	2	2	1	2	9
24.7654418922354	NaN	-0.71053077069457	-0.568502699487305	0.632309184994904	-0.675036955782118	2	2	1	2	9
36.835230967526	NaN	-0.122806824659154	-0.147867220798806	1.06284591773937	-0.557886521098249	2	2	1	2	9
47.796892356806	NaN	0.457096715367249	0.53868905226373	0.965898056687493	-0.053265010831437	2	2	1	2	9
60.3365226168227	NaN	0.810900644027515	1.15270175452726	0.394188676864834	0.61394137611179	2	2	1	2	9
73.5999879040568	NaN	0.805431019330062	1.39146966886826	-0.341369982942047	1.14638996766324	2	2	1	2	9
10.8166079513375	NaN	-0.423445965017323	-0.917103890158411	-0.742772074624172	-0.450255317289256	2	2	1	1	10
24.2713942051772	NaN	0.231375528687126	-0.300146265613145	0.0206398215805521	-0.82847966882023	2	2	1	1	10
36.9669622585065	NaN	0.629885500892421	0.431392168760616	0.522711409698197	-0.943139298909485	2	2	1	1	10
47.2188680920911	NaN	0.589994546070549	0.874380737879185	0.469402061645886	-0.760018098950603	2	2	1	1	10
61.6109202862895	NaN	0.129929862425016	0.784700646978209	-0.108067347794841	-0.33376211010954	2	2	1	1	10
71.7559917291317	NaN	-0.540093221464414	0.211772123195069	-0.871499095691269	0.20842765364769	2	2	1	1	10
12.0057792920947	NaN	-0.370480323118742	-0.954987245007404	-0.488990343949525	-0.783705109353549	1	2	2	1	11
24.7854064216699	NaN	0.140940033765406	-1.0239566440653	-0.999434950444031	0.0729345809133422	1	2	2	1	11
35.8121769690013	NaN	0.804223515335192	-0.835273109562452	-0.661418952250441	0.602966516900133	1	2	2	1	11
47.7026767124481	NaN	1.32750234353622	-0.43791432296732	0.236663125153581	0.417305193793334	1	2	2	1	11
59.3969225614788	NaN	1.48051565233807	0.0649749864789863	0.928569577419498	-0.347759243001272	1	2	2	1	11
71.8489650010483	NaN	1.19593226933304	0.542856918493569	0.82396730184641	-1.13060878069191	1	2	2	1	11
12.0756266259735	NaN	-0.542992974878334	-1.30084588943714	-0.394254432767347	-1.36640121183967	1	2	2	1	12
23.2099222875147	NaN	-0.000157177952046172	-1.39334394356509	0.490238358288977	-0.991296317218698	1	2	2	1	12
36.5516238825293	NaN	0.425882403647533	-0.893230044716333	1.14818237137986	-0.142077974268694	1	2	2	1	12
48.1763361574952	NaN	0.607636685847283	-0.109415742392119	1.04729240299353	0.536929175635127	1	2	2	1	12
61.2297771275374	NaN	0.490717090766681	0.473950669969617	0.269189740483212	0.53054427001492	1	2	2	1	12
71.4079119534228	NaN	0.110110912382173	0.496534031149631	-0.556630513487812	-0.156388292679719	1	2	2	1	12
11.4520574713285	NaN	-0.271514558041199	-0.982764192147065	-0.876539342164372	-0.96528566667429	1	1	2	1	13
23.2190034170493	NaN	-0.927781710611539	-0.841853939012892	-0.429998756170908	-0.459440745903766	1	1	2	1	13
37.6349093871386	NaN	-1.26085144572435	-0.323907976040373	0.203990688495806	0.0560605190889781	1	1	2	1	13
49.5558599687828	NaN	-1.10701946260107	0.341644351759453	0.7649706600406	0.436460626649804	1	1	2	1	13
59.3359340224324	NaN	-0.541894423872199	0.859989983654639	1.02247689949483	0.574939724066525	1	1	2	1	13
71.404869057509	NaN	0.156763821503804	1.0015225372872	0.870719561113725	0.432611605747294	1	1	2	1	13
11.274031291884	NaN	-0.851013185450948	-0.0306113723327719	-1.14218095337813	-0.417540297074578	2	1	1	1	14
24.4622023575057	NaN	-1.02378847460189	-0.525808090715405	-1.45060246245312	-0.896616204781982	2	1	1	1	14
37.2178076166244	NaN	-0.526639243746484	-0.672234954365148	-1.33070594122349	-1.24115545831385	2	1	1	1	14
49.2230402315743	NaN	0.299396417399493	-0.409739283507739	-0.834446086990156	-1.36410738344426	2	1	1	1	14
61.3035670834187	NaN	0.887668484195303	0.153844760572148	-0.176866924757865	-1.23440716572825	2	1	1	1	14
72.2563362288939	NaN	0.834629753021621	0.786994835017313	0.35708310848136	-0.884824631197797	2	1	1	1	14
11.0642799113587	NaN	-0.201667386148088	-1.4413765322213	0.187423915320884	-0.743493933553808	2	1	2	1	15
24.4595359439583	NaN	-0.691159895995646	-1.06885688001362	-0.282508246424748	-0.503764820148064	2	1	2	1	15
35.2335839677817	NaN	-0.985327186683481	-0.473453155380111	-0.616941711148883	0.309947657278064	2	1	2	1	15
47.6747098293429	NaN	-0.997372234189964	0.114095716361673	-0.733343862901991	1.07027676384724	2	1	2	1	15
60.268677995996	NaN	-0.723741025846597	0.46609482900218	-0.602988586926799	1.19101397719622	2	1	2	1	15
71.1315048531527	NaN	-0.245171207596656	0.446132713141551	-0.258045396934891	0.579071734557702	2	1	2	1	15
13.1088940210618	NaN	-0.423145813456979	-0.394470868435809	-0.843871177169794	-1.2181014237655	1	1	2	2	16
24.8380216129451	NaN	-0.842125097463051	-0.845873352666509	-0.580228497983837	-0.968404157365608	1	1	2	2	16
35.7799673436182	NaN	-0.819012926366496	-1.04615789615856	-0.0254957134106985	-0.116783315513964	1	1	2	2	16
47.2045189712506	NaN	-0.364552094522211	-0.93217977869737	0.59923174033497	0.636473466795475	1	1	2	2	16
60.0627923583799	NaN	0.31001894546134	-0.539873457391755	1.04496120815446	0.671963299563299	1	1	2	2	16
72.5606379034383	NaN	0.891152066494	0.00707667122253675	1.13404183929247	-0.039497099058401	1	1	2	2	16
