age	diseaseAge	x1	x2	x3	x4	z1	z2	z3	z4	id
11.4221480522375	-36.9664651782394	-0.732221294476661	-0.410734325984854	0.0195858782051971	0.22401083722477	1	2	1	1	1
24.2515192472423	-24.1370939832345	0.00862967903110706	0.187989363892965	-0.513455140051285	-0.524627999111714	1	2	1	1	1
35.6189067426317	-12.7697064878451	0.579747449449914	0.677756060339155	-0.488515594704832	-0.636196929836323	1	2	1	1	1
48.3886132304768	0	0.666237685039767	0.882995020336451	0.0795105399344853	-0.0257389841839399	1	2	1	1	1
59.5138476932416	11.1252344627648	0.220412699742274	0.730132526103952	0.8513962836134	0.841897268397921	1	2	1	1	1
72.8141308609348	24.4255176304579	-0.511915227277625	0.273966467915974	1.36616906137282	1.30602836283869	1	2	1	1	1
12.6000694423943	-35.1129502323847	-0.330697013820387	-0.831660539245097	-0.672059823941464	-0.743064813264224	2	2	1	1	2
24.4692803650253	-23.2437393097537	-0.481910187636906	-0.885475343648736	-1.22783318718909	-0.880146484413945	2	2	1	1	2
34.9586219104374	-12.7543977643416	-0.0317764719458388	-0.592705581562901	-1.31610717047988	-0.506346807039811	2	2	1	1	2
47.713019674779	0	0.743011925264772	-0.0571394648905475	-0.889999915596738	0.184334621856702	2	2	1	1	2
59.6338108065927	11.9207911318137	1.36620116013744	0.531362382753317	-0.175814792615343	0.833438640931221	2	2	1	1	2
70.7270321168661	23.0140124420871	1.45472371433138	0.964173380422004	0.447148155255868	1.10408449363227	2	2	1	1	2
11.4857050534776	-37.5156322400373	-1.12868107476498	-0.0660310686836267	-1.30129399788869	-0.99140149228091	2	2	2	2	3
23.8579974931313	-25.1433398003837	-0.920406079102388	0.771967441660165	-1.13750288008728	-0.722264770446064	2	2	2	2	3
36.837080222862	-12.1642570706529	-0.314475764882381	1.4041010289013	-0.639624172318531	-0.0723893818271798	2	2	2	2	3
49.0013372935149	0	0.383962439497383	1.37681796776812	-0.00700374575281371	0.619637832670812	2	2	2	2	3
60.1155839823098	11.1142466887949	0.823173991368387	0.709693676649084	0.50706323336532	0.993268816481141	2	2	2	2	3
73.5772582979487	24.5759210044338	0.781971284778773	-0.118614517405323	0.696749264897385	0.853840813192316	2	2	2	2	3
12.1304229643409	-37.3411826595005	-0.556558030248384	-0.73526112722361	-0.89888783079746	-1.18600476854753	2	1	1	2	4
23.3594876548967	-26.1121179689447	-0.225418951909725	-0.693141190668516	-1.21353501898341	-1.16445037658938	2	1	1	2	4
35.1274234938761	-14.3441821299653	0.261306577085581	-0.144117404481864	-0.735509803505454	-0.851047232352344	2	1	1	2	4
49.4716056238414	0	0.772586554779628	0.604226042401938	0.154273452832129	-0.342146785788392	2	1	1	2	4
60.1464760016807	10.6748703778393	1.17077864468653	1.13263844000385	0.746791018335912	0.20579657899916	2	1	1	2	4
69.90462163517	20.4330160113287	1.34868504517873	1.14508289005365	0.569895308304647	0.624325274204759	2	1	1	2	4
12.1938004747915	-36.6188502807824	-0.436628440497583	-0.696701364552977	-0.384912668656051	-0.605337767087947	2	2	1	2	5
22.1898211058326	-26.6228296497413	-0.655002112671422	-1.0439688095027	-1.14686203114969	-0.17594385210287	2	2	1	2	5
35.0911831191376	-13.7214676364363	-0.576749925398762	-1.02928051185634	-1.3205540460575	0.340849040970244	2	2	1	2	5
48.8126507555739	0	-0.225292011777104	-0.658181960469462	-0.777885787828728	0.806345900520624	2	2	1	2	5
60.4286794808443	11.6160287252704	0.294183627677883	-0.0707794447556925	0.0809090798328392	1.09561835929423	2	2	1	2	5
72.7386863233283	23.9260355677544	0.826202890056419	0.511156331623336	0.622444301066059	1.13103251874864	2	2	1	2	5
13.709783096945	-34.7776274287074	-0.196448943282728	-0.0650859416727018	-0.389582385655849	-0.533276009255864	2	1	2	1	6
24.4945246513388	-23.9928858743136	0.577176915581646	0.57063859114547	-0.765408507190347	-0.306619456870057	2	1	2	1	6
37.3157354455625	-11.1716750800898	1.11846618982655	1.10995768275763	-0.342533710489814	0.406175406414588	2	1	2	1	6
48.4874105256523	0	1.10345815705325	1.33330138899877	0.541145267573277	1.15274231658556	2	1	2	1	6
59.7717448101917	11.2843342845393	0.541135099694391	1.1497410446841	1.17952760126971	1.45928200630087	2	1	2	1	6
71.3006832609574	22.8132727353051	-0.231953575950489	0.634008538928823	1.06251595418664	1.13125293022856	2	1	2	1	6
12.3731320944321	-36.547667077788	-0.0876702727154364	-0.786354475877983	-0.900570834859065	-0.388689230249858	1	2	2	2	7
25.2760987235296	-23.6447004486905	0.769842168459283	-0.186011440133496	-0.446619510262996	0.133851549627853	1	2	2	2	7
36.3422709373687	-12.5785282348514	1.19891454451184	0.701869606347512	0.231787068538798	0.631058827448287	1	2	2	2	7
48.9207991722201	0	0.876246955724269	1.17137834380658	0.815537870335463	0.962738548260939	1	2	2	2	7
61.349231269504	12.4284320972839	0.0449648161746887	0.849231589431437	1.03004634754294	1.03536930343033	1	2	2	2	7
72.9602051788814	24.0394060066613	-0.668572669132314	-0.00844770056502953	0.774411324518084	0.828471907442637	1	2	2	2	7
13.4457431733464	-35.0520370379316	-0.396642848744928	-0.754828017724555	-0.349171816356928	-0.852780214835068	1	2	2	1	8
24.0864306818432	-24.4113495294348	-0.508181472482793	-0.698333703595924	-0.84563020308051	-0.315703477901658	1	2	2	1	8
35.603743828265	-12.894036383013	-0.243178028528076	-0.277425725997888	-0.848516586506735	0.208475216556364	1	2	2	1	8
48.497780211278	0	0.29771681436634	0.340620428817652	-0.356298828929182	0.559680214974308	1	2	2	1	8
59.9058225226036	11.4080423113256	0.909066376397865	0.910183445562586	0.369746144590043	0.630659219135309	1	2	2	1	8
70.7673900217772	22.2696098104992	1.35867464780155	1.20490997469766	0.944222246206606	0.399736394823727	1	2	2	1	8
14.186783519315	NaN	-0.399655504755044	-0.971739858751389	-0.308501155012236	-0.382012830500633	1	2	1	2	9
23.2917024635436	NaN	0.375864154773315	-1.18443938802493	0.31510440923828	0.416208649338296	1	2	1	2	9
36.2242890114907	NaN	0.981824501027315	-0.832528743585745	0.78045360147515	1.01472759698416	1	2	1	2	9
47.210146603079	NaN	1.04851839348502	-0.11569615715039	0.904888423059387	1.0285909624178	1	2	1	2	9
59.3142530967297	NaN	0.535254707020442	0.559298775105244	0.639565949471619	0.44888216107961	1	2	1	2	9
71.1535622786832	NaN	-0.244815291902167	0.809436822107408	0.0886300641180486	-0.351543992532325	1	2	1	2	9
13.6600376155239	NaN	-0.591498989194697	-0.752080984778013	-0.858118127168196	-0.529268256522399	1	2	1	1	10
23.4818017130113	NaN	0.305149953479605	-0.0792647341729832	-0.143343681359712	0.0164481863686155	1	2	1	1	10
34.6818893952855	NaN	0.67917602931581	0.670597334735459	0.720476904238965	0.837305066179297	1	2	1	1	10
48.421833035147	NaN	0.217581746278264	1.04295856466564	1.03517586838593	1.38020116477376	1	2	1	1	10
60.9038969605737	NaN	-0.693355407878362	0.812103374867572	0.546403320691205	1.27932789744104	1	2	1	1	10
72.894236490315	NaN	-1.29133284765738	0.117970107590771	-0.350798943049127	0.602654636688472	1	2	1	1	10
11.9485086454193	NaN	-0.117386147470534	-0.680915756129679	0.0139607971660599	-0.869392568475335	1	2	2	2	11
24.7303144640451	NaN	0.656209574547331	-0.133519324473472	0.674464270580193	-0.641383696179689	1	2	2	2	11
37.7909873573407	NaN	1.28818049738172	0.526208433858549	1.22892624741379	-0.124348789919943	1	2	2	2	11
48.2197673832449	NaN	1.38896520910036	1.00938265222548	1.43326408124105	0.487526971591494	1	2	2	2	11
59.5845370826095	NaN	0.896437695388847	1.10442860472801	1.19752513089025	0.964438593255903	1	2	2	2	11
71.7725808223129	NaN	0.114203243649344	0.769727097741692	0.625485289517968	1.12727018297063	1	2	2	2	11
12.720461473541	NaN	-0.637661637249532	-0.690035147998573	0.0257578347084044	-0.708364461137551	1	1	2	1	12
23.3209757263571	NaN	-1.17617069402718	0.143051709212521	0.728675467375801	-0.922283374363052	1	1	2	1	12
32.948812907319	NaN	-0.892010803908594	0.851796239328212	1.26145054889498	-0.432170726360932	1	1	2	1	12
45.8604989396037	NaN	-0.0218717705271576	0.90280720358498	1.3608272847119	0.411179882614026	1	1	2	1	12
59.8648501588536	NaN	0.709467701920559	0.25769446243424	0.977701460956305	1.00414804487524	1	1	2	1	12
70.8684603468079	NaN	0.692841428682903	-0.598039141388344	0.301383908118508	0.922322275993578	1	1	2	1	12
11.0370492910182	NaN	-0.685784740345896	-1.0464403439459	-0.908396478102151	-0.722852127520437	2	2	1	2	13
21.3735246751012	NaN	0.00324731831253758	-0.770677062579171	-0.312401682948683	-0.627447947836517	2	2	1	2	13
35.6262703761106	NaN	0.597515713847861	-0.129073933459024	0.373753775846405	0.0144931852600707	2	2	1	2	13
48.5872126619172	NaN	0.80746063218933	0.553999124573999	0.817707108655904	0.796487634466763	2	2	1	2	13
59.9460555382006	NaN	0.530785515120528	0.933206588140867	0.804414382992605	1.2233685820247	2	2	1	2	13
71.7204843599533	NaN	-0.0976985047821959	0.816835716766651	0.340314383721618	1.02483068167653	2	2	1	2	13
11.4365004146614	NaN	-0.959234297408525	-0.04363283548552	-0.238920619829664	-1.13940742269238	1	1	1	1	14
23.7035699411414	NaN	-1.42175671984808	0.483611189747056	0.39669215584118	-0.988743742899456	1	1	1	1	14
36.6386176716929	NaN	-0.989734644870311	0.992494993841885	0.838177324315931	-0.455912877247812	1	1	1	1	14
48.7558054092879	NaN	-0.0496957592808639	1.33514995662157	0.902546168066525	0.217357129198678	1	1	1	1	14
60.407616918742	NaN	0.557312506709804	1.41200930835311	0.563118805167644	0.72562555791216	1	1	1	1	14
72.6629277260252	NaN	0.288203319084357	1.20073968688816	-0.0394174157085427	0.838307543110992	1	1	1	1	14
11.9513924952748	NaN	-1.25130821150832	-1.4263910434425	-0.554975974052527	-0.50346976871829	1	2	2	2	15
24.1920799657381	NaN	-0.863932324347758	-1.39455198169504	-0.53834697668045	-0.908039607146064	1	2	2	2	15
35.8461307713551	NaN	-0.136347877058347	-1.12774588184302	-0.259520462139352	-0.813221293617476	1	2	2	2	15
48.5378131250326	NaN	0.519343039586861	-0.691913910006697	0.205056644833527	-0.267688544393446	1	2	2	2	15
61.74676814233	NaN	0.731758658623144	-0.19477200098411	0.72800947391837	0.448516681767025	1	2	2	2	15
68.4930101612604	NaN	0.380587281465109	0.24081115059451	1.16595806129799	0.967739987043276	1	2	2	2	15
10.6634712604731	NaN	-0.575542805345572	-1.03205614177047	-0.80711022918489	-0.276541737438698	2	2	2	2	16
22.5746251585788	NaN	-1.11789093819274	-0.338634254673198	-0.0290837271849696	-0.586572435614565	2	2	2	2	16
35.3002079535136	NaN	-1.31532099402181	0.466441396856994	0.679770055961975	-0.581813609962489	2	2	2	2	16
46.5499159097707	NaN	-1.08294195946976	0.821325000443454	0.843602079467315	-0.263824887624841	2	2	2	2	16
60.0449423513081	NaN	-0.520672216490173	0.478350555782716	0.352432946889974	0.263178137345537	2	2	2	2	16
73.560680226649	NaN	0.129723382729369	-0.323127094982639	-0.464018623807786	0.826478857544509	2	2	2	2	16
