age	diseaseAge	x1	x2	x3	x4	z1	z2	z3	z4	id
11.9757952871786	-36.4206481036879	-0.934615901317575	-0.15958547081717	-0.962024940383258	-1.32563773832935	1	2	2	1	1
23.4343248266713	-24.9621185641951	-0.999517559884771	0.638252978097162	-0.184666359958456	-1.14711687776315	1	2	2	1	1
36.9157784051885	-11.4806649856779	-0.545165803291561	1.33924627031943	0.555580801449539	-0.503177729143123	1	2	2	1	1
48.3964433908664	0	0.182342247902158	1.45773567674388	0.740651256662891	0.236228520293282	1	2	2	1	1
61.9353122175582	13.5388688266918	0.788955874215595	0.911629948887706	0.241022619745163	0.646303626152925	1	2	2	1	1
71.9147733608197	23.5183299699533	0.946106153966794	0.079279374393765	-0.593637772822781	0.491454252335	1	2	2	1	1
12.4418279388819	-25.0629123993923	-0.81626597096338	-0.550649319962625	-1.20026946025753	-0.498899587526664	2	2	2	2	2
24.2505664575122	-13.2541738807621	-0.983736691383232	-1.28943550926106	-1.37982663876563	-0.947148029718339	2	2	2	2	2
37.5047403382743	0	-0.564314303743486	-1.23047846975557	-0.986090300144793	-1.21833788321468	2	2	2	2	2
46.8003669547657	9.29562661649148	0.191902869246604	-0.425372266996957	-0.247443017553829	-1.24215550403077	2	2	2	2	2
60.3712759739889	22.8665356357147	0.833988381735981	0.421324278746801	0.40767071326734	-1.01242549994954	2	2	2	2	2
70.9624725094094	33.4577321711352	0.979071613457623	0.568656101733825	0.599259144336601	-0.588711875712928	2	2	2	2	2
12.268431523874	-35.1834254694568	-1.33486807828077	-0.993492635023236	-0.635455595472905	-0.960385794616872	1	1	1	1	3
23.329922204935	-24.1219347883958	-0.922820204226158	-0.211266395249391	-0.93790034045242	-0.250778672988469	1	1	1	1	3
33.990779778493	-13.4610772148378	-0.210995188294213	0.393655229253104	-0.524094382888225	0.47862997173216	1	1	1	1	3
47.4518569933308	0	0.421249668823787	0.446228443491474	0.308790603522791	0.781578198418032	1	1	1	1	3
60.4430678103175	12.9912108169867	0.636968211817166	-0.0861414837924709	0.962624454426054	0.472718239832859	1	1	1	1	3
72.7417578450642	25.2899008517334	0.321196225678835	-0.873391896907086	0.96786124801723	-0.258985260332562	1	1	1	1	3
12.2000051972607	-36.7109936085013	-1.4419085481207	0.370691210362689	0.0670305294264491	0.19087464036086	1	2	1	1	4
25.9920586817542	-22.9189401240078	-0.937039431045852	1.14119916602171	0.577222763121649	-0.442354594246057	1	2	1	1	4
35.6392400463948	-13.2717587593672	-0.116145264085424	1.35880035859729	1.02293290242709	-0.443350423898108	1	2	1	1	4
48.910998805762	0	0.465450822759072	0.866493257082292	1.28813756200074	0.188580278242553	1	2	1	1	4
60.561573870609	11.650575064847	0.414307418472361	0.0194825722077908	1.30380097240695	1.01359508690659	1	2	1	1	4
72.5497810286507	23.6387822228887	-0.234977697486858	-0.571104648739817	1.06584577093604	1.45745933823504	1	2	1	1	4
12.2995862855705	-25.003675188731	-1.29793695145797	-0.810711162939276	0.0577241376784391	-1.01839556894487	1	1	1	1	5
24.1086330466917	-13.1946284276098	-0.950449162717499	-1.23613384313491	-0.414220291740211	-0.681022670384691	1	1	1	1	5
37.3032614743015	0	-0.469354215814124	-1.08009220360779	-0.604203379658126	0.166196852797951	1	1	1	1	5
48.8719278909192	11.5686664166177	0.0233243435071691	-0.434995489586698	-0.44606074992156	0.869581001990575	1	1	1	1	5
60.9035468787421	23.6002854044406	0.402624935192644	0.317124293734697	0.00513212441288741	0.886425621003125	1	1	1	1	5
70.8008516005309	33.4975901262294	0.572342842484115	0.730855128711697	0.5922407563626	0.203734049677645	1	1	1	1	5
12.2104183204503	-34.9105637531767	-1.23760492431178	-0.953646875598957	-0.578672167788334	-0.375808439902191	2	1	1	1	6
25.7940184587461	-21.3269636148809	-1.29516336771877	-0.752985697361692	0.0679019031116639	-1.18733647592819	2	1	1	1	6
36.4314218918371	-10.6895601817899	-0.625590624429336	-0.346669723156445	0.489375337863317	-1.29853871644797	2	1	1	1	6
47.1209820736269	0	0.243645872397491	0.159359489230475	0.50188357288542	-0.615081363105594	2	1	1	1	6
59.629488310662	12.5085062370351	0.62779013712088	0.633161463792661	0.0999699862799306	0.283252947942295	2	1	1	1	6
72.7087552309862	25.5877731573593	0.224225924818773	0.95119855383648	-0.541033692583027	0.634399645347987	2	1	1	1	6
11.9143248113485	-35.83872936034	-1.05615314642396	-0.674030008588036	-0.129115190742619	-0.23265630709032	2	1	1	1	7
22.2049196766775	-25.548134495011	-0.582627501545939	-0.798819082198833	-0.595861728612507	0.408465124212253	2	1	1	1	7
35.7773720790009	-11.9756820926876	0.0925643717647771	-0.67220984186437	-0.909702994808827	0.763700225127447	2	1	1	1	7
47.7530541716885	0	0.65810941665032	-0.326031693083178	-0.990755351654737	0.670154784253313	2	1	1	1	7
60.7242082425153	12.9711540708268	0.853249819408274	0.152686608240518	-0.818388124332979	0.170724367884348	2	1	1	1	7
72.6445484233137	24.8914942516252	0.588011518293529	0.643595876753841	-0.436474833052078	-0.505575581488052	2	1	1	1	7
12.6741303725241	-35.8934386511924	-1.24903165450246	-0.501090301815984	-0.386842131945649	-0.420153268477696	2	2	2	1	8
25.3104535033587	-23.2571155203579	-0.372052733585296	-0.834549060938057	-0.868670675206066	0.339284977882351	2	2	2	1	8
34.6048170581054	-13.9627519656111	0.394495779751378	-0.378115171409709	-0.866232036815341	0.787156710238158	2	2	2	1	8
48.5675690237165	0	0.376444260900785	0.506600061378625	-0.380790393905075	0.65844841367787	2	2	2	1	8
58.8342973937151	10.2667283699985	-0.410331209921207	1.11867797742565	0.336003895674099	0.0293190319471519	2	2	2	1	8
73.2262928618085	24.658723838092	-1.27387165740456	0.973197760594902	0.912568496306128	-0.727964607776068	2	2	2	1	8
12.7755300189545	NaN	-0.158309641419155	-0.470975589606773	-0.681436789494406	-0.343199465335038	1	2	2	2	9
23.3863654368154	NaN	-0.774053270172617	-0.765349132557884	0.0819487372889689	-0.526433593848074	1	2	2	2	9
35.1997147462651	NaN	-1.02164857214535	-0.632944247531264	0.793936282080542	-0.257937475028645	1	2	2	2	9
46.9357460976107	NaN	-0.779946621600349	-0.130757124851979	0.988372844124933	0.340725637289597	1	2	2	2	9
60.5817850226338	NaN	-0.16721271446108	0.525036277793275	0.537956776761895	0.998507371146642	1	2	2	2	9
70.5427118422098	NaN	0.516741101058682	1.052137270416	-0.262415186314749	1.41759303845092	1	2	2	2	9
11.8704587463974	NaN	-0.297807772775643	-0.845509887374505	-1.38592205271886	-0.687800901337206	1	2	1	2	10
23.2926130266862	NaN	-0.6625474802423	-0.510172394887359	-1.05452245918416	-0.447371242353151	1	2	1	2	10
35.0039206917762	NaN	-0.502000783989281	0.373606308607651	-0.231084230483782	0.392599690750221	1	2	1	2	10
47.4210630097275	NaN	0.098528881603307	1.07143801725866	0.477384122703594	1.1519235353596	1	2	1	2	10
60.3202611222791	NaN	0.819961497339977	1.00344976685405	0.548625672120008	1.2157180113824	1	2	1	2	10
72.4354200857564	NaN	1.27897756034429	0.226137339693387	-0.0698762438400503	0.532323878623963	1	2	1	2	10
11.5200110503842	NaN	-0.732637763181258	-0.488018963531018	-0.233247384549779	-0.142303499764323	1	2	1	1	11
24.6949742748789	NaN	-1.03089729780885	-1.0678827745926	0.585000491878346	0.740863666962936	1	2	1	1	11
36.3643944860226	NaN	-0.792076422550904	-1.40334741526673	0.88664399757425	1.13085100890839	1	2	1	1	11
48.3423592276512	NaN	-0.144563052224232	-1.36478010285974	0.447284019236558	0.71228177846461	1	2	1	1	11
61.7618067597611	NaN	0.563545556838564	-0.967084309815949	-0.406230073937693	-0.176353544427731	1	2	1	1	11
72.0066980710014	NaN	0.951576703043849	-0.36394065121967	-1.03895072935105	-0.816429281958625	1	2	1	1	11
10.4143513094569	NaN	-0.0941975429966838	-0.902008062873004	-0.755197224328074	-1.38653446165583	1	2	1	1	12
24.4032220105125	NaN	0.423968000017949	-0.347382709131353	0.124414793367198	-0.992954221818108	1	2	1	1	12
37.6776891606495	NaN	0.838355039768096	0.170263309167694	0.793173994736595	-0.203688166813159	1	2	1	1	12
47.8257010511217	NaN	1.03591655777285	0.487117252383899	0.712243780448091	0.462824176076431	1	2	1	1	12
60.1361703358069	NaN	0.962756706829889	0.50290845162539	-0.0531682809726996	0.568775629176561	1	2	1	1	12
70.2579041018173	NaN	0.638833888694713	0.212639670327974	-0.886349878997309	0.044570622131948	1	2	1	1	12
13.8473740462198	NaN	-0.342689740947279	-0.791729595191964	-1.21213965906754	-0.039964654223738	1	2	1	2	13
23.2677246115029	NaN	0.420207762279927	-0.237498691557165	-1.07118306913431	0.603286549905952	1	2	1	2	13
36.7719370974771	NaN	1.00063884645952	0.437808743739982	-0.42527522405237	1.07221037406327	1	2	1	2	13
47.3021069613721	NaN	1.05885044127822	0.924319464577041	0.335273177313455	1.17078681951656	1	2	1	2	13
60.2698139878014	NaN	0.560768616847434	0.998791953891772	0.750876173408596	0.857808863467517	1	2	1	2	13
73.0062454639016	NaN	-0.202056374391067	0.627053580369047	0.570392216578323	0.264107859298563	1	2	1	2	13
13.0835430269218	NaN	-0.552295283476794	-0.411184431613435	-0.554872672101003	-0.486341493181619	1	1	2	1	14
24.2408624679399	NaN	0.126550448805337	-0.399367682527543	0.34332740293914	0.0905356273594757	1	1	2	1	14
36.4189687971049	NaN	0.874154446146147	0.273832471556158	0.973314235770531	1.03006755805775	1	1	2	1	14
48.2912798193256	NaN	1.2362902733912	1.11213986587912	0.81697457747257	1.49894123651322	1	1	2	1	14
59.9995772538698	NaN	0.992932801680416	1.49756299224035	0.00288516024748796	1.08129154084323	1	1	2	1	14
71.7245642251459	NaN	0.291940251724985	1.14597192315913	-0.799431272112303	0.147550742200638	1	1	2	1	14
11.29716603413	NaN	-0.588909954306966	0.392942288644654	-0.664503785825956	-0.00154968809997769	2	2	2	1	15
23.8882394638162	NaN	0.182525908897452	-0.12283570692867	0.117304133898248	-0.691683225762747	2	2	2	1	15
36.4748009006833	NaN	0.908560949495658	-0.478273193040711	0.976709496726447	-0.666491990598547	2	2	2	1	15
48.8401942367581	NaN	1.09688816352175	-0.569370771460057	1.16897094973097	0.0541873587578547	2	2	2	1	15
59.1984274671807	NaN	0.619807369416951	-0.369473703431986	0.527479043146193	0.902861003717293	2	2	2	1	15
72.0001714621807	NaN	-0.199184351738626	0.0629290345133504	-0.391863768765904	1.21124692961663	2	2	2	1	15
10.801892443669	NaN	0.328693674304743	-1.38027904675601	-0.550310476665758	-1.07488243894295	1	1	1	1	16
25.1396767016048	NaN	1.17622698664173	-1.0940656660752	-0.464281449562305	-1.11756162550281	1	1	1	1	16
36.4751930128316	NaN	1.32003306848105	-0.588937932199833	0.0140779565991218	-0.684769453581468	1	1	1	1	16
47.1098403879734	NaN	0.63377282861712	-0.0265117105810828	0.674478388106498	0.00809585446110961	1	1	1	1	16
57.4931714323751	NaN	-0.279648112228096	0.413264454158508	1.22660428276105	0.616199143624995	1	1	1	1	16
71.3445680847278	NaN	-0.617754851195722	0.589683963068408	1.42773814392929	0.836890837519639	1	1	1	1	16
