age	diseaseAge	x1	x2	x3	x4	z1	z2	z3	z4	id
12.2150120687204	-35.7908751661645	-0.98210830995017	-0.423989183729029	-0.916871259017097	-0.727951652481493	2	2	1	2	1
23.4409843832246	-24.5649028516604	-0.882188235004652	-0.603521895223485	-0.670580744170999	-0.0997804125883275	2	2	1	2	1
33.7068717874074	-14.2990154474776	-0.442292998342066	-0.503134688967248	0.176935845834271	0.81497991269336	2	2	1	2	1
48.005887234885	0	0.169259956713044	-0.15101260768428	0.932473935412504	1.23628401075024	2	2	1	2	1
61.2495975051324	13.2437102702474	0.71847166569496	0.353981393124118	0.978060417132211	0.804872436467166	2	2	1	2	1
70.8422350556701	22.8363478207851	0.995196841737016	0.870063534240121	0.276408991131367	-0.111376397607726	2	2	1	2	1
12.6669934626173	-33.4782908986247	-0.914611238172662	-0.656290796273542	-0.306081239598156	-0.216133347178569	1	2	2	1	2
24.8612477124817	-21.2840366487603	-0.119696325020701	-0.737822964922667	0.478093011233777	0.527800046859685	1	2	2	1	2
36.2656677593505	-9.87961660189144	0.459972629974549	-0.230976675806458	0.848753520213199	1.23054998439099	1	2	2	1	2
46.145284361242	0	0.456628746410039	0.552177554743444	0.561737018646519	1.4547556771575	1	2	2	1	2
60.6001408979967	14.4548565367547	-0.127606472369344	1.12944354547221	-0.193891606612049	1.06088131977055	1	2	2	1	2
71.7371903304217	25.5919059691798	-0.922069112106111	1.14539263949543	-0.920381042455071	0.294057064822492	1	2	2	1	2
10.8623613817388	-36.0274782212537	-1.29513916212307	-0.903486677009672	-0.575229816888299	-0.795519155068012	2	2	2	2	3
23.0804275236895	-23.809412079303	-1.09976777098356	-0.377000579926683	0.0588036072675115	-0.120354293135993	2	2	2	2	3
36.8936798049297	-9.99615979806283	-0.447549450960946	0.485533156039926	0.646392738474554	0.591328329200001	2	2	2	2	3
46.8898396029925	0	0.287433699491503	1.04209807408697	0.939440218743134	0.939723505295408	2	2	2	2	3
62.3340004342347	15.4441608312422	0.683629523973909	0.878421871850437	0.81421281040968	0.729111681235039	2	2	2	2	3
71.0153036876543	24.1254640846618	0.513798521738029	0.116334932353131	0.323585196659032	0.0778092261384006	2	2	2	2	3
12.1519897985636	-33.9781426342029	-1.25588163615164	-1.29200527748073	0.344391849600207	0.0241802158193228	1	2	2	2	4
20.8782069730199	-25.2519254597466	-0.786503554763706	-1.02935286776095	-0.303910523285032	0.795417477248118	1	2	2	2	4
34.5919058185529	-11.5382266142137	-0.147265440024638	-0.573906841476291	-0.584606162293996	1.38312836811482	1	2	2	2	4
46.1301324327665	0	0.39812793427032	-0.0504753947282786	-0.354102171764431	1.43512973831901	1	2	2	2	4
59.1805631329235	13.050430700157	0.624685546650892	0.397502885073842	0.269684634281525	0.920259996927707	1	2	2	2	4
70.4510331978757	24.3209007651092	0.438945629824311	0.647266226462076	0.967649356058853	0.147052557618451	1	2	2	2	4
12.6643268426826	-35.4871393867709	-1.18738346126709	-0.573778083794107	-0.329057612028036	-0.357382639235752	2	2	1	2	5
24.2982024658096	-23.8532637636439	-0.571430914804355	-0.480354594543679	-0.791236439993929	-0.868559518109826	2	2	1	2	5
36.3226614086049	-11.8288048208486	0.304513440014594	-0.0244615745286368	-0.806059199845878	-0.518111663330792	2	2	1	2	5
48.1514662294535	0	0.759273746413021	0.60840568706487	-0.366398366368016	0.390558658871813	2	2	1	2	5
57.7188569638933	9.56739073443975	0.439206831014885	1.16074402490682	0.316335114816684	1.07076483805882	2	2	1	2	5
72.0427427672104	23.8912765377569	-0.406788099143679	1.40781615369461	0.913848796723655	0.933614422887372	2	2	1	2	5
11.3178642753295	-37.7868210985697	-0.487780564697971	-0.617016530026546	-0.924048021460885	-0.533056402474936	2	1	2	2	6
24.7197840359115	-24.3849013379877	-0.0471936984095072	-0.549691161171362	-0.565359486396892	-0.709636247059271	2	1	2	2	6
35.4624555261425	-13.6422298477567	0.518373417740289	0.0457148389714733	0.260370358238069	-0.563323231899873	2	1	2	2	6
49.1046853738993	0	1.02588588219212	0.814022532038876	0.951772376919674	-0.14137901455824	2	1	2	2	6
59.8119386706911	10.7072532967918	1.31109706299285	1.29691152708013	1.0053067775769	0.419901058387415	2	1	2	2	6
71.8866472489499	22.7819618750506	1.28170385603546	1.20632291880233	0.38198509872536	0.939213727109179	2	1	2	2	6
10.7151986995757	-35.6374472177072	-0.106553432982905	-0.315033243829152	-0.895857391386534	-0.65891141166028	2	2	2	2	7
24.8818229004186	-21.4708230168644	0.688900255175667	0.240324294993632	-0.0346075078288035	-0.485763770010287	2	2	2	2	7
36.4812737867398	-9.87137213054312	1.35654101266925	0.829256817190199	0.675028821745283	0.143789385848638	2	2	2	2	7
46.352645917283	0	1.45125035636681	1.23789934035917	0.665445701496378	0.877479846415234	2	2	2	2	7
60.7073894456478	14.3547435283649	0.909885227771961	1.31785740039449	-0.0556917655824399	1.30476908532896	2	2	2	2	7
71.569337325574	25.216691408291	0.0933756961704859	1.04009502380548	-0.911578445697838	1.18656622721181	2	2	2	2	7
12.7241331651752	-46.7839338486031	-1.15262318603862	-1.19094956844761	-0.843037423485198	0.112415628424643	1	2	1	1	8
24.7350683178301	-34.7729986959481	-0.497789555126549	-1.30459921216734	-0.684276776352256	0.841136971032147	1	2	1	1	8
35.0241891946917	-24.4838778190865	0.272776326440073	-0.847284611796673	-0.170172875561811	1.38423268499901	1	2	1	1	8
47.0369478419024	-12.4711191718758	0.678879932563583	-0.0881521888802396	0.481167481908332	1.45322624151438	1	2	1	1	8
59.5080670137782	0	0.467449159542009	0.52602077253971	0.993415408275437	1.01147028509005	1	2	1	1	8
71.8861410221689	12.3780740083907	-0.229758407345708	0.633770950186403	1.14925149727421	0.293612634910575	1	2	1	1	8
12.3968203066009	NaN	-0.448426394086854	-0.600356030468163	-0.562873717605766	-0.559754594380957	1	2	2	2	9
23.6969325946133	NaN	-0.974536467058215	-0.145930145836426	-0.797957732601182	-1.17008683491909	1	2	2	2	9
37.2675235698437	NaN	-0.87898857683654	0.71407699385417	-0.800407116037992	-1.03934292769408	1	2	2	2	9
47.9083731655318	NaN	-0.22388332401382	1.33394465264751	-0.569633381336427	-0.269192435965441	1	2	2	2	9
58.3514456327978	NaN	0.564998779073424	1.24825646088947	-0.161082010732663	0.541477351366919	1	2	2	2	9
73.1126907353401	NaN	0.974930007256891	0.521349840551508	0.3270888245643	0.762270380099618	1	2	2	2	9
10.827655617146	NaN	-0.545283466384686	-1.23083995733878	-0.334205707314061	-0.574392250100982	2	2	2	2	10
23.9091427292524	NaN	-0.692658647533809	-0.735381806243356	0.576899021398375	-0.542725788892205	2	2	2	2	10
34.3375903573907	NaN	-0.19478930163313	-0.0520581715098656	1.17949826056554	-0.208086933739529	2	2	2	2	10
47.6902969917399	NaN	0.617779700138017	0.498798959326435	0.968473582682332	0.321850723171875	2	2	2	2	10
58.2642674675654	NaN	1.20556843553444	0.658955931523632	0.12071278734912	0.876574133894216	2	2	2	2	10
71.0911105017345	NaN	1.17833285072554	0.353333531347862	-0.653163248396454	1.27759517195326	2	2	2	2	10
12.9716447508439	NaN	-1.24577720813471	-0.447146940928298	-0.997442637212198	-0.0240615341129173	1	2	1	1	11
24.0298473034672	NaN	-0.93217187397359	-0.600407410042163	-0.514816954458738	0.750052123898772	1	2	1	1	11
36.5228801419121	NaN	-0.467432635991421	-0.18510255860003	0.10173472306625	1.17264861740689	1	2	1	1	11
47.7557485992867	NaN	0.031227715741366	0.558435222163195	0.617352134275088	0.980656942515887	1	2	1	1	11
59.0888323988339	NaN	0.438041080864064	1.19992872213594	0.835623454770539	0.293594046074717	1	2	1	1	11
72.1823281316934	NaN	0.650404266732542	1.36815264434721	0.673403570869191	-0.460835799205493	1	2	1	1	11
10.7059526737816	NaN	-0.223095600776655	-0.476578436305059	-1.3754749681224	-0.734802154854705	2	1	1	1	12
25.0970197001179	NaN	-0.699132361114233	-0.904604942895712	-1.35226839415318	-0.0677905224563141	2	1	1	1	12
36.9335572974475	NaN	-0.697746742457856	-0.919937700345996	-1.05197873087985	0.773282412282918	2	1	1	1	12
50.3262506357965	NaN	-0.219646514821537	-0.515811372447725	-0.562155956164251	1.16743562416199	2	1	1	1	12
59.8722787266599	NaN	0.490956104200369	0.129459703819832	-0.0256087588407604	0.823657887531578	2	1	1	1	12
71.5080208294003	NaN	1.07108734595343	0.731159893286489	0.401231584917288	-0.00423279620012193	2	1	1	1	12
11.6425235184336	NaN	0.0598679938029558	-0.579079081186928	-0.25275094073302	-1.11633098848996	2	2	1	1	13
23.7277893568666	NaN	-0.451381731087707	-0.309240802590698	0.423448655228832	-0.603474901971015	2	2	1	1	13
36.5533655300429	NaN	-0.595291419320264	0.343307681095635	1.12475215008541	0.324328262489843	2	2	1	1	13
48.4818520926909	NaN	-0.309635918871784	1.03650574690849	1.46448536885419	0.86808053143207	2	2	1	1	13
60.4213666870041	NaN	0.282070105193147	1.4069845906027	1.2553313181863	0.559517754019454	2	2	1	1	13
74.9474898408945	NaN	0.923978712735673	1.2605422069066	0.612610213337209	-0.335634489924938	2	2	1	1	13
11.780769210165	NaN	-0.172377824719617	0.0345109513798424	-0.374295709027687	-1.23230466743332	2	2	1	2	14
23.0154925945485	NaN	0.446043191384384	0.969059114577503	-1.04939337140146	-0.732570202503785	2	2	1	2	14
36.9027708383182	NaN	0.893005546884436	1.3681296273972	-1.12443651052781	-0.114912706753952	2	2	1	2	14
47.7996893408103	NaN	0.994276479506062	0.875174946027032	-0.547564431572978	0.385030982558775	2	2	1	2	14
59.9246475504186	NaN	0.710379030817184	-0.0693770472240858	0.282559014335757	0.576531941124274	2	2	1	2	14
72.7567603277055	NaN	0.151980768408369	-0.621621121631955	0.792253418785114	0.386532397412785	2	2	1	2	14
12.1159628211037	NaN	-0.156405834898735	-0.653632139252094	-0.792088589296284	0.124517163451006	1	1	2	1	15
24.5748981245124	NaN	-0.772664818307531	-1.27641885969891	-1.21502433631419	-0.477735076306071	1	1	2	1	15
36.3569933617069	NaN	-0.62193639473071	-1.27769295019816	-1.36367444163013	-0.766934221574343	1	1	2	1	15
48.7490671407457	NaN	0.174953316440783	-0.656584227145328	-1.19013250000396	-0.614634885896171	1	1	2	1	15
59.3007421852654	NaN	0.979205811921666	0.162699902106522	-0.750326965465605	-0.088479547987312	1	1	2	1	15
70.2558101528105	NaN	1.14612047232337	0.620601370739062	-0.185996736347307	0.577844290580395	1	1	2	1	15
11.2719130960403	NaN	-0.143991395120769	0.0463779197916832	-1.25942139486448	-0.409365861489714	1	1	1	2	16
23.9250428514733	NaN	-0.675024610551527	-0.429084617716767	-0.827203111347142	0.21752430745014	1	1	1	2	16
36.643646178845	NaN	-0.679176444866101	-0.631260700027111	-0.295105567543379	0.840868631238232	1	1	1	2	16
47.0004222455111	NaN	-0.154079150278626	-0.490765048507463	0.185065141025101	1.18703706450767	1	1	1	2	16
60.2429446775869	NaN	0.600809765415075	-0.0558146916799971	0.476317514772359	1.10407172381376	1	1	1	2	16
70.9637485698462	NaN	1.15498503074161	0.524318748636117	0.495557981504976	0.628391982962605	1	1	1	2	16
