age	diseaseAge	x1	x2	x3	x4	z1	z2	z3	z4	id
10.9234796257212	-37.3128431894296	-0.724928360182765	-1.19301899517052	-0.180492618564043	-1.13170850256374	2	2	1	1	1
23.4257714730231	-24.8105513421277	0.0283551222493523	-0.900146473840957	-0.881559368033911	-1.39813343040318	2	2	1	1	1
37.2250438452521	-11.0112789698987	0.839926281325359	-0.451124218655871	-1.08124666271047	-1.27610641976908	2	2	1	1	1
48.2363228151508	0	1.09271417835115	0.04367523721725	-0.652496404722632	-0.813382946250954	2	2	1	1	1
59.9423093302422	11.7059865150914	0.594513776018839	0.4626270328189	0.131883902928926	-0.191050618481208	2	2	1	1	1
73.4651583332779	25.2288355181271	-0.275872664789133	0.702750145668221	0.772804570741572	0.347339761689486	2	2	1	1	1
12.5429766378459	-35.7851392836004	-0.91930916891673	-0.0205104760137529	-0.0925263101912641	0.283590866336577	2	2	1	1	2
23.606491266121	-24.7216246553253	-0.475933406968017	-0.482211017209742	-0.491550040861304	0.8137245260485	2	2	1	1	2
34.4948815325332	-13.833234388913	0.292877229267907	-0.356925650660415	-0.446844770422316	1.18990966913878	2	2	1	1	2
48.3281159214462	0	0.920093746823535	0.279687695165021	0.0209435110364149	1.29897662371144	2	2	1	1	2
61.4594276672036	13.1313117457573	1.02470125755845	1.04318789751149	0.695778704682625	1.10811422832007	2	2	1	1	2
71.7020260441775	23.3739101227313	0.543153891927258	1.47250878970413	1.26600537071902	0.67474057897526	2	2	1	1	2
10.8264989372811	-37.3570825080171	-0.185286592004424	-0.0142450069363983	-0.815447629194405	-0.57343026144783	1	1	1	1	3
24.4211855516826	-23.7623958936156	0.369296213593295	-0.709036722557954	-1.12936862473161	-0.133160715225421	1	1	1	1	3
35.8754260723424	-12.3081553729558	0.863025242409674	-0.595903334602007	-0.637815951874418	0.574864354990944	1	1	1	1	3
48.1835814452982	0	1.14296497454431	0.227446376937094	0.260838828437842	1.18444496106924	1	1	1	1	3
60.3978681786493	12.2142867333511	1.12240240351788	1.04991821363838	0.838294300412447	1.38029790174772	1	1	1	1	3
72.2829117674522	24.099330322154	0.807706908700174	1.16117616244896	0.626560255784745	1.0611254298574	1	1	1	1	3
11.9575063011458	-35.6614220890469	-1.15630589181581	-0.0236638567086227	-1.27973758711857	-0.754576569959365	1	2	2	1	4
22.4868134654284	-25.1321149247642	-1.49105832849785	-0.800472505653431	-1.17490073441836	0.127407878923127	1	2	2	1	4
35.7947387939729	-11.8241895962198	-1.05421754129916	-0.972454386277451	-0.429020702764273	0.593130072550425	1	2	2	1	4
47.6189283901926	0	-0.183553123758398	-0.408994739965698	0.389180122071703	0.276711031010706	1	2	2	1	4
59.5923244829008	11.9733960927082	0.447728632406146	0.46197678496505	0.655835829496131	-0.573265266389525	1	2	2	1	4
72.0019710547436	24.383042664551	0.351514463880784	0.978985066388072	0.167625424616804	-1.28904352497582	1	2	2	1	4
12.0001942866825	-35.4595247828251	-0.732887511031545	-0.609373560349853	-0.906135781423432	-0.729092156640393	1	2	1	1	5
23.6670939868734	-23.7926250826341	-0.281975657491203	-0.499730248448702	-0.392060208909448	-0.856904832145145	1	2	1	1	5
35.9417904780264	-11.5179285914812	0.30415620683926	0.0656553201692316	0.453622698769352	-0.664250226557792	1	2	1	1	5
47.4597190695076	0	0.822067002480242	0.789379476083796	1.0249208515891	-0.212978022686276	1	2	1	1	5
61.4344962132604	13.9747771437529	1.09199456710723	1.2907494114769	0.912458396602438	0.3520357066426	1	2	1	1	5
73.3302106778605	25.870491608353	1.02024947949802	1.30603490966234	0.196822699981444	0.849399398872723	1	2	1	1	5
12.5533026895448	-34.693733506254	-0.676634370562144	0.000331010992711544	-0.518848399372247	-0.932657019063557	1	1	2	1	6
24.7240427627046	-22.5229934330942	-1.14646878624168	0.756751692634503	0.222776289737285	-0.130786027477704	1	1	2	1	6
35.8536892179399	-11.3933469778589	-0.887040022301987	0.997642017453299	0.998071726096906	0.463162726305973	1	1	2	1	6
47.2470361957988	0	-0.089307498019684	0.55749752819301	1.26540277957638	0.464339579251514	1	1	2	1	6
60.0642597065959	12.8172235107972	0.659536613842015	-0.261279115910966	0.838007239089954	-0.128018011632625	1	1	2	1	6
70.0345220248939	22.7874858290951	0.808285752536938	-0.896144839713014	0.0144712027003541	-0.930091378832947	1	1	2	1	6
14.1081026553282	-32.625535411618	-0.971302184912939	-0.569034589594725	-0.00981891453776651	-0.640908601191085	1	1	1	1	7
24.5758533810596	-22.1577846858866	-1.15747780626739	0.166416581369309	-0.592443708381947	-0.636677771490589	1	1	1	1	7
37.1240692638464	-9.60956880309973	-0.90660941495787	0.742861663459533	-0.44022142845451	0.098567500655993	1	1	1	1	7
46.7336380669462	0	-0.328485001467886	0.846425897336363	0.330545950474304	0.960385477750756	1	1	1	1	7
60.0000409282913	13.2664028613451	0.323889795368566	0.420718483608451	1.13097112294148	1.24027958699529	1	1	1	1	7
73.4178557742749	26.6842177073287	0.765015006372857	-0.302462586580944	1.34950742010117	0.708150175775343	1	1	1	1	7
11.7039835441518	-36.7961967247816	-0.152351806392033	-0.462747906385696	-1.19869071679593	-1.16336854365212	2	2	2	1	8
24.4363088533273	-24.0638714156061	-0.635993983540865	-0.561686441311276	-1.02525563365368	-0.704515388912542	2	2	2	1	8
35.9162710495647	-12.5839092193687	-0.917248895162029	-0.194428540738915	-0.622523553741774	-0.0955178726466432	2	2	2	1	8
48.5001802689334	0	-0.912798741030509	0.464018266903029	-0.102531148390601	0.435430051533847	2	2	2	1	8
59.5715840219883	11.0714037530549	-0.62396181653451	1.09988769305447	0.390064076532985	0.689379943373245	2	2	2	1	8
72.4040579557812	23.9038776868478	-0.136301986262398	1.41017213324865	0.718226279916564	0.571175700768829	2	2	2	1	8
12.3102883592483	NaN	-1.27532777648793	-1.15909624521123	-0.683789602842994	0.262217426653204	1	2	2	2	9
25.5753881750828	NaN	-0.752405350058645	-0.493463107929703	0.100549995764054	1.15189866133252	1	2	2	2	9
35.976591415321	NaN	-0.0809234959360084	0.284137602368933	0.727732162591919	1.48428516634185	1	2	2	2	9
48.9965637493173	NaN	0.43634132536675	0.676494949682869	0.802336021087116	0.979567686109732	1	2	2	2	9
61.3476943751118	NaN	0.566150328943534	0.432729065563648	0.277325917685629	0.0626269552306431	1	2	2	2	9
72.2651456057548	NaN	0.249971611952261	-0.291292055267276	-0.516293909503472	-0.49463895148267	1	2	2	2	9
12.2738422302459	NaN	-0.416439760118852	-1.28238460662235	-0.307308791901913	0.0845046510847409	1	2	2	1	10
24.6557073258341	NaN	-1.10350240314204	-0.921210639127715	0.219803250898622	0.723819720413743	1	2	2	1	10
35.9507284925466	NaN	-1.31867345650879	-0.283179889492694	0.729164025236117	1.12968612022332	1	2	2	1	10
49.0012474561145	NaN	-0.931376443461773	0.343819817808292	1.07270188995975	1.12666168905093	1	2	2	1	10
60.8366428404826	NaN	-0.176642417811539	0.676878008970904	1.15055007481567	0.716053785037897	1	2	2	1	10
73.146232927412	NaN	0.487518546985149	0.565714469237405	0.940078041543026	0.0753541597247413	1	2	2	1	10
11.2131947827187	NaN	-1.09510014031477	-0.378467583620446	-0.242779165493262	-0.81510320079519	1	1	1	1	11
24.9503747746472	NaN	-0.885274140040834	0.481518841607719	0.644709105188429	-0.963354408530407	1	1	1	1	11
37.7131557776311	NaN	-0.220051907538012	1.16505069024196	0.898195980058716	-0.647190818377668	1	1	1	1	11
47.0339461604951	NaN	0.514113969700516	1.13913195933846	0.295704788180951	-0.0147109601946412	1	1	1	1	11
60.569016951918	NaN	0.890718950717716	0.423973236012584	-0.63516717725122	0.637816588361642	1	1	1	1	11
73.2613768198893	NaN	0.690979052859641	-0.42276786397905	-1.07926189253095	1.00473243562585	1	1	1	1	11
12.5533226522633	NaN	-1.13789362740146	-0.347307403168479	-0.750693875130058	-1.06216321048493	2	1	2	2	12
23.3616456447675	NaN	-0.847799343567129	-0.7599407825436	-0.00543580108822733	-1.31329686965091	2	1	2	2	12
35.9064078709408	NaN	-0.107194573667997	-0.782682904367175	0.574049533717633	-0.825578786404112	2	1	2	2	12
47.8385736556334	NaN	0.613466099530714	-0.406044823864963	0.663724690932704	0.0364186760635539	2	1	2	2	12
61.9436464324623	NaN	0.856397187594764	0.212824624149519	0.213444987883054	0.62834694272036	2	1	2	2	12
73.4546146816655	NaN	0.467281505000977	0.815707756197527	-0.525001527044796	0.507735876763997	2	1	2	2	12
12.91031917329	NaN	-0.695613217545008	-0.446311194132996	-0.748715992370156	-0.34332938022676	1	2	1	2	13
24.5884059097802	NaN	-0.159108409820017	-1.11003035575709	-0.830262656710162	0.215310759028561	1	2	1	2	13
38.3045674772173	NaN	0.603755936471694	-1.28136764087739	-0.0921996261574699	0.911414700804092	1	2	1	2	13
47.2003011280134	NaN	1.14899251376014	-0.856543806818245	0.807213949962915	1.40600872530837	1	2	1	2	13
61.1647859585498	NaN	1.15927344964479	-0.0928752674487867	1.06581458289717	1.45824607645894	1	2	1	2	13
72.8778982755842	NaN	0.628615235963386	0.547082832766386	0.452963119072276	1.04268933296151	1	2	1	2	13
13.0047005634535	NaN	-0.244805971619351	-0.614665957898991	-1.43445141876763	-0.68936414817746	2	2	1	1	14
25.1752165233649	NaN	-0.506238680502665	-0.992472337196689	-1.14241189911135	-0.060373532754012	2	2	1	1	14
36.9548607513583	NaN	-0.511416788392636	-0.78343690116795	-0.408347084500951	0.695177218368771	2	2	1	1	14
47.3917710526712	NaN	-0.258963181152449	-0.11110679143713	0.309168556172422	1.13210895279772	2	2	1	1	14
60.4505678971954	NaN	0.183982282642581	0.627147742896888	0.561898917194423	0.992976490447044	2	2	1	1	14
70.7783993555323	NaN	0.699618569682275	0.994992847436093	0.191961903181085	0.359758270974975	2	2	1	1	14
10.5441556801432	NaN	-0.078391867249232	-0.562133802056146	-0.184355389889524	-0.490236576313308	1	2	1	2	15
23.6258421960857	NaN	0.811268020502463	-0.17789003997366	-0.924809354534857	-0.223027015671275	1	2	1	2	15
35.3065464367216	NaN	1.26341319157307	0.482343859239282	-1.12088306371831	0.273731019981167	1	2	1	2	15
49.7345747289743	NaN	0.915557513952226	1.10767404384642	-0.636716094904255	0.839970491671266	1	2	1	2	15
59.9771275050278	NaN	0.0465779217450905	1.40364227725733	0.192209914747434	1.29323581926153	1	2	1	2	15
70.248247365748	NaN	-0.646862054551596	1.23088173176689	0.791528119263094	1.48747432992282	1	2	1	2	15
12.2804811868735	NaN	-0.667143988740907	0.101275368136033	-0.709246572449199	-0.940077151265155	2	1	1	1	16
23.66300286301	NaN	-1.12663370390463	-0.595265195729873	-0.0977692066966686	-0.716520269528274	2	1	1	1	16
33.2310574416689	NaN	-0.966897264102581	-0.622392293784756	0.619693645800424	-0.277160844995772	2	1	1	1	16
47.9463054319293	NaN	-0.2890017946036	0.0403736920520502	1.06276493468348	0.253721894676437	2	1	1	1	16
62.1217770238049	NaN	0.478140263449087	0.89267720442114	0.996541696855054	0.725960015950747	2	1	1	1	16
73.1755395869772	NaN	0.849149102065018	1.2910712226786	0.456133485071354	1.00597407178537	2	1	1	1	16
