age	diseaseAge	x1	x2	x3	x4	z1	z2	z3	z4	id
13.5001978462427	-45.711007370276	-0.136247243373506	-0.591521038141092	-0.710650197711233	-0.758019297016724	1	1	2	1	1
23.5769090952805	-35.6342961212382	0.5058784454106	-0.22070760240202	0.162299937617808	-1.27325977465166	1	1	2	1	1
35.9048719741875	-23.3063332423312	1.06582459618587	0.519934648952069	0.708097056599753	-1.36142845714953	1	1	2	1	1
45.9946417097321	-13.2165635067866	1.30859260303938	1.19107005329266	0.510794289895368	-0.980033051350107	1	1	2	1	1
59.2112052165187	0	1.13229741311051	1.39459315951921	-0.279245773048674	-0.312884463054103	1	1	2	1	1
74.4320036902836	15.2207984737649	0.610926719332011	1.00977772149768	-1.05994100426677	0.318489611144156	1	1	2	1	1
11.8950914069895	-24.7140235962598	0.290929387931128	-1.05352050005556	-0.742194965959431	-0.753674011172495	2	2	2	2	2
23.2201863052306	-13.3889286980188	1.11768449196762	-1.1403167083704	-0.122538028931898	-0.631825752250546	2	2	2	2	2
36.6091150032494	0	1.29196782252204	-0.886136667756395	0.688762321180689	0.106504295685963	2	2	2	2	2
47.6827600692632	11.0736450660138	0.669235771119844	-0.378629371032564	1.14838510205996	0.91470365248228	2	2	2	2	2
59.64313427257	23.0340192693206	-0.23404266009121	0.207201262143642	0.948524824938946	1.19443305765107	2	2	2	2	2
72.700272361546	36.0911573582966	-0.66872454683299	0.669343048453736	0.223026226944574	0.738598699476468	2	2	2	2	2
12.9904558541059	-34.8628662916258	-0.630708040358383	-0.347911870227326	-1.12491112683135	-0.740208850351349	1	1	2	1	3
23.5101540364588	-24.3431681092729	0.207546110406104	0.243866526381189	-1.16833511658484	-0.985338071957304	1	1	2	1	3
37.8246705909285	-10.0286515548032	0.956001642694838	0.813273833222111	-0.443540986459422	-0.986006638672794	1	1	2	1	3
47.8533221457317	0	1.0189727523871	1.14786054837468	0.436789969625509	-0.742045633922446	1	1	2	1	3
58.9506442525598	11.097322106828	0.346341570758339	1.12279023203653	0.72849842858316	-0.315092971308471	1	1	2	1	3
70.7972726711235	22.9439505253918	-0.526553690340765	0.747416779310606	0.184998072102041	0.186979718793758	1	1	2	1	3
12.794035169018	-35.3805415720201	-0.423105797052542	-0.0339976563054133	-0.711616617010984	-0.557217281077178	1	2	1	2	4
21.6329903832282	-26.5415863578099	0.364482406381521	-0.504956277134596	-0.693452753776645	0.0622337452110047	1	2	1	2	4
34.96487854792	-13.2096981931181	0.819633124086403	-0.57050795318583	0.00810918188638021	0.671883409679511	1	2	1	2	4
48.1745767410381	0	0.654125697167345	-0.201289170789346	0.854112684652228	1.01415314595305	1	2	1	2	4
58.9357032082336	10.7611264671955	-0.0272335810248944	0.437310542019593	1.19463781421911	0.944433101650498	1	2	1	2	4
73.6294970453787	25.4549203043406	-0.792979236603137	1.0592339472549	0.768085095932586	0.492180176538601	1	2	1	2	4
11.9686505435077	-35.5358533925169	-1.09616125592668	-0.477114995715195	-1.2828511500151	-0.878267565314101	2	2	2	2	5
23.5681902614264	-23.9363136745982	-0.732944754573455	0.27166870684755	-0.992337960267567	-0.743553027432631	2	2	2	2	5
36.9292668126344	-10.5752371233903	-0.213471259186604	0.970414506042304	-0.51398298889004	-0.10841731276672	2	2	2	2	5
47.5045039360246	0	0.3098363252819	1.18253537850154	0.0165920424073122	0.649258834643318	2	2	2	2	5
57.5546552620438	10.0501513260191	0.683430102901993	0.775494970650296	0.448960142066828	1.07868793786351	2	2	2	2	5
72.135674055171	24.6311701191464	0.797690912421901	0.00361833211158044	0.660537643989016	0.924376587705285	2	2	2	2	5
12.5642031449187	-36.049048696306	0.0475054937406044	-0.567275568917018	-0.688870709474797	-0.329681612960951	1	2	1	1	6
23.5372790717498	-25.0759727694749	0.557497115571198	-0.845120941520593	0.117632994057397	-0.900800596132343	1	2	1	1	6
36.607528306689	-12.0057235345357	0.975983382298683	-0.536389544781922	0.954463209087286	-1.10658585427641	1	2	1	1	6
48.6132518412247	0	1.19309091057358	0.177780808649809	1.10066168506331	-0.852291319852052	1	2	1	1	6
59.6070587039133	10.9938068626885	1.15181821533224	0.878374569834426	0.4302733649382	-0.254997328696711	1	2	1	1	6
72.089474430013	23.4762225887882	0.863001424368251	1.15434180087375	-0.479138965209243	0.41029460869138	1	2	1	1	6
10.6929949398954	-37.2379748131408	-0.661623705659418	-1.25032260830143	-0.409904787460569	-0.347109768110947	2	2	2	2	7
25.0961246758476	-22.8348450771887	-0.191883638365276	-1.3064520330935	-0.972868362950739	0.321370263401698	2	2	2	2	7
35.5819744732437	-12.3489952797925	0.292491348655332	-0.601723410335392	-0.936526757901349	0.967359074733864	2	2	2	2	7
47.9309697530362	0	0.673702589216967	0.278866876584057	-0.324212025525033	1.27185486435257	2	2	2	2	7
60.9664016362046	13.0354318831683	0.859040556865192	0.604339388970993	0.470957261146902	1.08449170680585	2	2	2	2	7
72.317933448126	24.3869636950897	0.803431567021922	0.104518861496098	0.938466167937308	0.497793162486424	2	2	2	2	7
11.9166338084517	-36.1102834781817	-0.599912592404037	-0.414716777664916	-1.12897167691003	0.431768620432543	1	1	1	1	8
22.2480492236304	-25.7788680630031	-0.791936666569673	-0.701773410392487	-0.725541629566469	1.0184585780969	1	1	1	1	8
37.9069189236861	-10.1199983629473	-0.741985058672578	-0.224335879184695	-0.0849591906939893	1.40236187853201	1	1	1	1	8
48.0269172866335	0	-0.462279831708292	0.6499089338117	0.514106438203912	1.44122805680718	1	1	1	1	8
57.0220444537525	8.99512716711902	-0.0212587206779105	1.24768268637999	0.81104689460795	1.12065574694445	1	1	1	1	8
71.9913360797235	23.96441879309	0.473170080302342	1.108624487421	0.676685737112947	0.559428924153681	1	1	1	1	8
12.3051213463018	NaN	-0.727924059947814	-0.90390439418567	-0.914328570242381	-0.53242830530184	2	1	1	1	9
23.3993129920501	NaN	-0.33255775739517	-0.569255930780965	-0.198601533641995	0.109818011804487	2	1	1	1	9
36.1980421377164	NaN	0.170516059455605	-0.0719476443896806	0.531467165060927	0.824405117247693	2	1	1	1	9
46.5002145023217	NaN	0.65029657466767	0.448559286538917	0.824332126254418	1.22399113923862	2	1	1	1	9
60.5597643582717	NaN	0.981848566295217	0.846298040287322	0.498857210052731	1.0919805129822	2	1	1	1	9
72.7788779549647	NaN	1.07883563603275	1.00972992580495	-0.243652279863712	0.49992958574627	2	1	1	1	9
11.7124434944075	NaN	-0.386679940874606	-0.161569926883557	-1.05036922074856	-0.776067748818246	2	1	2	2	10
24.4478051306594	NaN	-0.932028893294577	-0.79253288756895	-0.589624463669283	-0.352122824293716	2	1	2	2	10
33.5401626544879	NaN	-1.30048447276703	-0.86664717328136	-0.0215680221844657	0.176068570242458	2	1	2	2	10
48.5730914745671	NaN	-1.37274526663071	-0.336804981867439	0.470040069218234	0.659375155730347	2	1	2	2	10
59.659703902953	NaN	-1.12541411314282	0.460220541175926	0.726169979639541	0.961338576321139	2	1	2	2	10
72.3114099465166	NaN	-0.63857381644621	1.01783177718736	0.663966489535925	0.996701496117567	2	1	2	2	10
11.2520274578707	NaN	-0.764416521990986	0.174083031434729	-0.696880910377204	-0.443832761260924	1	2	2	2	11
23.0456560761834	NaN	-0.782757389113507	0.955981453240008	-1.24982333540552	0.0843858463609929	1	2	2	2	11
35.5372597897588	NaN	-0.345303195380356	1.1636542838587	-1.3771574201347	0.773491911960663	1	2	2	2	11
46.6251169779005	NaN	0.33733838068164	0.642600522698549	-1.01562963781611	1.29623926610525	1	2	2	2	11
59.3600275031322	NaN	0.936516797690289	-0.219534863771951	-0.344829823315277	1.40438300461429	1	2	2	2	11
72.2034939831981	NaN	1.16376396632937	-0.781354638086296	0.302020528904956	1.0465672826594	1	2	2	2	11
14.1438274172674	NaN	-0.51191141368147	-0.720341910107103	-0.489967853360752	-0.810427367280302	2	1	1	2	12
24.4257164728875	NaN	-1.29909243704811	-0.347429402269889	-1.01561226521222	0.063788441777561	2	1	1	2	12
36.5693156901518	NaN	-1.29647494738089	0.518938505496074	-0.948206775427956	0.510565178488245	2	1	1	2	12
47.5526643993413	NaN	-0.506401909796384	1.19665093371753	-0.329878033466918	0.182927344457033	2	1	1	2	12
58.7689118789925	NaN	0.363917172726615	1.15212969199714	0.452934840558309	-0.664675149622624	2	1	1	2	12
73.054327627564	NaN	0.535443025963787	0.42042735219603	0.910994491625703	-1.37397773073572	2	1	1	2	12
11.5865994502157	NaN	-1.0635492411004	-1.0085136754106	-1.07597299965411	-0.0281137838762421	2	1	2	1	13
25.4204437738572	NaN	-0.886915850452206	-1.29876257874475	-1.07192203474481	-0.465915964508699	2	1	2	1	13
35.4207781651077	NaN	-0.465742181744113	-1.21230790869587	-0.683430061893476	-0.50085606272513	2	1	2	1	13
47.3796972388779	NaN	0.074664841095867	-0.782217515768193	-0.0684106586836204	-0.117720180883767	2	1	2	1	13
60.4486573160115	NaN	0.573524175157604	-0.172995698093829	0.523144100321871	0.516663584164698	2	1	2	1	13
72.2200768914508	NaN	0.882415980198479	0.382337674152755	0.850780010508458	1.12606676828536	2	1	2	1	13
11.525809897628	NaN	0.0542041302216185	-1.44940870915578	-0.710464432607291	-1.01279046590114	2	2	2	2	14
23.2277357082387	NaN	0.637206988906095	-1.41824137644106	-0.0846730984364374	-1.15220684575206	2	2	2	2	14
34.1398009875487	NaN	1.05947848506062	-1.14315067974104	0.377672458922693	-0.93383501473389	2	2	2	2	14
47.7977174073089	NaN	1.17296928588675	-0.694772590475217	0.493484940661032	-0.435992988381303	2	2	2	2	14
58.0385950182301	NaN	0.937889262299093	-0.188238671718754	0.216902990240494	0.162770565320933	2	2	2	2	14
72.8326199284729	NaN	0.436657997346323	0.246386643824895	-0.34254786236285	0.647711954011965	2	2	2	2	14
11.146093947397	NaN	-1.01043129291586	-0.918142019751087	-0.824877682048538	-0.212374827343606	1	2	2	1	15
23.8057727607942	NaN	-0.971300517690624	-1.20166507433602	0.0601486447167327	0.289170140191465	1	2	2	1	15
36.7438389806033	NaN	-0.16873919578633	-1.07724852536729	0.728309485808332	0.764845798548976	1	2	2	1	15
46.9782350205474	NaN	0.686509806765452	-0.596087550404562	0.634950507130463	1.09203168897585	1	2	2	1	15
60.5445807987152	NaN	0.837043771127022	0.0438287425743686	-0.143826297251216	1.18638529093992	1	2	2	1	15
71.7225745068911	NaN	0.149550838945214	0.579186280691554	-0.973197490053576	1.02358397671245	1	2	2	1	15
12.8674290854119	NaN	-1.151279151348	-1.152625893543	-0.692981668392835	-0.58743403775337	1	2	2	1	16
24.1869460307864	NaN	-0.415189861607943	-1.22210276339702	-0.987299020085325	0.0791574095205358	1	2	2	1	16
36.5101912513516	NaN	0.287842050046511	-0.693773166228297	-0.663301311358477	0.742557002432596	1	2	2	1	16
48.589955947582	NaN	0.526636708782726	0.0995897661092144	0.0786365884236249	1.06686639509558	1	2	2	1	16
58.5665279754337	NaN	0.154737816731836	0.658279280282764	0.779666651201504	0.887878389140548	1	2	2	1	16
72.5400432158065	NaN	-0.599763532278665	0.630399778616573	1.00624010960459	0.296219773875636	1	2	2	1	16
