age	diseaseAge	x1	x2	x3	x4	z1	z2	z3	z4	id
11.6433227650301	-35.206832847739	-1.279057493253	-1.31266280528806	-0.641068724800742	-0.901156914398143	1	2	2	2	1
22.472137669507	-24.3780179432621	-1.31780959703972	-1.30415267228075	-1.2416436338241	-0.453942620077262	1	2	2	2	1
36.8739108928237	-9.97624471994544	-0.749779937020215	-1.01836413955962	-1.47364415352773	0.0721603608467985	1	2	2	2	1
46.8501556127691	0	0.0557939346919425	-0.537945559610169	-1.22571889697816	0.531460424670021	1	2	2	2	1
62.5848092831354	15.7346536703662	0.575263086758502	-0.00183114283683827	-0.616862516462798	0.796765433529534	1	2	2	2	1
72.6667197110691	25.8165640983	0.470955859391519	0.43493799393123	0.060697183958797	0.79460552769643	1	2	2	2	1
12.1891919706978	-34.902273451717	-1.1943953126326	-1.3105697653496	-0.524443043255445	-1.30518508738045	2	1	2	2	2
23.8248823425349	-23.2665830798798	-0.873624203272146	-1.07539369374641	-1.2954676886263	-1.13109268555969	2	1	2	2	2
35.5453639691186	-11.5461014532962	-0.0502326016592938	-0.641335436654241	-1.43708018963078	-0.407087929251943	2	1	2	2	2
47.0914654224147	0	0.664649280168321	-0.124608107900094	-0.8400284348812	0.370988739165341	2	1	2	2	2
60.536772490278	13.4453070678633	0.740428325682177	0.336441674538246	0.035070297123488	0.670265296255329	2	1	2	2	2
71.6439612321543	24.5524958097396	0.120860502198217	0.61837418806371	0.513089280521894	0.28577980058345	2	1	2	2	2
10.5702925764163	-37.7935371151605	0.164642012017896	-0.723633908193914	-0.572663012673293	-0.940084090934025	1	2	2	2	3
25.1716137804058	-23.1922159111711	0.946408859493126	-0.927272513904359	-0.181877197463045	-0.175700158105849	1	2	2	2	3
35.5831023382098	-12.780727353367	1.26890340320279	-0.343516748909414	0.41720042830583	0.694763084873454	1	2	2	2	3
48.3638296915768	0	0.913432787373433	0.554575295351711	0.994546853372429	0.917707089440185	1	2	2	2	3
59.8078494820924	11.4440197905155	0.121051893818054	1.03921687334069	1.32848302059605	0.300119365282377	1	2	2	2	3
73.3047732136757	24.9409435220989	-0.570902929137572	0.717669045824035	1.29079014922166	-0.62332706574654	1	2	2	2	3
10.554264556722	-37.7115586047839	-0.655861791753957	-0.95918239729376	-1.1588312784743	-0.276196060687005	1	1	1	2	4
23.0741707760431	-25.1916523854628	-0.102809394337839	-0.179052689125784	-1.03010157873807	0.249822261990459	1	1	1	2	4
35.8950676646266	-12.3707554968793	0.366626673477663	0.461328038594585	-0.37869515034886	0.750126068450178	1	1	1	2	4
48.2658231615059	0	0.608859884474066	0.55869026948531	0.3912434109178	1.08166896115773	1	1	1	2	4
58.8012092522186	10.5353860907127	0.549798305950483	0.0517216965615304	0.802029981826366	1.14965650557633	1	1	1	2	4
71.9311394646826	23.6653163031767	0.207507117669743	-0.740322333515013	0.598804976387827	0.934649766441587	1	1	1	2	4
10.4626220175857	-37.4463706186902	-0.449505863210963	-1.01769799516511	-0.56637150147842	-0.679575178259042	2	1	1	1	5
25.0170697266721	-22.8919229096037	-0.913361589086317	-1.13749780442422	-1.01679986287507	0.143001682731268	2	1	1	1	5
37.6935867572984	-10.2154058789774	-1.2392971281917	-1.00197524377275	-1.29124694158876	0.526783597302125	2	1	1	1	5
47.9089926362759	0	-1.34777604552914	-0.645736728162393	-1.31843253627889	0.198199430267045	2	1	1	1	5
60.4821072285607	12.5731145922848	-1.21232676828047	-0.159749679059596	-1.09129592444786	-0.608526275300838	2	1	1	1	5
73.2679912566749	25.358998620399	-0.866002312588023	0.331886496015891	-0.668829694025614	-1.31833550161268	2	1	1	1	5
11.6624899026013	-37.8741599523894	-0.15534814990288	-0.460086138830135	-0.676209760007984	-1.08648487852664	1	1	2	2	6
22.8599540386039	-26.6766958163867	0.75526269409937	0.116010936215836	-0.0807985593928523	-0.564554820905274	1	1	2	2	6
36.4922416276974	-13.0444082272933	1.04851884768217	0.773294476942484	0.46427008248202	0.168027701650426	1	1	2	2	6
49.5366498549906	0	0.462486197417857	1.22091154056267	0.760183119572474	0.717797117107596	1	1	2	2	6
60.8635756699988	11.3269258150082	-0.479395455648416	1.26078818770504	0.699006673925506	0.789475650090991	1	1	2	2	6
73.0038170689724	23.4671672139817	-0.935844751396639	0.875278700119892	0.303054770914862	0.344565200912951	1	1	2	2	6
11.4124771064087	-36.2077168565846	0.0819754434233606	-1.00664661634989	-0.768022365654306	-0.371801108247704	1	1	1	2	7
25.246045154334	-22.3741488086592	-0.622930708396198	-0.45385346100251	-0.9265779065183	-0.592320383120738	1	1	1	2	7
36.0663769872158	-11.5538169757775	-0.840769450935072	0.394715266348392	-0.840846921346672	-0.322975010469185	1	1	1	2	7
47.6201939629932	0	-0.434413758737096	0.927893415447018	-0.531832963639428	0.304200727106398	1	1	1	2	7
59.0802374053336	11.4600434423403	0.340340054379284	0.761669148145144	-0.0752425143142749	0.981762533236397	1	1	1	2	7
71.9252322321907	24.3050382691975	0.995793222734167	0.015762461481934	0.417062631143835	1.37756663983148	1	1	1	2	7
12.6132906091525	-35.2468402941677	-0.717032200111477	-1.06775268118309	-0.710856363283385	-0.74525078298945	1	1	2	1	8
22.795909717313	-25.0642211860071	-1.03545008694468	-0.810025075955078	-0.218215820956136	0.164775732350958	1	1	2	1	8
35.4267667646196	-12.4333641387005	-0.74283236410753	-0.344838895180887	0.342999791843717	0.74469476959476	1	1	2	1	8
47.8601309033201	0	-0.0180076208884125	0.193130805355893	0.795242410452051	0.512191682305792	1	1	2	1	8
59.5540650150971	11.693934111777	0.696059222288742	0.648137568808471	0.995439034294348	-0.339362322262491	1	1	2	1	8
71.7202358386901	23.86010493537	0.962977761640883	0.888453360719968	0.880254784039359	-1.10173567684395	1	1	2	1	8
11.0025915888753	NaN	-0.803339975576456	-1.24664261118272	-1.09766990539335	-1.45012628353829	1	2	1	1	9
23.2313739349881	NaN	-0.0545920102813691	-0.993386509903076	-1.19105791136131	-1.3271279842207	1	2	1	1	9
37.0666754820899	NaN	0.608814641251528	-0.492020689159669	-0.831680775889157	-0.857416346833791	1	2	1	1	9
48.2321034708796	NaN	0.789882680024994	0.088117423030675	-0.185885794423565	-0.228361790421702	1	2	1	1	9
59.9749750030187	NaN	0.380256963440297	0.551084880921905	0.447403595853816	0.309102545499854	1	2	1	1	9
72.1531657673774	NaN	-0.374933366809186	0.740513389486359	0.775052504295851	0.540579337494001	1	2	1	1	9
12.4556530676998	NaN	-0.338800282481579	-1.04508288501598	-0.8022556270089	-0.865456818858356	1	2	1	1	10
24.1044090810447	NaN	-0.751983636991467	-0.449633609499659	-0.322880806380215	-1.08613408412821	1	2	1	1	10
35.4847622542084	NaN	-0.875396170695817	0.166203603154354	0.291736918767834	-0.993114157050214	1	2	1	1	10
46.9409570956931	NaN	-0.668106581044894	0.550137301160173	0.808786660536284	-0.615783587817496	1	2	1	1	10
60.1375370790963	NaN	-0.198865039959958	0.544880480632514	1.03241528201789	-0.0733474119582256	1	2	1	1	10
73.6373657554631	NaN	0.376698656212178	0.152586715365636	0.877914555973987	0.462829713413933	1	2	1	1	10
13.6896720756573	NaN	-0.896101583833087	-0.714965044601847	-1.1409710365195	0.391439558237159	2	1	2	1	11
22.9290873670262	NaN	-0.714083367124877	-0.270022629121625	-0.768543179610813	0.909515541596782	2	1	2	1	11
36.5470247692875	NaN	-0.213704188761182	0.39218730933983	-0.131935426614353	1.29729370049294	2	1	2	1	11
48.1198454001161	NaN	0.41023313421461	0.973558166266109	0.486444922661652	1.44578778889751	2	1	2	1	11
58.5241812602578	NaN	0.914823314312995	1.21237461233771	0.812276476635791	1.31326308585909	2	1	2	1	11
71.6156560183343	NaN	1.10362414772958	1.00112880796153	0.701016211888953	0.936966067381536	2	1	2	1	11
13.1255277643314	NaN	-0.377582075022516	-0.541428452897026	-0.869233578840631	-1.24131019882907	1	1	1	1	12
23.2648351899772	NaN	-0.818420656727783	-1.1282698120196	-0.284451176066062	-1.38478490738408	1	1	1	1	12
35.6867641449688	NaN	-0.95591390534399	-1.03320389594141	0.280237199197146	-1.12777496640347	1	1	1	1	12
49.9851049494184	NaN	-0.741575980448059	-0.324655982540446	0.618973309216028	-0.573670361483681	1	1	1	1	12
60.4255974780762	NaN	-0.250991352751905	0.487384755781543	0.60827025091328	0.0546236496914793	1	1	1	1	12
70.9688586871482	NaN	0.342839425267256	0.81843846062578	0.252029844863002	0.504356887429017	1	1	1	1	12
11.7412643081542	NaN	-1.02967987179117	-0.450104396702637	-0.281567359607653	-0.176781614642268	1	2	1	2	13
22.9232292356907	NaN	-1.02541984791713	0.460075313740755	0.506493814964651	-0.778297081360889	1	2	1	2	13
35.7039539318517	NaN	-0.308186547310405	0.796969770189079	0.883564690488082	-0.553562888960913	1	2	1	2	13
48.7699742271602	NaN	0.549020165799227	0.266255259938978	0.600070279093633	0.306602723463163	1	2	1	2	13
60.0934647601388	NaN	0.861375242417023	-0.668415989872611	-0.156350651874268	1.07184677428637	1	2	1	2	13
72.5466314074935	NaN	0.379337262279769	-1.19047989771759	-0.885039587201163	1.09241267464155	1	2	1	2	13
11.3733048971564	NaN	-0.758903840328529	-1.21217466058001	-0.504705000987344	-0.0637111052227513	1	2	1	1	14
23.1289060654442	NaN	-0.217127845812579	-1.13766674155118	-1.00956453856306	0.805745406212736	1	2	1	1	14
37.227269771175	NaN	0.269387790537005	-0.71996242367986	-1.33066592479734	1.41808314702542	1	2	1	1	14
48.1413170246914	NaN	0.556742462946714	-0.117066511567238	-1.37241887099534	1.30475839014541	1	2	1	1	14
58.2296720497766	NaN	0.559942990638504	0.442963857925716	-1.12239373234073	0.55248407259889	1	2	1	1	14
70.5562531240209	NaN	0.278042728038763	0.74828627542818	-0.655021751455175	-0.263120520651541	1	2	1	1	14
11.3304624156928	NaN	-0.00559047308005339	-0.370652174683186	-1.28577502025703	-0.568122334561094	2	1	1	2	15
23.8059736933654	NaN	0.617920495822873	0.483157974727684	-0.622872998267364	-0.282210739860255	2	1	1	2	15
35.813041297029	NaN	1.0705693032211	1.00195170585804	0.295589438066081	0.378487410906535	2	1	1	2	15
48.3977821679278	NaN	1.17349274565261	0.807056035770853	0.666102059457041	1.06691490928093	2	1	1	2	15
60.8019078173538	NaN	0.886020846031967	0.0407273571804828	0.164524574925535	1.4214486365445	2	1	1	2	15
72.0775862846003	NaN	0.321747507692317	-0.737682993882592	-0.770341575581011	1.25585606647385	2	1	1	2	15
11.4666208607884	NaN	-0.696012314768564	-1.18031094757257	-0.232984814847915	-0.707381771060587	1	1	1	2	16
23.7211244671454	NaN	-1.17618498529294	-0.670638647051672	-0.837825259707703	-0.839851702557439	1	1	1	2	16
38.009705853381	NaN	-0.768043491617866	0.144878730356723	-1.10538491680286	-0.403333160387501	1	1	1	2	16
48.4371709112824	NaN	0.165513773546375	0.722188244646917	-0.912169938348492	0.347825311630478	1	1	1	2	16
59.5578901007314	NaN	0.794415777772944	0.676151642185407	-0.34735991665705	0.975942274845237	1	1	1	2	16
71.7376942828226	NaN	0.559475253795682	0.0374811427370892	0.328353519333785	1.11502953057143	1	1	1	2	16
