age	diseaseAge	x1	x2	x3	x4	z1	z2	z3	z4	id
12.6913040748862	-34.8978577289483	-1.24470870838955	-0.755327346286854	-0.813591713857374	-0.790776535738188	1	1	2	1	1
22.8929568572314	-24.6962049466032	-0.902127471123387	-0.201443813051884	-0.439175072417546	-0.0286589923734926	1	1	2	1	1
36.3453323787563	-11.2438294250782	-0.126519534023052	0.390477560141679	0.468678989526099	0.760613703935605	1	1	2	1	1
47.5891618038345	0	0.571116550308316	0.804295575370635	1.1332969330669	0.993710748255993	1	1	2	1	1
60.42321824309	12.8340564392554	0.731152905098566	0.888903809409857	0.986094894488291	0.498356212221221	1	1	2	1	1
72.0511880837901	24.4620262799556	0.248151793380441	0.613407407152593	0.15300492942524	-0.359346323513146	1	1	2	1	1
12.7116316190757	-35.2738719284164	-0.50906745889906	-0.733587023486764	-0.22797965005121	-0.86854490589387	2	1	2	2	2
23.6971230308985	-24.2883805165936	-0.432401232047025	-0.271501862098499	0.500530884525685	-0.0604551632941415	2	1	2	2	2
36.3844768884123	-11.6010266590798	0.160442081075321	0.2594329172392	1.14108492377092	0.540033283055285	2	1	2	2	2
47.9855035474921	0	0.922066791848424	0.709477782713933	1.33594769956536	0.53702818615961	2	1	2	2	2
59.5045052820698	11.5190017345777	1.40617429993016	0.951706584310018	0.976292812194148	-0.0674892425695245	2	1	2	2	2
72.8541768103765	24.8686732628845	1.32908617391475	0.917803534940157	0.262979283463234	-0.874970513711507	2	1	2	2	2
11.8710646596823	-35.6107343247053	0.320364749304887	-0.98025225219815	0.0691286141529807	-0.83229262811424	1	1	1	1	3
22.1901559034233	-25.2916430809643	1.01986611472052	-0.846226659977439	-0.44945074265687	-0.161078539456609	1	1	1	1	3
36.3525623064333	-11.1292366779542	1.37639707514447	-0.367273013797626	-0.528346276334588	0.753258437507934	1	1	1	1	3
47.4817989843875	0	1.19739164438276	0.264520593633883	-0.128621232676586	1.11399029904397	1	1	1	1	3
59.3454722426937	11.8636732583062	0.57953247032582	0.795768411933446	0.552450917330713	0.606785258112219	1	1	1	1	3
70.3658334490714	22.8840344646839	-0.143468443334465	1.01340936309056	1.17874545707066	-0.326392212749362	1	1	1	1	3
13.1253739961088	-35.3011348759522	-0.674842128696304	-0.522967193203507	0.107784275115885	-0.595737152990319	2	1	1	1	4
24.0195268321944	-24.4069820398665	-0.420452133282886	0.14246024568989	0.915455210322273	-0.483381597119274	2	1	1	1	4
36.0108003084569	-12.4157085636041	0.444156837826949	0.772078302768926	1.18692366667746	-0.076574142801965	2	1	1	1	4
48.4265088720609	0	1.1929924826924	1.06429792221505	0.720197351658354	0.489017846408496	2	1	1	1	4
59.7602384402107	11.3337295681498	1.19727470330761	0.879144975063029	-0.137445381966818	1.02477350526343	2	1	1	1	4
71.1419808230783	22.7154719510174	0.453407817340177	0.3053083130473	-0.747855910020341	1.35202217034668	2	1	1	1	4
13.7068521233926	-34.056488580848	-1.16439146443218	-0.36659856403193	-0.157379342709786	-0.357377820427977	1	1	2	2	5
21.9299970823565	-25.8333436218842	-0.512215441568876	-1.03554695053422	-0.593139590549512	-0.751026512483779	1	1	2	2	5
37.1735188017585	-10.5898219024821	0.210893295334171	-1.32613974948596	-0.856352250010653	-0.915057131824801	1	1	2	2	5
47.7633407042407	0	0.600996470200042	-1.08325750838464	-0.881328353025117	-0.804340009525948	1	1	2	2	5
62.5153370305002	14.7519963262596	0.440177197357669	-0.436551617072424	-0.661834709909924	-0.449336696569347	1	1	2	2	5
72.9513739604619	25.1880332562213	-0.181728712177709	0.268764057650255	-0.252649502471608	0.052280908679886	1	1	2	2	5
13.4475376684964	-33.9825471732972	-0.292617990978336	-0.472457323289459	-0.871017439003072	-0.729788588692764	2	2	1	2	6
25.0142321460931	-22.4158526957005	0.214749269125781	-0.696842125243254	-1.31100261133464	-0.0542371395368952	2	2	1	2	6
36.2319192062118	-11.1981656355818	0.704377942936923	-0.0624303131693228	-1.44752337829525	0.541762181177499	2	2	1	2	6
47.4300848417936	0	1.0452997212423	0.868551404288564	-1.232466529568	0.777099141973073	2	2	1	2	6
59.2362586559151	11.8061738141215	1.14632315373137	1.27105094447329	-0.741623284490904	0.540774241298179	2	2	1	2	6
71.5830570802921	24.1529722384985	0.980425990990122	0.788366260856258	-0.147978638744857	-0.055747045596389	2	2	1	2	6
11.0915809246911	-46.6076078842391	-0.552744548704663	-1.04611677755069	-1.43410121188996	-1.31410236933789	1	2	1	2	7
25.6652923650149	-32.0338964439152	-0.0652552241507043	-0.934838022316661	-1.19360477344995	-1.11556885345453	1	2	1	2	7
35.6577770240743	-22.0414117848558	0.315569036335497	-0.342418597263548	-0.621444857343407	-0.550918531074444	1	2	1	2	7
46.3397298231624	-11.3594589857678	0.495678072858791	0.40031539902577	0.0323183368024288	0.121554873578789	1	2	1	2	7
57.6991888089301	0	0.430591306209357	0.878597367270331	0.481960223543851	0.594235030106147	1	2	1	2	7
71.9736482210422	14.2744594121121	0.136382872007185	0.825339243025419	0.530966617258684	0.650899060104936	1	2	1	2	7
12.8382761944553	-36.2794433239819	-0.292509896435306	-0.812851660970643	-0.649944974818456	0.310448834725951	1	1	1	1	8
24.0425759350118	-25.0751435834254	0.475712319670656	-1.20937508052256	-1.26315995558684	0.828358009459818	1	1	1	1	8
35.588569978573	-13.5291495398642	1.20587271014366	-1.33830332117424	-1.30783122318352	1.24063217226109	1	1	1	1	8
49.1177195184372	0	1.40294104075257	-1.15998041428468	-0.755524943014464	1.43470933383398	1	1	1	1	8
61.2832155988896	12.1654960804523	0.933309979281411	-0.729255224368294	0.042208855998856	1.35760118359632	1	1	1	1	8
71.9171242074822	22.799404689045	0.115377479653278	-0.178610941592625	0.577602382353282	1.03036033062431	1	1	1	1	8
12.6269123902617	NaN	-0.479911381993313	-0.132874876283566	-1.321654865634	-0.813851502470075	1	1	1	2	9
23.6342332056188	NaN	-0.982377743143555	-0.491710034109974	-1.09920320258741	0.0118040761301543	1	1	1	2	9
34.152729896358	NaN	-1.30723298095254	-0.316479458721271	-0.315966228224216	0.722972976875755	1	1	1	2	9
47.2370517000964	NaN	-1.35946584645185	0.298374938118	0.45098657088624	0.791437972943852	1	1	1	2	9
59.7150036039946	NaN	-1.12379965879817	1.02147249087315	0.636583482743357	0.166347022970412	1	1	1	2	9
73.0332814044611	NaN	-0.669160315507009	1.46309402454876	0.104081327262563	-0.68801662364927	1	1	1	2	9
13.2541690218856	NaN	-0.381704540644875	-0.759191896653618	-0.797620351816973	-0.938885920987109	1	1	1	1	10
24.3191476616642	NaN	0.236390983890942	0.0691296989025049	-0.848656816830434	-0.728386778864783	1	1	1	1	10
35.719231191832	NaN	0.951659895749124	0.786153393721134	-0.472110337638945	-0.266297117533748	1	1	1	1	10
47.1474248108819	NaN	1.38487391873156	0.852927570257074	0.165308688418596	0.299300291803639	1	1	1	1	10
60.7956162581602	NaN	1.30634739974075	0.219261348188865	0.781392393315926	0.787152244913599	1	1	1	1	10
72.6991921403954	NaN	0.757714297612347	-0.638549387374983	1.10337880764628	1.04092010192067	1	1	1	1	10
11.7443315966532	NaN	-0.539403129738254	-0.713465654185861	-0.592986337282275	-0.484907471561451	1	2	2	2	11
24.3234524758312	NaN	0.0973062140333045	-0.092305043478886	-0.812781998984874	-0.632132397109971	1	2	2	2	11
36.3403302164314	NaN	0.692998517976144	0.65632611087241	-0.404415640000373	-0.319460091365368	1	2	2	2	11
47.4237541434525	NaN	0.991960762969024	1.10104526382224	0.373426758559344	0.308097072549252	1	2	2	2	11
60.4866358039903	NaN	0.86585733385562	0.985592601822848	1.02800890832269	0.959488202253287	1	2	2	2	11
70.7780074331344	NaN	0.368820688562103	0.376495229545378	1.14467563041807	1.33260859638927	1	2	2	2	11
10.1408495025771	NaN	-1.18112032775583	-1.23168106610217	-1.22919299107529	-0.464154146807259	2	1	2	2	12
26.0624064590022	NaN	-0.639137415189412	-0.68656634623033	-0.829792683209224	-0.0109150936509994	2	1	2	2	12
35.721049009078	NaN	0.171529236807851	0.0498747368347368	-0.257493719422383	0.481994001954815	2	1	2	2	12
47.6298913873865	NaN	0.71811755023638	0.578125032608076	0.29027044104574	0.89390028159299	2	1	2	2	12
59.1290432674072	NaN	0.641415110282974	0.611610288561809	0.624530430973082	1.12396180786158	2	1	2	2	12
70.7828082291691	NaN	-0.00817000077028907	0.132164850511873	0.62997220949534	1.11585545295843	2	1	2	2	12
12.0733107495559	NaN	-0.778099542982567	-0.555976007577749	-1.08788461535329	-0.281949715485192	1	1	2	2	13
22.7812434253602	NaN	0.0433221782303306	-0.436434836243787	-0.600223306618495	0.394651798321467	1	1	2	2	13
36.0635807531628	NaN	0.67560464258201	-0.0881678000601435	0.217157984996846	0.735123103838928	1	1	2	2	13
49.300907232674	NaN	0.6822638414587	0.398329510146229	0.813821615103594	0.563813785033117	1	1	2	2	13
60.5368425496427	NaN	0.0587027253078195	0.896643001312462	0.787964745274183	-0.0308970417618519	1	1	2	2	13
72.9406063726541	NaN	-0.764615311836304	1.27728819998884	0.156999805504473	-0.742195843500258	1	1	2	2	13
12.8187248211475	NaN	-0.250613284640396	-0.921540891410837	-0.948101705798336	-0.827454129114281	1	1	2	1	14
24.5403708778872	NaN	0.557444283437376	-0.719047223684306	-0.812262438784072	-1.301393671964	1	1	2	1	14
37.0318163068906	NaN	1.07996226722637	-0.288809647411337	-0.154068275117291	-0.95947553406201	1	1	2	1	14
48.0104844934051	NaN	0.975321838291337	0.24527760721471	0.615758308698466	-0.081594445397873	1	1	2	1	14
58.3630524663682	NaN	0.311936222298751	0.729415028209789	1.01683462555214	0.61361474247505	1	1	2	1	14
72.8281876681919	NaN	-0.476477418917393	1.02418700803541	0.79888337549419	0.557052685719853	1	1	2	1	14
11.3963496911224	NaN	0.383397768257343	-0.0635898481639849	0.290932745847093	0.15966396318684	2	2	2	2	15
23.1875909966318	NaN	1.02818043536917	0.549130560347496	1.11192740123412	-0.340125735636315	2	2	2	2	15
37.7297106075309	NaN	1.42972049748183	0.963897259498488	1.37976575851914	-0.699957522190298	2	2	2	2	15
47.4639350945888	NaN	1.41068233095723	1.0179197337898	0.889274925425974	-0.822481762160407	2	2	2	2	15
59.9745304969888	NaN	0.979473926559233	0.689994867213271	0.016186831767756	-0.674550494745279	2	2	2	2	15
72.0782593072131	NaN	0.326533595497879	0.108828889522313	-0.570684648283144	-0.296185350397541	2	2	2	2	15
11.8950585495353	NaN	-0.16231322600857	-0.19680898454347	-1.00683354950568	-0.0412281113783902	2	2	2	1	16
22.8135635253264	NaN	0.762626631135765	0.71446989443508	-0.337861269216394	-0.47241493068796	2	2	2	1	16
35.506492936982	NaN	1.31291609045039	1.3423671025853	0.470875044390855	-0.497740536658707	2	2	2	1	16
48.8399566564449	NaN	1.01740356289002	1.15564348738144	0.863254036429548	-0.106159125843648	2	2	2	1	16
59.4541287263978	NaN	0.129103520358699	0.31227856172764	0.569459287122177	0.53154044472647	2	2	2	1	16
71.8898495836877	NaN	-0.591431623312311	-0.474189753584644	-0.208483486008318	1.13722449000267	2	2	2	1	16
