age	diseaseAge	x1	x2	x3	x4	z1	z2	z3	z4	id
12.0306873871319	-35.5838268598468	-0.568073849148682	-0.0137408275844165	-1.04329412211347	-0.7204890332611	1	1	1	2	1
25.811624655751	-21.8028895912276	0.229598937735748	-0.508150524696141	-0.532334619346959	-0.231551920789707	1	1	1	2	1
34.8888939415092	-12.7256203054694	0.676930466498137	-0.669367270039023	0.0529219650479132	0.355570514898864	1	1	1	2	1
47.6145142469787	0	0.482562371607033	-0.433200313958797	0.510696826427281	0.838472712664512	1	1	1	2	1
60.6513054544118	13.0367912074331	-0.226908479071773	0.106317097047012	0.683163010275729	1.05067816884593	1	1	1	2	1
71.9586179004176	24.344103653439	-0.989385733828216	0.734368400404002	0.510859382201389	0.91903082292736	1	1	1	2	1
12.1981856607898	-34.6696472676267	-0.490388899483558	-0.427167025079127	-0.306483679449227	-0.300006582148265	1	1	1	2	2
24.1866091980422	-22.6812237303742	-1.01201468545421	-0.623997830037416	0.434825523353894	0.458175046505948	1	1	1	2	2
37.3027623829647	-9.56507054545171	-1.34354495512052	-0.503463378321425	1.157314888833	1.19196684409009	1	1	1	2	2
46.8678329284164	0	-1.38124397133202	-0.103912520574555	1.40013773892535	1.41032245152529	1	1	1	2	2
58.695047594543	11.8272146661265	-1.1133157214939	0.447534936790663	1.00840722107695	0.967120412604857	1	1	1	2	2
73.2784171336816	26.4105842052652	-0.623594886911015	0.975432257350601	0.231992352704447	0.158947236287777	1	1	1	2	2
12.0948741694045	-37.2227438910771	-1.15133732092653	-0.694983218273375	-1.00595942212255	-0.917902396854665	2	2	2	2	3
26.7188239242637	-22.5987941362179	-1.41654754857267	-0.0477264828310249	-0.431279369526608	-0.572198732216425	2	2	2	2	3
36.5842549828724	-12.7333630776092	-1.19352980177431	0.40728895795912	0.359644414150745	0.261726205730487	2	2	2	2	3
49.3176180604816	0	-0.591224128720955	0.475935340920267	0.870519766014956	0.961023187404788	2	2	2	2	3
59.4475466917465	10.1299286312649	0.0961542792440107	0.128925376919364	0.78078048414026	1.00339510132223	2	2	2	2	3
71.2798350587396	21.962216998258	0.532833771823002	-0.48569262167297	0.146736548346865	0.357194837846849	2	2	2	2	3
11.7810410249767	-35.4073773828751	-0.748312564187227	-0.934868599173544	-0.353675433640174	-0.429726860819962	1	2	1	1	4
24.5775578797016	-22.6108605281501	-0.379962879430848	-0.622249122348415	0.534085278196743	0.397121736951219	1	2	1	1	4
36.3860597117575	-10.8023586960942	0.220134011595735	-0.0915288758928583	0.854421134090499	1.04955430960619	1	2	1	1	4
47.1884184078517	0	0.814406506761828	0.479093429795285	0.33698491310443	1.06588268469491	1	2	1	1	4
59.6704052487029	12.4819868408512	1.16758881667583	0.89802126212286	-0.581533448927527	0.434552231180012	1	2	1	1	4
70.8125989217848	23.624180513933	1.13986004163778	1.02459219117673	-1.12595102450632	-0.39768160752276	1	2	1	1	4
11.5150600199038	-35.7037714902161	-0.684207705786582	-0.464736478599978	-1.01183929999154	-0.977832028724937	2	2	2	1	5
23.9409052615119	-23.277926248608	0.216199489821218	0.136181837049196	-1.36310057918999	-0.444774667478402	2	2	2	1	5
34.4086894953191	-12.8101420148009	0.520312767812971	0.668269431422459	-1.00555747632411	0.239914555539312	2	2	2	1	5
47.21883151012	0	-0.0369607682677379	0.936673223926994	-0.192640252959091	0.755122055449887	2	2	2	1	5
59.8902484884947	12.6714169783747	-0.969850629300241	0.843102432433392	0.499446927275799	0.85921977431002	2	2	2	1	5
72.5862719388296	25.3674404287096	-1.46516484626227	0.421823138633546	0.580145489185123	0.503386742609624	2	2	2	1	5
13.2633408738448	-34.1073976520812	0.0293463161369545	-0.915320950557249	-0.200598375298619	-0.0959449419891735	2	1	1	1	6
24.3797035354949	-22.9910349904312	0.803609620042117	-0.705245128903925	-0.960615740260647	0.841320502398001	2	1	1	1	6
35.8018570255326	-11.5688815003935	1.26181193458385	-0.228188876534734	-1.02765919208564	1.46825998245065	2	1	1	1	6
47.3707385259261	0	1.12370908840657	0.354056849639614	-0.347532790395505	1.22332896350166	2	1	1	1	6
59.8597179821277	12.4889794562017	0.473767083668083	0.844026671632591	0.529969429565477	0.325910144260167	2	1	1	1	6
71.5569038956158	24.1861653696897	-0.290498718476565	1.0755500676998	0.895500668071143	-0.420185821636011	2	1	1	1	6
11.8361614081657	-37.7960747837299	0.300276848540825	-0.60517052087165	0.316958399088262	0.260770160903959	1	1	2	2	7
24.3415373957721	-25.2906987961235	0.901857770348655	0.0394090621780191	1.00318241440428	-0.368146181119184	1	1	2	2	7
37.1731550593413	-12.4590811325542	1.32876684243895	0.63160173003139	1.31848888188494	-0.645134151975166	1	1	2	2	7
49.6322361918956	0	1.42160178056082	0.913558071780593	1.09154684101686	-0.435124175492071	1	1	2	2	7
60.1977268277165	10.5654906358209	1.14569922859849	0.76251014285565	0.445671865227601	0.159475118714216	1	1	2	2	7
73.0039842606973	23.3717480688017	0.604077604029267	0.244226436529757	-0.268181049672848	0.848715129582161	1	1	2	2	7
10.022003515554	-35.1530475586303	-0.347098132374285	-0.687615755094022	-0.395147864525268	-0.691063741044642	2	1	1	1	8
23.5964820775984	-21.5785689965859	-0.772541565054519	-0.562908257125216	-1.02820493763601	-0.830152661780893	2	1	1	1	8
37.3849281243839	-7.79012294980034	-0.63928817160743	-0.0969633279548822	-1.25046056613103	-0.633794763090989	2	1	1	1	8
45.1750510741842	0	-0.0234636876787675	0.52709918753325	-0.944229609240976	-0.167945616031457	2	1	1	1	8
59.5688750009673	14.3938239267831	0.723120269368422	1.06401804948102	-0.271662440900461	0.410918535123826	2	1	1	1	8
73.4306905227534	28.2556394485692	1.17395108712475	1.3027801261647	0.411114246311493	0.908360308897824	2	1	1	1	8
11.9397504568865	NaN	-1.31944945282291	-0.567284956466453	-1.08420422820444	-0.193749594698594	2	2	2	1	9
24.520894395302	NaN	-0.966987303977309	0.00908202915534689	-1.0538447568041	0.655666651692311	2	2	2	1	9
36.3348744537917	NaN	-0.170509292683448	0.445209021353796	-0.587688411857336	0.821173200659958	2	2	2	1	9
45.3698046057633	NaN	0.523772267953735	0.593634074806503	0.0941758916205925	0.159137941333167	2	2	2	1	9
58.4513504413906	NaN	0.639729811567781	0.404172157382373	0.66981587411253	-0.755902817233343	2	2	2	1	9
72.2924831289449	NaN	0.097841446504074	-0.059116437913017	0.867451518979374	-1.1298461437304	2	2	2	1	9
11.69294875317	NaN	-1.05410699017834	-0.51431644096618	-0.657670254796347	0.335880733487335	1	1	1	1	10
22.7057390024026	NaN	-0.781002375983488	0.0544342343081903	-0.717743382691239	1.04209971162597	1	1	1	1	10
35.8662836476077	NaN	-0.324293869609289	0.480416677499666	-0.480462023822692	1.35678178811956	1	1	1	1	10
47.5142886691075	NaN	0.193459737080763	0.622527408060732	-0.0173974207146905	1.09991831707854	1	1	1	1	10
60.0086957073565	NaN	0.633318057312031	0.433693315289726	0.531776121110619	0.418443773182236	1	1	1	1	10
72.3395838955094	NaN	0.877244085935153	-0.0235357277800997	1.00141123290436	-0.29781566973104	1	1	1	1	10
12.6007526755284	NaN	-0.551165123598625	0.00715647180352436	-0.417530046200086	-1.34777222866104	2	2	1	1	11
25.2053019608823	NaN	-1.17456235592425	-0.511410127461585	-0.53932446552534	-0.669419453325777	2	2	1	1	11
35.502939055215	NaN	-1.19492482631936	-0.344623246818524	-0.0949052921746425	0.173886030190788	2	2	1	1	11
48.8810917094749	NaN	-0.598641635196312	0.390034872267702	0.657234211424891	0.550963112844119	2	2	1	1	11
60.3509874057582	NaN	0.215713248633435	1.17508178628629	1.27961743367727	0.179584374231425	2	2	1	1	11
70.9189341611905	NaN	0.703800050208742	1.45754192090854	1.41023958440446	-0.662287752466319	2	2	1	1	11
12.1979501152952	NaN	-0.757502094211093	-0.466190247820855	-0.787115338822788	-0.44328262651619	1	1	1	1	12
24.9306246198044	NaN	-0.537976371198413	0.128583316466183	0.0262849367385664	0.297657295353329	1	1	1	1	12
36.6320910403865	NaN	0.318787100432003	0.629040632145784	0.680687956175972	0.860275505976975	1	1	1	1	12
46.9058889387329	NaN	1.08721638945625	0.857954606282765	0.726443542725737	0.934923885172175	1	1	1	1	12
59.0578097367046	NaN	1.1165476132997	0.734259867470885	0.132112343315016	0.480518213025664	1	1	1	1	12
71.7001995066848	NaN	0.381940879233551	0.301760469091273	-0.693931718138546	-0.25285031269543	1	1	1	1	12
11.8788439392454	NaN	-0.253242648848451	-0.885903156201411	-0.979680216962619	-0.52663237325672	2	1	1	1	13
23.8856192127071	NaN	-0.613595122110621	0.00209767857645318	-0.998997220519846	-0.287599490638179	2	1	1	1	13
36.2022603963462	NaN	-0.483231663675653	0.710575973618868	-0.447976473452284	0.5782901893787	2	1	1	1	13
49.7663365698053	NaN	0.0728841131762654	0.639984482414091	0.335272897141461	1.3351120240137	2	1	1	1	13
60.4518244498233	NaN	0.777624777950946	-0.149938995764226	0.870145102094047	1.33963876254916	2	1	1	1	13
71.0684057156047	NaN	1.27979912600508	-0.990724516796716	0.828439841710312	0.58802310374506	2	1	1	1	13
11.2682412835319	NaN	-0.699500676860398	0.39573272835662	-0.677076849728875	-0.20472709022899	1	2	2	1	14
24.658286434285	NaN	0.00303749289999483	-0.383032346582356	-1.02291765644089	-0.623851483955705	1	2	2	1	14
37.7299316504329	NaN	0.746419351471771	-0.504601473211144	-1.1198432768031	-0.603889513600768	1	2	2	1	14
47.2989195750896	NaN	1.06862894162801	0.127763497840663	-0.941041239138919	-0.15406723464906	1	2	2	1	14
60.2290871665927	NaN	0.769411212068772	1.01086065402649	-0.535973435491678	0.517715770335498	1	2	2	1	14
73.9044775130612	NaN	0.0347316449315749	1.44196894294834	-0.0166935104169399	1.10097375432565	1	2	2	1	14
11.8304350635789	NaN	-1.15029556726282	-0.978259191495061	-1.26950368580392	-0.40127078382174	2	1	1	2	15
24.3022743099285	NaN	-0.38362043194661	-0.522757629721028	-0.971155665398535	-0.861407614550563	2	1	1	2	15
35.6425639023974	NaN	0.339880170356625	0.0208564286652231	-0.518126766764951	-0.697691808150852	2	1	1	2	15
49.8383731817952	NaN	0.535788311108399	0.491817598960391	-0.0224150111711012	-0.0144190359476633	2	1	1	2	15
61.1198242443234	NaN	0.0729342090746898	0.750846455706677	0.393429503777282	0.753129625404266	2	1	1	2	15
72.5218567318075	NaN	-0.738779387068234	0.721339251886036	0.626601497953884	1.11598487800524	2	1	1	2	15
10.257588431406	NaN	-1.07630411547906	-0.652590133323285	-0.273155070210333	-0.884897381956384	1	2	1	1	16
24.7379310702534	NaN	-1.00511763947065	-0.928807585746472	-1.04098676415438	-0.65317632716142	1	2	1	1	16
33.4008936825448	NaN	-0.586719703343681	-0.739303282826536	-1.1844344463467	0.185639765065051	1	2	1	1	16
48.7459315905195	NaN	0.019098428364715	-0.172535377324412	-0.593641561316464	0.949628150672074	1	2	1	1	16
59.5939090642221	NaN	0.580967437150452	0.506936217383771	0.278944905706684	1.01769791215786	1	2	1	1	16
72.2407632908599	NaN	0.884302709501342	0.981942966360807	0.765071957165743	0.334511152491769	1	2	1	1	16
