age	diseaseAge	x1	x2	x3	x4	z1	z2	z3	z4	id
12.4884421532815	-35.3702365871488	-0.652540737380065	-0.973502469067799	-0.811808405192834	-0.67288089251897	2	2	2	1	1
24.1060175674007	-23.7526611730296	-1.23258633595268	-0.892960440568573	-0.27671650214775	-0.891085049494099	2	2	2	1	1
37.8227009953934	-10.0359777450369	-1.26681923224252	-0.267753344978695	0.271453957960784	-0.479311243526339	2	2	2	1	1
47.8586787404303	0	-0.734556164607729	0.512370471499766	0.657642593327651	0.300729032651109	2	2	2	1	1
60.3804058274727	12.5217270870424	0.0426134753625544	0.961089005405771	0.758518551825694	0.953264794794526	2	2	2	1	1
72.0921979921209	24.2335192516906	0.595129564343978	0.798675254704776	0.541866701311293	1.06356323110937	2	2	2	1	1
12.7206111705277	-37.3283935237615	-0.106606939369923	0.0338560565038351	-0.686489033494008	-0.814908713995898	1	2	2	1	2
24.112671497709	-25.9363331965802	0.543634515428756	-0.682143651074793	0.0690707943474739	-1.40601567465448	1	2	2	1	2
36.400783705718	-13.6482209885712	1.04070045215418	-0.843209452965591	0.592012235355397	-1.29522185723266	1	2	2	1	2
50.0490046942892	0	1.17410890716964	-0.339354633243998	0.583504224682229	-0.564310226833474	1	2	2	1	2
61.5687928329993	11.5197881387101	0.887368233185078	0.485354368949091	0.0484086028512555	0.247193440165496	1	2	2	1	2
72.1366061676205	22.0876014733313	0.301898418285741	1.06774999302786	-0.707498147480495	0.54027398548615	1	2	2	1	2
10.0474906096936	-39.2698415203158	-0.496261400661054	-1.30740953829087	-1.40194110370006	-0.763479727679042	2	1	1	2	3
26.7091144438967	-22.6082176861127	-0.39620284158177	-1.27924786576782	-0.721440997130999	-1.15041538781787	2	1	1	2	3
35.4182934894488	-13.8990386405606	0.100552372970557	-0.782881539616314	0.135683907856696	-1.12797819205499	2	1	1	2	3
49.3173321300094	0	0.770452617324295	-0.0710944550851689	0.506858931622494	-0.705780111977805	2	1	1	2	3
60.4959461778377	11.1786140478283	1.31202689676012	0.493622416267127	0.105158363536486	-0.0646884891581448	2	1	1	2	3
71.4728472575623	22.1555151275529	1.48155394365345	0.623676377409828	-0.758895230014315	0.520656541844006	2	1	1	2	3
12.5616269016139	-35.8276146448063	-1.29423141764385	-0.673497787878289	-0.443756777066603	-1.02019980910554	1	1	2	1	4
25.9292958879825	-22.4599456584377	-1.02800793844569	-0.12644381563477	-1.14890806749152	-0.619920974803609	1	1	2	1	4
35.892654175031	-12.4965873713892	-0.481277650044565	0.352001602823378	-1.28273005611789	0.0667611601268648	1	1	2	1	4
48.3892415464202	0	0.134656785810053	0.61834412551407	-0.753238264167721	0.695601342047244	1	1	2	1	4
59.7112759625713	11.3220344161511	0.581746392281977	0.592702864125084	0.0756134693845389	0.951351457002641	1	1	2	1	4
69.6328096949537	21.2435681485335	0.687198064814447	0.282768091754782	0.634101921340427	0.705799689492942	1	1	2	1	4
12.6641257493093	-35.1202264804301	0.0129424063570802	-0.882033334816679	-0.536031197307683	-0.215509827405227	1	1	2	2	5
23.6640213269905	-24.1203309027488	-0.816763957722409	-1.24178293231726	-0.526384965923233	-0.952386480988359	1	1	2	2	5
38.0913376090941	-9.69301462064522	-0.898754952144472	-1.31434647811464	-0.0896205577454582	-1.18737728195004	1	1	2	2	5
47.7843522297393	0	-0.159782665308616	-1.07696425367403	0.575027854692061	-0.764688027150491	1	1	2	2	5
60.4509766684371	12.6666244386977	0.739980683593224	-0.604091724946847	1.16437467751225	0.0354467578129093	1	1	2	2	5
69.6843003190797	21.8999480893404	0.996717715514957	-0.0440464188454981	1.4095838417008	0.682553706673675	1	1	2	2	5
11.7633888816459	-35.4674548447968	0.205019307846366	-0.827844688598746	-0.346952972081004	-0.488937362736164	1	2	1	2	6
24.887454028292	-22.3433896981507	0.993554423634738	-0.890578481741356	0.459782719670305	-0.0208444269334535	1	2	1	2	6
36.7246605359931	-10.5061831904496	1.42651325537959	-0.473093021757002	1.00061590486775	0.559226795507403	1	2	1	2	6
47.2308437264427	0	1.22620723194457	0.21648424571782	0.923548897830054	1.05571370666136	1	2	1	2	6
60.1090809861953	12.8782372597526	0.521107444249605	0.834380976482404	0.278740248110258	1.30123294664978	1	2	1	2	6
72.2090559193931	24.9782121929504	-0.236553382103024	1.07255945289744	-0.514140618263779	1.21301126530061	1	2	1	2	6
11.7483383577081	-35.7582947843276	-0.893608393120056	-1.154915378171	-0.528148970662724	-0.28409594926516	2	1	2	2	7
24.9301363756745	-22.5764967663612	-0.198739961080514	-0.833083653741855	-0.599896873927639	0.514050618561771	2	1	2	2	7
35.8724599197117	-11.6341732223241	0.423922979527259	-0.0359218608678835	-0.312390246365386	1.05618388037274	2	1	2	2	7
47.5066331420357	0	0.658516220232786	0.677248158655806	0.229225094121937	0.996941148675471	2	1	2	2	7
58.8157002788652	11.3090671368294	0.386035395342407	0.80603668169041	0.826871668602016	0.374062644324523	2	1	2	2	7
71.4698172789334	23.9631841368976	-0.255295530837643	0.260080328367854	1.26198047077781	-0.4156506809635	2	1	2	2	7
12.2749764794555	-36.3496506931521	0.407641112806985	-0.706998244754091	-1.18367166075112	-1.41807942364536	1	2	2	2	8
24.2664789740798	-24.3581481985278	-0.320388277394128	-0.851679736768697	-1.03066867656217	-1.07561381297489	1	2	2	2	8
37.197211743384	-11.4274154292236	-0.534838962439313	-0.482720230712419	-0.283349927958908	-0.21116298254531	1	2	2	2	8
48.6246271726076	0	-0.0933861259638263	0.207681562481183	0.51192457633463	0.486545090615155	1	2	2	2	8
60.8888374083787	12.2642102357711	0.710990548279725	0.859880932485037	0.773734678031368	0.461630242049642	1	2	2	2	8
72.1904113116065	23.5657841389989	1.34444915428077	1.1341336089149	0.310672668286299	-0.266057291945631	1	2	2	2	8
10.142316139188	NaN	-1.24827619657941	0.201745061189842	-0.11645846006309	-1.27506384979127	1	2	2	1	9
25.9538347856464	NaN	-0.561619249558849	-0.44795236358944	-0.49288186653305	-0.577004286762593	1	2	2	1	9
34.3281298041398	NaN	0.191535680945071	-0.592208460529735	-0.484045415302471	0.180470921591612	1	2	2	1	9
48.096274154167	NaN	0.543812343580113	-0.143489897552208	-0.093523521865865	0.516224238806557	1	2	2	1	9
59.1749939268294	NaN	0.27660266801063	0.625924844113293	0.52071457132615	0.216989907636312	1	2	2	1	9
71.415886755153	NaN	-0.444274267331334	1.24916165989127	1.11020462220002	-0.527162657980475	1	2	2	1	9
13.2105911900894	NaN	-1.05742623944961	-0.6284515947808	-0.805016364327086	-0.285209567676478	1	2	2	2	10
24.3711551955877	NaN	-1.41334138239582	-1.13137881043061	-0.441871730421599	-0.611211491637444	1	2	2	2	10
35.3640324762999	NaN	-1.18681789853312	-0.940351556247516	0.0586273634615511	-0.642048382307109	1	2	2	2	10
48.0003841687309	NaN	-0.510348237185473	-0.190787388731008	0.561411375764017	-0.368070224432678	1	2	2	2	10
60.3996490481766	NaN	0.220403890331388	0.585954183033481	0.930794134673439	0.124984979709836	1	2	2	2	10
71.0458330542726	NaN	0.578025230555076	0.839247824824738	1.06709042494125	0.682821834666518	1	2	2	2	10
12.8745373614587	NaN	-0.746249966388933	-0.90377120327025	-1.10428509288417	-1.12713929126752	1	1	2	2	11
24.8046435869695	NaN	-0.197932019135823	-0.357010032524313	-1.17849248378754	-1.12401256940745	1	1	2	2	11
35.6217874884388	NaN	0.402679058838255	0.336243624955311	-0.642844044895348	-0.565579009666443	1	1	2	2	11
49.0655909332887	NaN	0.83267960592793	0.842127986386645	0.158566201423067	0.21105225823627	1	1	2	2	11
59.4438143592751	NaN	0.932484326500777	0.917015841200008	0.710922089934367	0.737052872773065	1	1	2	2	11
71.6670319398095	NaN	0.665052882013209	0.524842190030517	0.659396936460547	0.694892473697484	1	1	2	2	11
12.0549375505174	NaN	-0.498322513611094	-0.610894391451611	-0.752384969432954	-0.800029037550671	1	2	1	2	12
25.0558794600508	NaN	-0.472325133280067	0.165499695896652	-0.0733680279596554	-0.11906771646195	1	2	1	2	12
35.6232146976653	NaN	-0.0927671571314564	1.03690312363227	0.748940870199196	0.543310308312956	1	2	1	2	12
47.6053884194342	NaN	0.49726293645315	1.23585543048747	1.12672958768444	0.843277747428358	1	2	1	2	12
59.2739743672617	NaN	1.07533138610996	0.587135789541531	0.789942925054131	0.625127455379143	1	2	1	2	12
71.0402036696618	NaN	1.42351381648766	-0.337916900335739	-0.020673470358927	0.00209692009486812	1	2	1	2	12
12.2052618149773	NaN	-0.320130550050073	-0.128313108580825	-0.762488072649738	-0.803069744032858	1	2	1	2	13
23.8769444912213	NaN	0.612476620954324	0.393819836458964	-0.187270985536534	-1.23722371026829	1	2	1	2	13
35.4670607833925	NaN	1.14952403845903	0.83025231810528	0.50753532905321	-0.837400078605735	1	2	1	2	13
49.3940178238833	NaN	0.823831250810443	1.06165167203406	0.982433606781661	0.0628827679182722	1	2	1	2	13
61.090827109405	NaN	-0.0812798253886947	1.02474693976158	1.0053783657036	0.712641506983159	1	2	1	2	13
74.6791645108133	NaN	-0.778448172111159	0.729628891827274	0.565158304595483	0.569870947160722	1	2	1	2	13
12.595066928507	NaN	-0.366613933769939	-0.522704125831354	-0.767785148205844	-0.817503768398225	2	1	1	2	14
25.159955077969	NaN	0.432568389394496	0.0291467130541169	-0.800157600822695	-0.854959322861862	2	1	1	2	14
35.2945861304714	NaN	1.08946752430935	0.849762130305762	-0.574568102084463	-0.351067969328145	2	1	1	2	14
47.9526071470245	NaN	1.16634126185924	1.38644753439478	-0.150347894998929	0.404921932394599	2	1	1	2	14
56.6793895643597	NaN	0.611962742531842	1.27773869499283	0.360930840274014	0.979050089930899	2	1	1	2	14
72.4734346660818	NaN	-0.204243163341798	0.596852354468758	0.824799065694658	1.04175016577058	2	1	1	2	14
11.2174422838724	NaN	-0.741777691428112	0.311738189068684	-1.15573341364368	-0.667452465032774	2	1	1	2	15
24.6789946459389	NaN	-1.06086360347103	-0.410435539669069	-1.27571822354326	-1.31836730648642	2	1	1	2	15
34.8644958678855	NaN	-0.968411012554075	-0.439387239176252	-1.15677466605102	-1.24832812833647	2	1	1	2	15
49.413642976496	NaN	-0.503136481852698	0.24765486683652	-0.82732174831433	-0.511626846559371	2	1	1	2	15
61.9052445099962	NaN	0.140116008781685	1.11030215159349	-0.366075165586318	0.320671527140248	2	1	1	2	15
73.0455128413487	NaN	0.691970280224031	1.47004484470078	0.116760122674816	0.603398466148739	2	1	1	2	15
12.2459864014639	NaN	-0.81940803382155	-0.729426422730184	-0.518774201759217	-0.899891905250259	1	2	2	1	16
24.002540025665	NaN	-0.162422017454217	-1.07945487400746	0.280073818508834	-0.408693404599822	1	2	2	1	16
35.9015110922967	NaN	0.474695714510715	-0.831508793025027	1.11782440327965	0.12511370107017	1	2	2	1	16
48.311113893453	NaN	0.788634789211145	-0.134234023891646	1.28000457328972	0.547035506316817	1	2	2	1	16
60.0261682850841	NaN	0.629939347822207	0.594347110866357	0.628299475227127	0.73495983467844	1	2	2	1	16
70.610328270068	NaN	0.0741589647541843	0.917443848722275	-0.281486226037175	0.634497819637644	1	2	2	1	16
