age	diseaseAge	x1	x2	x3	x4	z1	z2	z3	z4	id
12.6044646415029	-36.1604918205916	-1.24396659033955	-1.02934969014613	0.031465934087323	-1.15948523012393	1	2	2	1	1
24.5255079738558	-24.2394484882387	-0.958746965364219	-1.05621678793349	-0.505560431281383	-0.755121361113074	1	2	2	1	1
35.2601172956858	-13.5048391664088	-0.3667216966629	-0.784829575470239	-0.441598847284149	0.0584887008706692	1	2	2	1	1
48.7649564620945	0	0.275707425599972	-0.298356830246906	0.182724749969552	0.719349438125912	1	2	2	1	1
59.126546852747	10.3615903906525	0.690309072948664	0.254117991904326	0.970864043322184	0.770975871525514	1	2	2	1	1
71.5503488717339	22.7853924096394	0.697522320866351	0.703284571843661	1.42222329114086	0.177707399607954	1	2	2	1	1
13.4692698411247	-33.6736191401386	-0.676085805155506	-1.11181479245875	-1.35735199242161	-1.18171732349633	2	1	2	2	2
23.8462536590695	-23.2966353221937	-0.0346827743904116	-0.924671487774597	-1.29073438070794	-1.24396865853677	2	1	2	2	2
36.2202194596597	-10.9226695216035	0.845995289151581	-0.384947921613959	-0.622225049662513	-0.998212572717877	2	1	2	2	2
47.1428889812633	0	1.26594704794619	0.272917638688618	0.187567872851012	-0.52127422785689	2	1	2	2	2
59.6451693193959	12.5022803381327	0.891376527026581	0.763169906971503	0.580690765732262	0.0377519379625795	2	1	2	2	2
70.9144295014333	23.77154052017	0.0200087140986542	0.872859329909349	0.286278898600878	0.504110229450019	2	1	2	2	2
13.6500858776971	-35.3656185544615	-0.943065411092269	-0.756969017227019	-0.0233626122429401	-0.821818645431258	1	2	2	1	3
25.0004382625819	-24.0152661695766	-1.11104268230432	-0.63345874500155	0.805387675790161	-0.21497112395171	1	2	2	1	3
35.2533012784237	-13.7624031537348	-0.934393047610732	-0.033728466990785	1.32888549710364	0.621118699724958	1	2	2	1	3
49.0157044321585	0	-0.473996541374864	0.707431818856362	1.18719774373069	1.09569974528898	1	2	2	1	3
59.4974208583694	10.4817164262109	0.111477076519414	1.17628103646547	0.477742420782409	0.87345006834854	1	2	2	1	3
72.6324690986834	23.6167646665248	0.620251821434117	1.11109148197217	-0.311691508815515	0.111403318917087	1	2	2	1	3
12.3717902901459	-37.0094075681985	-1.11879951717446	-0.468734639843123	-0.966194614524713	-1.072376862307	2	1	2	1	4
23.5137354675409	-25.8674623908035	-1.18257515519556	-1.13068299228037	-0.474510363833233	-0.607579889119736	2	1	2	1	4
37.48038320016	-11.9008146581844	-0.534277572570701	-1.2690210800796	0.152721217692951	-0.0823984952282451	2	1	2	1	4
49.3811978583443	0	0.328933807840168	-0.796998526434565	0.668479070517482	0.358010648640642	2	1	2	1	4
59.4635402824409	10.0823424240965	0.745088799516171	-0.0106157679653267	0.869643557458007	0.591921362113383	2	1	2	1	4
71.8259809859907	22.4447831276464	0.395050973405324	0.596994742101239	0.676990567087888	0.554682267951626	2	1	2	1	4
12.6753060557731	-34.5475717866438	0.206911079019522	-0.0172307587411891	-1.29500035648925	-0.404734866761403	1	2	2	2	5
22.449948061488	-24.772929780929	0.814407451793719	-0.597762033292072	-0.836937241251652	-0.853071267692385	1	2	2	2	5
36.0353446792454	-11.1875331631715	1.24018300688133	-0.903754603270464	-0.233168713491245	-0.719709172322524	1	2	2	2	5
47.2228778424169	0	1.32176237663657	-0.811343057289716	0.294049823476424	-0.0841931203604487	1	2	2	2	5
59.4875913845474	12.2647135421305	1.02801498548995	-0.357935474116544	0.550642058645498	0.674419917841278	1	2	2	2	5
71.2371815288121	24.0143036863952	0.471034434873615	0.272929321043142	0.442152901872937	1.10365111182212	1	2	2	2	5
11.9005800914454	-35.7431203255606	-0.687933527924298	-0.70553932541947	-1.09660761103311	-1.28992222811266	1	1	1	1	6
22.3205965233464	-25.3231038936596	0.104498129541773	-1.05177072519482	-0.813491885093788	-1.36226828447461	1	1	1	1	6
35.6504194957047	-11.9932809213012	0.653746376298678	-1.15461737437167	-0.0088511929029845	-0.644420934661684	1	1	1	1	6
47.643700417006	0	0.614878871134881	-0.986112109764087	0.727378347453876	0.246768423565724	1	1	1	1	6
60.8028706267023	13.1591702096963	0.0123047216485609	-0.592076689014997	0.855417426686099	0.545494356176247	1	1	1	1	6
72.5772748844787	24.9335744674727	-0.775554632741728	-0.0796614471263559	0.281391998777158	-0.0049404822004056	1	1	1	1	6
11.2904683344344	-37.8987039087433	-0.509972341437989	-0.278941698400906	-1.27119934727657	-0.988805341353303	1	2	2	2	7
21.6921452831148	-27.4970269600628	0.320219448079843	-0.504259029637468	-0.879787687938335	-1.09397427238833	1	2	2	2	7
36.0061997408369	-13.1829725023407	1.08407084552052	-0.310226083446894	-0.322677737283034	-0.731145454029639	1	2	2	2	7
49.1891722431776	0	1.17094811509495	0.221762847136585	0.217060054366742	-0.0735755130272086	1	2	2	2	7
60.2149283577569	11.0257561145792	0.511400324523454	0.868545336571327	0.562063856626844	0.564735272621122	1	2	2	2	7
70.6088060101824	21.4196337670048	-0.367320586042356	1.3588045569267	0.598962868332312	0.87898318296877	1	2	2	2	7
9.53749675171525	-39.8187658902328	-1.00874075387007	-0.779361138729114	-0.539868044136953	-0.488184818806965	2	2	1	1	8
25.2522663676392	-24.1039962743088	-0.601990776973978	-0.444678431783263	0.126309624071407	-0.0322637464940124	2	2	1	1	8
36.2534235921336	-13.1028390498144	0.296432190752739	0.190458547061556	0.493070129370627	0.542827939948156	2	2	1	1	8
49.356262641948	0	0.941878391394624	0.832975481172406	0.381572270222993	1.04584406374085	2	2	1	1	8
59.7283635446125	10.3721009026644	0.799375574329485	1.18639268559674	-0.153814928324544	1.30950710583571	2	2	1	1	8
73.2801863111516	23.9239236692036	-0.0129640882902563	1.08763115671337	-0.852023852685742	1.24613617995452	2	2	1	1	8
12.849053062369	NaN	-0.111866166641049	-0.816579517872461	0.126382726366054	-0.768867511032163	1	2	1	1	9
24.494682688223	NaN	0.632646000179606	-1.06791484092244	-0.408223571350042	-0.469267877732781	1	2	1	1	9
38.0152360182412	NaN	0.935999708944446	-1.03378163187659	-0.758153916245883	0.37587143530566	1	2	1	1	9
48.1657053331065	NaN	0.606047332305651	-0.724143398792624	-0.81165305594241	1.10204140754372	1	2	1	1	9
58.1145650737844	NaN	-0.148215609071938	-0.229383762682333	-0.551635276250907	1.13827522966066	1	2	1	1	9
73.5051055344729	NaN	-0.849030543611266	0.306076585906071	-0.0611409679700557	0.456083277195928	1	2	1	1	9
12.700206476857	NaN	0.289521047390191	-0.704083377862111	-0.494796050858601	-0.173622148446515	2	1	1	2	10
23.3419991393175	NaN	-0.34644902799277	-0.573647758548761	-0.882307613944904	-0.951383203246416	2	1	1	2	10
37.9226370315461	NaN	-0.544069051399975	-0.0818991509381512	-0.433840515842052	-1.00668880847603	2	1	1	2	10
48.4738782073739	NaN	-0.19455055243404	0.564927357115153	0.475432855576899	-0.293049806441736	2	1	1	2	10
57.7702425484122	NaN	0.509698927287937	1.09555835547744	1.08484518842279	0.589658329762057	2	1	1	2	10
71.5371641146245	NaN	1.18099486897992	1.28745181988688	0.884582761510101	0.899442856885474	2	1	1	2	10
12.7658287292301	NaN	-0.610054169019141	-0.32224469060008	-0.580530871767934	-0.276058672803832	2	1	2	2	11
24.1293105003824	NaN	-0.340123330046558	0.428157929826851	-0.235079393243426	-0.954880109590118	2	1	2	2	11
37.2383012217487	NaN	0.313205026460402	0.843766821274036	0.49457083723215	-1.20122796011172	2	1	2	2	11
47.7983808845295	NaN	1.00680617676627	0.679826935138328	1.17839900884562	-0.873421767746925	2	1	2	2	11
60.6492207895149	NaN	1.37640433104655	0.0328836428611819	1.41338963207615	-0.159990601936896	2	1	2	2	11
72.2446494574742	NaN	1.22788842199874	-0.716073523804582	1.06105051694769	0.528754454326988	2	1	2	2	11
12.7768074164941	NaN	-0.269026264136859	-0.609766239034342	-0.493159642952434	-0.913815026200488	1	1	2	1	12
23.6586984357124	NaN	-0.808309076423974	-0.468863201279265	-0.0926355134507217	-1.23097714072276	1	1	2	1	12
34.1684361408749	NaN	-1.03642489105516	0.31899586291558	0.481921815681624	-0.715252621283799	1	1	2	1	12
48.8625046840084	NaN	-0.861298744426393	1.1271522848438	1.03086883969118	0.200589975458543	1	1	2	1	12
58.3646955095068	NaN	-0.353617246332909	1.3128029916111	1.36346095879585	0.748024306895729	1	1	2	1	12
70.5607317670543	NaN	0.281702835245111	0.728282455162558	1.36413119134787	0.467672630548579	1	1	2	1	12
9.8568975185231	NaN	0.397768856508522	-0.473896706733665	-0.459492151577394	-0.764935281318833	1	1	1	2	13
23.0647554322024	NaN	1.04003409136459	-0.337610788114887	-0.896398528176121	-0.777703868497984	1	1	1	2	13
35.8898825223232	NaN	1.40280879490838	0.388685960342802	-0.687848758816972	-0.349747234421222	1	1	1	2	13
47.6492742309289	NaN	1.32057717921211	1.18642536671412	0.029912860592839	0.319598015564582	1	1	1	2	13
61.3567047330018	NaN	0.830857380274749	1.48602995937578	0.787977029572127	0.918559614568266	1	1	1	2	13
72.6568803820679	NaN	0.157083826112213	1.07358523816392	1.09110503712906	1.16814908017946	1	1	1	2	13
13.653783273895	NaN	-0.0322986168634111	0.0123613401240019	-1.10509299216169	-0.921629318451345	2	1	1	1	14
23.6505935686446	NaN	-0.520856727704017	0.720988685559725	-0.990072419564464	-0.904535779605418	2	1	1	1	14
38.3846656211945	NaN	-0.307337545252654	1.14386356664923	-0.204185784644889	-0.64858831161217	2	1	1	1	14
49.319200921233	NaN	0.455874364765966	1.05934487375135	0.615968471132796	-0.217517346671829	2	1	1	1	14
60.6273733845249	NaN	1.22408922727458	0.511731329057955	0.806033813646121	0.28134126571487	2	1	1	1	14
73.7014978632954	NaN	1.44904675547993	-0.211956771054702	0.212049995393573	0.723772680902347	2	1	1	1	14
11.7421236044924	NaN	-0.503212487654261	0.0509225800071581	-1.24468484850863	-1.12595066774907	2	2	2	1	15
23.9040460837087	NaN	-0.984754665991776	0.934109972183325	-0.925657913875924	-0.502181012581073	2	2	2	1	15
36.0060279652024	NaN	-1.27117256985423	1.15573540220162	-0.239530499826947	0.410394119433228	2	2	2	1	15
47.5795536595546	NaN	-1.27935348660497	0.519446002552119	0.44240860770217	0.838738945301254	2	2	2	1	15
60.1772847556097	NaN	-1.00692347881256	-0.411026672236283	0.751137069518347	0.420005666261683	2	2	2	1	15
73.0307076509117	NaN	-0.532936253127024	-0.811314327337255	0.51959055700772	-0.491099790609734	2	2	2	1	15
11.0480211250846	NaN	-0.504161206748623	-0.447534949194842	-0.583316434557723	-1.34962612511293	2	2	2	2	16
24.2080922033643	NaN	0.115435148850973	0.119708232332351	-1.06762480249607	-0.990215275008387	2	2	2	2	16
38.0140994386834	NaN	0.954017124915172	0.92756033672332	-1.35004705956018	-0.0957928127139385	2	2	2	2	16
48.824032930737	NaN	1.41261554833555	1.44798736211764	-1.34690483395297	0.583573743342024	2	2	2	2	16
58.5828331911878	NaN	1.16366993450194	1.34082411812757	-1.05912912992799	0.478163921809815	2	2	2	2	16
72.114116861103	NaN	0.38499324949636	0.676115401652034	-0.571984482249279	-0.323625030385639	2	2	2	2	16
