age	diseaseAge	x1	x2	x3	x4	z1	z2	z3	z4	id
13.2984393536746	-33.2226109766269	-0.140560640447141	-0.239261300748992	0.214241113743275	-0.310331424775161	1	2	2	2	1
22.8269254712953	-23.6941248590062	0.550191683180563	-0.642723554022225	-0.329420556384677	0.499928846734805	1	2	2	2	1
36.1775687541847	-10.3434815761168	0.903931954434847	-0.48203587033837	-0.556645793471213	0.645650347020578	1	2	2	2	1
46.5210503303015	0	0.733528866942192	0.15075754999249	-0.37430768643781	0.00678762298077779	1	2	2	2	1
60.6947251891004	14.1736748587989	0.129126956012402	0.893183597640903	0.142863576741477	-0.890363857478083	1	2	2	2	1
73.1956806079209	26.6746302776194	-0.589540549322087	1.31997002847134	0.782908431821047	-1.30673020504625	1	2	2	2	1
11.7629360278204	-36.7786689766363	-0.55074842372977	-0.568183037144164	-0.47973286206275	-0.962131686467442	1	1	1	2	2
24.7902136796629	-23.7513913247937	-0.895370976198315	0.20746919695529	0.222293538297571	-1.09043067394614	1	1	1	2	2
34.9014892357993	-13.6401157686573	-0.349753737797813	0.870583993819193	0.873434404049798	-0.759128719084297	1	1	1	2	2
48.5416050044566	0	0.596808616579533	0.999993266978262	1.12663308081884	-0.122436136872035	1	1	1	2	2
59.934203411436	11.3925984069794	1.09546475516862	0.513504526978861	0.846935228808871	0.523287325294139	1	1	1	2	2
70.9662721856415	22.4246671811849	0.699033438004943	-0.279895708786526	0.183419190142296	0.877478338294481	1	1	1	2	2
11.618008972664	-36.00785639109	0.061069247869094	-0.626317578121245	-0.889839224700741	-1.34205933224241	2	2	1	1	3
23.3545589004548	-24.2713064632992	0.598385053545146	-0.227484125999696	-0.64039979506376	-1.05361148377933	2	2	1	1	3
35.6501606232621	-11.9757047404919	1.06243577267757	0.433520355900098	-0.201507156532751	-0.41538163920642	2	2	1	1	3
47.625865363754	0	1.3192138390283	1.04902339852927	0.31133308767835	0.257968906026657	2	2	1	1	3
57.3828694023948	9.7570040386408	1.29456743617671	1.33253172382634	0.763154167659135	0.634463581635008	2	2	1	1	3
71.8019492571135	24.1760838933595	0.995613899203822	1.15208297929808	1.03504803664302	0.528482264454223	2	2	1	1	3
12.8383434873905	-33.4046227125413	-1.10297736045041	-0.756193887430209	-1.01867916789188	-0.385490717033743	1	1	2	1	4
24.6084054200465	-21.6345607798853	-0.559406643204093	-0.116878008461184	-0.437093658673464	0.483434980252785	1	1	2	1	4
35.9763221173892	-10.2666440825426	0.202202057326187	0.432234922388204	0.157152125170653	1.24420043518427	1	1	2	1	4
46.2429661999318	0	0.740066780520686	0.664100096604247	0.536685542304803	1.24312930529827	1	1	2	1	4
59.6203293769498	13.377363177018	0.742191442569415	0.482846917951944	0.556288035231263	0.481141942934204	1	1	2	1	4
69.3003771445221	23.0574109445903	0.207343603027709	-0.0365808434849144	0.208459221592046	-0.387035403753579	1	1	2	1	4
11.2243930920913	-37.4274564694108	-0.840116030997543	-0.849396797344312	-0.664883634215427	-0.207250318406893	2	1	1	2	5
22.9714142771282	-25.6804352843739	-0.505836473820271	-0.509627461359722	-0.845243875549458	-0.615604333600198	2	1	1	2	5
34.3417958108296	-14.3100537506726	0.000653441328388932	-0.00445454196835039	-0.443471212626173	-0.818515961842827	2	1	1	2	5
48.6518495615022	0	0.531379303233845	0.520899301521831	0.303643964038105	-0.762943308330765	2	1	1	2	5
58.4539654804966	9.80211591899441	0.931286006980993	0.915409975576223	0.955778778427336	-0.463413282473275	2	1	1	2	5
70.8485676372835	22.1967180757813	1.08353813836344	1.06566702802612	1.12858837182225	0.00177579315554233	2	1	1	2	5
11.0143568336936	-36.3074523477223	-0.459652172993599	-0.379756622432235	-0.0613383220103947	-0.484094929270764	1	1	1	2	6
24.4195073638078	-22.9023018176081	0.0354401572652086	-1.13996792003837	0.606105674897442	-0.982534758235198	1	1	1	2	6
37.7712775030024	-9.55053167841348	0.692505271011154	-1.20911103029246	1.08851342623142	-1.09855631722269	1	1	1	2	6
47.3218091814158	0	1.22719797162816	-0.53137880508345	1.16946995124986	-0.781215645272043	1	1	1	2	6
58.6605135333167	11.3387043519008	1.40812977431394	0.346213983865422	0.812657001014319	-0.169854007440719	1	1	1	2	6
73.0334656286903	25.7116564472745	1.15700236748186	0.715340063249738	0.178145941584067	0.467085526873997	1	1	1	2	6
11.599424475626	-37.5693278483564	-0.972030478026116	-0.504218700460439	-0.0956907102130941	-0.145314287532725	1	1	2	1	7
21.1847102682245	-27.9840420557579	-0.575734782695766	-0.906316089891674	-0.689296319986762	0.530205835818011	1	1	2	1	7
35.9840089447432	-13.1847433792392	-0.0461194447040538	-0.981156161136564	-0.972296660140769	0.950453813555263	1	1	2	1	7
49.1687523239824	0	0.462132673900959	-0.701797141193515	-0.821130314272745	0.914818880891602	1	1	2	1	7
59.6259486803284	10.4571963563461	0.800578190331436	-0.168805841077782	-0.301798361383722	0.440311830200847	1	1	2	1	7
69.6903639032103	20.5216115792279	0.870368530210137	0.425945519146137	0.358952503992094	-0.246555309003763	1	1	2	1	7
11.2747517531293	-37.0275533204209	-1.26888914209736	-0.986072013431915	-1.34360648392767	-0.265471397629431	1	2	2	1	8
23.4326709063543	-24.8696341671959	-0.980457412445326	-1.09152208017416	-0.700437806083435	0.667660187568756	1	2	2	1	8
33.8468044846356	-14.4555005889146	-0.23436911415321	-0.939001905292324	0.225658685490626	1.23249694805643	1	2	2	1	8
48.3023050735502	0	0.488824415365825	-0.567902337000001	0.619438736805384	0.935957122422744	1	2	2	1	8
60.9999446792085	12.6976396056582	0.723318232361208	-0.0740659533565058	0.134257125585715	0.0369090949167674	1	2	2	1	8
70.1866114835028	21.8843064099526	0.318076169089523	0.414965862699661	-0.802779983436309	-0.679811203080456	1	2	2	1	8
10.8067930844071	NaN	-0.917213582571533	-1.40208677919652	-0.50179103071809	-0.130161911356203	1	2	1	1	9
23.2132681371113	NaN	-0.233795417511534	-0.900893492259881	0.040150486268607	-0.573501741281576	1	2	1	1	9
35.6110376531467	NaN	0.413006254260596	-0.130072743040081	0.783337820135269	-0.640629678907664	1	2	1	1	9
49.0881884041756	NaN	0.693589859191925	0.45001987578507	1.31726315548339	-0.3037347452633	1	2	1	1	9
58.6607019064092	NaN	0.464973704849381	0.492936916326328	1.34700687647491	0.297608118927659	1	2	1	1	9
72.3211592530807	NaN	-0.156342441528541	-0.0269528718131691	0.856139706977627	0.914263690062328	1	2	1	1	9
13.7773507245585	NaN	-0.506599993161951	-1.06127091791696	-1.2023629339273	0.250111329359148	1	1	2	2	10
23.5019005133042	NaN	-0.915938832017677	-1.30636349876012	-1.43482190093581	-0.30100757984012	1	1	2	2	10
36.7179519208515	NaN	-0.619899865469979	-1.01540450673421	-1.37083520540664	-0.581110352656785	1	1	2	2	10
47.689788004354	NaN	0.172119721255994	-0.344451352646344	-1.02961845664739	-0.482956777369968	1	1	2	2	10
59.2841409602318	NaN	0.899900866333173	0.346626652468352	-0.513641202102981	-0.0441259542830023	1	1	2	2	10
71.9854887149575	NaN	1.048662272501	0.687166126141342	0.0221453257407787	0.567371247221193	1	1	2	2	10
13.1929031232437	NaN	-1.06596221383367	-0.187513314338718	0.231910241822539	-0.379031202888451	2	2	2	1	11
24.4204960458309	NaN	-0.780589180031063	0.680973391821979	-0.252869407197081	0.392879719091897	2	2	2	1	11
37.0372263233903	NaN	-0.228839377120805	0.941642564408045	-0.564423420468134	1.13498304945574	2	2	2	1	11
48.4356209556314	NaN	0.37950252452805	0.374916873893117	-0.616066107653613	1.33166176511881	2	2	2	1	11
60.3897788255205	NaN	0.813134574944811	-0.541816528558375	-0.393428589526028	0.846262532609991	2	2	2	1	11
73.4812733325849	NaN	0.907182484590435	-1.03633793472048	0.0415432557306762	0.0160431124501555	2	2	2	1	11
10.8011918426079	NaN	-0.809138515425449	-0.33618042004862	-0.621119074791293	-1.29296026558481	2	2	1	1	12
25.2982840452687	NaN	-0.627889844254411	0.21466549798517	-0.314862259178279	-0.765322182909888	2	2	1	1	12
35.4762553369183	NaN	-0.246950076432889	0.755871517079633	0.214248977129779	0.0057262396445048	2	2	1	1	12
47.9352390801206	NaN	0.239901734885517	1.11166618993634	0.787567200964696	0.561483668540431	2	2	1	1	12
57.7571310828616	NaN	0.712813303989991	1.16649547173196	1.21151907264215	0.571326674300359	2	2	1	1	12
71.3997661987797	NaN	1.05536412842257	0.902552054573516	1.34296283204664	0.0293995937311241	2	2	1	1	12
11.4467134654783	NaN	-1.26748823281789	-0.572540054754041	-0.892626750672571	-0.572080894340332	1	2	1	1	13
24.9746244604283	NaN	-1.46335436638664	-0.715575141656739	-0.874293614160486	0.0753629402450736	1	2	1	1	13
35.309168921983	NaN	-1.04175123230655	-0.137075411784981	-0.609334730646264	0.627284278412054	1	2	1	1	13
49.2436569957015	NaN	-0.266208098712272	0.728326287972758	-0.165998467687934	0.849798599144557	1	2	1	1	13
59.8586448930871	NaN	0.378510340108783	1.23044468518565	0.341520187836247	0.648612292602141	1	2	1	1	13
72.0162637643335	NaN	0.489413298269459	0.992033020371027	0.782494085791257	0.108980919109642	1	2	1	1	13
12.7693535489925	NaN	-1.06339713125563	-1.15946764998967	-1.18331302886535	-0.00497572104511242	1	1	1	2	14
25.8321481538242	NaN	-0.464461272823746	-0.960502325639786	-1.21258675569195	0.844825140214224	1	1	1	2	14
35.6094671123545	NaN	0.145639344506436	-0.346118303313852	-0.898160908810497	0.981802392887286	1	1	1	2	14
47.3924147334056	NaN	0.518494543968448	0.363440669420405	-0.351667509232637	0.284577306375372	1	1	1	2	14
60.5394991344127	NaN	0.50229161897634	0.798321509977166	0.232869436206701	-0.629022748054431	1	1	1	2	14
70.8407705878496	NaN	0.103627795212388	0.731845357799384	0.647919149670502	-0.949435505737135	1	1	1	2	14
11.3340255599919	NaN	-0.594002394554455	-0.186300611658296	0.113844130307324	0.221633598659003	2	2	1	1	15
20.2503518138418	NaN	-0.907098364255155	0.716984869251081	-0.467681132644333	-0.49467286734594	2	2	1	1	15
36.461417289292	NaN	-0.665140366736373	1.23929980540893	-0.574784676550897	-0.382474491232623	2	2	1	1	15
49.9148141865662	NaN	-0.00260602162528893	0.954351771852016	-0.148767807841753	0.458457725036893	2	2	1	1	15
60.3141951324413	NaN	0.712275298354535	0.0947038829094549	0.576888556604326	1.28033533116767	2	2	1	1	15
72.7909724868281	NaN	1.08218034200798	-0.638033859821751	1.20448440593294	1.35231395049039	2	2	1	1	15
11.5509378607486	NaN	0.23205409455738	-1.11862739385129	0.4531362373928	-0.406446266280426	1	2	1	1	16
23.6411134684915	NaN	0.818214402701731	-1.02474407881898	1.26583847241689	0.428073565468808	1	2	1	1	16
35.2505345723588	NaN	1.2653422001699	-0.21903820146569	1.45152758270601	1.02512112996386	1	2	1	1	16
49.5469033062634	NaN	1.41787754170499	0.612138709585603	0.861293595752106	0.96574023953213	1	2	1	1	16
60.7050544486286	NaN	1.22275195446031	0.760737278636935	-0.031536180054029	0.291599251864556	1	2	1	1	16
72.6266282718511	NaN	0.74785145635261	0.100171790123462	-0.510973299495187	-0.524248168736734	1	2	1	1	16
