age	diseaseAge	x1	x2	x3	x4	z1	z2	z3	z4	id
11.2269378250142	-37.3622525254149	-0.149729188451029	-0.65232329085992	-0.200860129085196	-0.535996357332798	1	2	1	2	1
23.3228954932217	-25.2662948572075	0.450673989917249	-0.870452623867356	-0.781607943203964	0.247027778108551	1	2	1	2	1
37.132497564359	-11.4566927860702	0.884359540569917	-0.671181770296734	-0.953550308995373	0.699478374267249	1	2	1	2	1
48.5891903504292	0	0.990977880536535	-0.137696313074179	-0.631127199316396	0.53773905715767	1	2	1	2	1
61.2433791111513	12.6541887607222	0.73110826747298	0.507300337108386	0.025220822573887	-0.136804698123055	1	2	1	2	1
70.7078917934561	22.118701443027	0.200834105630835	0.994554441586067	0.688889232480835	-0.901318541058867	1	2	1	2	1
11.6589205405907	-36.1208236063109	-0.959136181446619	0.18191043689218	-0.656720359559681	-0.564838892827406	1	2	1	1	2
25.6441521517317	-22.1355919951699	-0.858156402238342	0.756904616825991	0.213816841097991	-0.949953313331567	1	2	1	1	2
36.3112001070579	-11.4685440398437	-0.314181659289302	1.21741878167239	0.793972468224955	-0.579370512625842	1	2	1	1	2
47.7797441469016	0	0.397258287603421	1.41064733047604	0.642527966616901	0.266849055781313	1	2	1	1	2
59.5377178038587	11.7579736569571	0.915810535629112	1.27247409314799	-0.125340457431237	0.949192074907784	1	2	1	1	2
74.3733163024512	26.5935721555496	0.978822124898163	0.848747050440123	-0.925655366135535	0.951991614121685	1	2	1	1	2
13.0437846458561	-34.5196729643696	-0.993223376016303	-0.614054774150139	-0.677046340853337	-0.199363036582313	2	1	1	1	3
23.8420605802237	-23.721397030002	-0.457839323377176	-0.177374001732076	-0.0337392959550866	-0.514249499250889	2	1	1	1	3
34.419584782122	-13.1438728281037	0.314221047423472	0.414023437227638	0.533507531271555	-0.607796117187112	2	1	1	1	3
47.5634576102257	0	0.862685047438389	0.948911817346058	0.784525744808209	-0.457115571909274	2	1	1	1	3
60.4208051936594	12.8573475834338	0.860579541372675	1.2362484004467	0.613035963576189	-0.0990736925072349	2	1	1	1	3
73.2813502044452	25.7178925942195	0.309159750935812	1.1734069758019	0.0916457786895838	0.37873021807841	2	1	1	1	3
13.3051753428854	-46.7279553781368	-0.551094886363305	-0.643173624743418	-0.199892007437888	-0.393376031783693	1	2	2	2	4
25.7587141721858	-34.2744165488364	-0.0563978658333615	-0.933237477907402	0.319446074121857	-0.70693232401841	1	2	2	2	4
35.4999069986353	-24.5332237223869	0.537981967242606	-0.450596643339789	0.857524828235854	-0.337185226198654	1	2	2	2	4
47.1256967789089	-12.9074339421133	1.02200516494038	0.429021632548511	1.2509552167602	0.463039734999555	1	2	2	2	4
60.0331307210222	0	1.22462964344492	1.02085027448856	1.38027106069025	1.14656504698122	1	2	2	2	4
71.8758928262935	11.8427621052713	1.07425281593766	0.864161283403248	1.2062052616785	1.24601003788398	1	2	2	2	4
11.8558635904133	-34.5080303181851	-0.694853959086745	-0.539977413444972	-0.505705832278038	-1.13034257946199	1	2	2	1	5
24.643641923532	-21.7202519850664	-0.11936726184762	-0.390593153923129	0.14909287921842	-0.647208323128533	1	2	2	1	5
35.9172649583951	-10.4466289502034	0.682256150897834	0.0132687387438659	0.751800352926342	-0.100641223370724	1	2	2	1	5
46.3638939085984	0	1.19335636339606	0.550785403641951	1.03019842215088	0.345402207648245	1	2	2	1	5
61.1846179902421	14.8207240816436	1.08452060085474	1.061148647621	0.858546134072152	0.557120053831377	1	2	2	1	5
72.1543791556687	25.7904852470702	0.425895362255226	1.39167373274814	0.314371764359789	0.471002236291246	1	2	2	1	5
12.4280402628101	-36.1859985525026	-0.257524910017743	0.292673260896761	0.12815589637112	-1.47089246234746	2	1	1	2	6
23.4911168916292	-25.1229219236835	0.503756315950425	1.01610610960455	-0.300979883251421	-1.325771084061	2	1	1	2	6
35.8874873873365	-12.7265514279762	1.16859398434649	1.32453376156317	-0.565243280341733	-0.890404763119931	2	1	1	2	6
48.6140388153127	0	1.32736267995911	1.0328536725284	-0.60100224666169	-0.312776695341652	2	1	1	2	6
58.9868095479995	10.3727707326868	0.88224048932815	0.316117353747228	-0.399646371935519	0.210774442274471	2	1	1	2	6
69.5091935693329	20.8951547540202	0.107479866585557	-0.395526615960876	-0.0096601866531803	0.502290992482942	2	1	1	2	6
12.0167400401165	-36.1243748826906	-0.541308935456074	-0.574282407869454	-0.623923468826355	-1.37584181186363	2	1	2	1	7
24.4854687261305	-23.6556461966765	-0.118007231803139	-1.08965134381708	-0.0927601107469766	-1.28315908972754	2	1	2	1	7
36.1954638942427	-11.9456510285644	0.478532718005443	-1.36696826942051	0.383573213941046	-0.617710473542572	2	1	2	1	7
48.1411149228071	0	1.02882713385381	-1.31226144551122	0.669925260565735	0.177717936201547	2	1	2	1	7
61.5428468434267	13.4017319206196	1.33040726472904	-0.94406885124774	0.685048647283624	0.573852150194352	2	1	2	1	7
70.6807624496535	22.5396475268464	1.27231332134364	-0.387156396091312	0.424652377784688	0.307106491618264	2	1	2	1	7
12.2397508503229	-35.8331981788425	-0.810997307028739	-0.913927264702344	-0.942625678371813	-0.461282505590216	1	1	1	2	8
26.1033618450232	-21.9695871841422	0.0199012917992484	-0.823915748559623	-1.25719815785401	-1.09572857178144	1	1	1	2	8
35.1551115998842	-12.9178374292812	0.740569354387992	-0.44628121558042	-1.2943641276316	-1.14470808561628	1	1	1	2	8
48.0729490291654	0	0.804209342924211	0.0985648067638051	-1.04317438297023	-0.575917250907189	1	1	1	2	8
60.3538883600014	12.280939330836	0.162535242188818	0.636894187018423	-0.577630166348615	0.23550539463525	1	1	1	2	8
70.2208941132554	22.1479450840901	-0.697591053175175	0.997056672628822	-0.0348821823276874	0.754396683570563	1	1	1	2	8
9.2893289078705	NaN	-0.542157582020213	-0.802782502997024	-0.486928708702837	-0.546193997551643	2	2	2	1	9
25.0237560770643	NaN	-0.194212623229465	-0.350406222053806	-0.676262120440392	-0.145847398350255	2	2	2	1	9
36.5532757591997	NaN	0.466717055395665	0.396357580344848	-0.0325034407596055	0.627782774561752	2	2	2	1	9
48.6819684379381	NaN	1.11682741616119	1.0110272873678	0.886404020197817	1.2872192986346	2	2	2	1	9
58.7493617876698	NaN	1.43761504399811	1.14256107076058	1.28404650264425	1.41694026629726	2	2	2	1	9
71.8843741396672	NaN	1.27191899955814	0.715839139728464	0.81578871091402	0.935206341059471	2	2	2	1	9
11.7124352298138	NaN	-0.565736082086659	-0.957688663915492	-0.202720693240189	-0.889197278639154	2	2	2	2	10
21.851856413388	NaN	-1.21389618777415	-0.219027831383499	0.66191244642786	0.0391961208328612	2	2	2	2	10
37.1794187164507	NaN	-1.05343103429678	0.390631019102962	1.00426330665521	0.529442342124675	2	2	2	2	10
49.0548752091036	NaN	-0.220290664872544	0.531101703951928	0.551455972559512	0.157994629924725	2	2	2	2	10
60.2472349954542	NaN	0.579667812114842	0.124002377074906	-0.335592643091009	-0.75423587675681	2	2	2	2	10
71.1092869778891	NaN	0.668699807499002	-0.603507844191179	-0.949847066864168	-1.41913036247433	2	2	2	2	10
11.7633082824543	NaN	-0.765060374231535	-1.28676241090936	-1.040448184252	-1.01570499763558	2	1	1	2	11
25.1018999357986	NaN	-1.1318368204089	-1.01035372753767	-1.27465590552899	-1.43135516773162	2	1	1	2	11
37.3335047215516	NaN	-1.183106913294	-0.423515630041889	-0.713682896843419	-1.02192093346747	2	1	1	2	11
48.7511280792596	NaN	-0.901424204645163	0.2202678028857	0.186902368009123	-0.125222587511162	2	1	1	2	11
60.1904038764622	NaN	-0.382641120710797	0.642915016776521	0.695730913553328	0.518882593155237	2	1	1	2	11
72.0146875197939	NaN	0.196708189394059	0.661864006740037	0.399580997694417	0.378949549881988	2	1	1	2	11
13.1311769213261	NaN	-1.40662202106418	-0.604247253122959	0.0111048391121413	-0.578684886957397	1	1	1	2	12
24.6639784534675	NaN	-1.2627254559716	-1.1301208103297	0.826321957034411	0.0833330508838249	1	1	1	2	12
35.722716562469	NaN	-0.530964372130666	-1.44938590326502	1.24607688036578	0.707419705718538	1	1	1	2	12
48.6980548491804	NaN	0.264652405384825	-1.45811565132155	0.981646747436083	0.999086504482223	1	1	1	2	12
60.0332146389081	NaN	0.554389450626037	-1.15346835490832	0.214916321109707	0.820704259444592	1	1	1	2	12
72.7474879418652	NaN	0.130768158881869	-0.634612522898655	-0.526729035121671	0.256446430163262	1	1	1	2	12
11.1440243927495	NaN	-0.413021736470111	-0.508176781366647	-0.102074095917302	-0.312806663791794	2	2	1	1	13
24.4163509101645	NaN	-0.907327524505521	0.188262728704596	-0.607844982003191	0.530762191975291	2	2	1	1	13
35.6978279791447	NaN	-1.20716746119988	0.707500005984621	-0.875105355503486	0.790891262021411	2	2	1	1	13
46.0190441415929	NaN	-1.22334970998744	0.797607536953932	-0.814713032841003	0.258338129422505	2	2	1	1	13
59.4244405749115	NaN	-0.95106062094203	0.414866260559373	-0.446811305155107	-0.638522535563628	2	2	1	1	13
73.1726692155194	NaN	-0.471296622346442	-0.255022483363707	0.105889666978518	-1.17827465609272	2	2	1	1	13
12.6000733438297	NaN	-0.0248382991238708	-1.18914394456259	-0.273292646085069	-0.512148667827323	1	2	2	1	14
23.6255336029585	NaN	0.62551422496954	-0.996184135407475	0.512484967277201	-0.804822671195799	1	2	2	1	14
36.0681270466714	NaN	1.21623599981827	-0.579597580002473	1.1374742961903	-0.439326059803738	1	2	2	1	14
47.1814384867207	NaN	1.48692182771018	-0.0556363655805418	1.20679470893851	0.343491790752858	1	2	2	1	14
60.1544636697171	NaN	1.31824650424068	0.429483591825102	0.676648196323164	1.0277815274694	1	2	2	1	14
72.3422409017076	NaN	0.784566406349614	0.740385365438839	-0.118008179000775	1.16262034920905	1	2	2	1	14
12.2120369066979	NaN	-0.268998856204351	-0.316614306343464	-0.161726370325007	-0.30924972132654	1	2	2	2	15
24.9480682663165	NaN	0.314391297396862	-0.999812692158226	-0.821178554857933	-0.733690521271697	1	2	2	2	15
38.0338203756176	NaN	0.933382254666138	-1.26665101059321	-0.822453956338825	-0.357203142571554	1	2	2	2	15
47.0668708886604	NaN	1.33709132095	-0.965530343289521	-0.164623742401643	0.518537706906206	1	2	2	2	15
62.4244705998993	NaN	1.36189152041643	-0.267526447756364	0.673236279674153	1.19181165117943	1	2	2	2	15
69.9210588667411	NaN	0.997731105463925	0.430803554099132	1.080940597033	1.12313255619814	1	2	2	2	15
10.7700767007646	NaN	-0.420575687867336	-0.64102652752288	-0.615126013028332	-1.10714998561235	2	1	2	2	16
22.0876457086836	NaN	-1.00883123225782	-0.0171638235820856	-0.687610268301607	-1.35080616928471	2	1	2	2	16
35.523634033507	NaN	-1.34475403062895	0.543770515129471	-0.0765695714793078	-1.1028882054749	2	1	2	2	16
48.4475934654722	NaN	-1.2948731515739	0.81750751164487	0.772363370175645	-0.485266797613659	2	1	2	2	16
60.8487049241228	NaN	-0.879007575582076	0.694603489708674	1.24006075217858	0.198449738575343	2	1	2	2	16
72.9105255964751	NaN	-0.262391594689685	0.224197104886278	0.985430317326938	0.612162259923489	2	1	2	2	16
