age	diseaseAge	x1	x2	x3	x4	z1	z2	z3	z4	id
10.4739402549021	-37.5801380088307	-0.835155147846647	-0.492431392668262	-1.21561871713932	-1.27026414391312	2	2	1	1	1
24.1223813667215	-23.9316968970113	-1.18667656850301	0.444226261779895	-1.16694528080347	-1.01744605205668	2	2	1	1	1
35.9670866567819	-12.0869916069509	-0.903592045796704	1.06983734085941	-0.878234897289004	-0.123596185502923	2	2	1	1	1
48.0540782637328	0	-0.165745833069934	0.825092683988732	-0.423315997403701	0.61931403793861	2	2	1	1	1
61.115396232401	13.0613179686682	0.558106660725165	-0.0712009562526152	0.081480485013174	0.553049175180988	2	2	1	1	1
73.5834007521227	25.5293224883899	0.808100268705103	-0.817738647260889	0.50706902238047	-0.263678590362432	2	2	1	1	1
13.0781542267318	-35.966724218386	-0.193494517343374	-1.22741692714038	-1.42410571260478	-0.739475973751918	2	2	2	2	2
24.9856572548058	-24.059221190312	0.678766387197579	-1.3572398491821	-1.41018001696497	-1.04918695438957	2	2	2	2	2
37.1908192466714	-11.8540591984464	0.930828959085075	-0.721912224216712	-1.03140273572037	-0.719984857248101	2	2	2	2	2
49.0448784451178	0	0.347752484179792	0.16636450309124	-0.434290927910053	0.0377801865858293	2	2	2	2	2
59.546678750601	10.5018003054832	-0.573257629450317	0.591461196984729	0.150183090200302	0.739919353020781	2	2	2	2	2
73.4836179464341	24.4387395013163	-1.04683063012716	0.210664693139712	0.495935499811161	0.937787062386564	2	2	2	2	2
11.9748249001901	-34.5316426613643	0.196920559773306	-0.488471969356356	0.147786161026172	-1.00832113304947	2	2	2	2	3
23.7384218442722	-22.7680457172822	-0.515285677235582	-1.2771514954736	-0.33247127715792	-0.99841889384607	2	2	2	2	3
36.2110415746897	-10.2954259868646	-0.478602214656947	-1.38837252096645	-0.59081192119484	-0.74856216038616	2	2	2	2	3
46.5064675615544	0	0.276737449555554	-0.73132480413089	-0.547727564178606	-0.320994623602542	2	2	2	2	3
58.1245973054931	11.6181297439387	1.12820320000367	0.157522388430787	-0.216478063011827	0.177769150161404	2	2	2	2	3
72.4999059091633	25.9934383476089	1.37404045262651	0.552439114589588	0.300989581381752	0.623478364248164	2	2	2	2	3
12.1566806732743	-34.3472537149455	-0.52497469253183	-0.559533131476835	-1.31001724790424	-0.719445572386776	2	2	1	2	4
23.8465856025068	-22.657348785713	-0.0433904072066983	0.0556770548963648	-1.17616198205773	0.104335925882188	2	2	1	2	4
37.9224274155155	-8.58150697270429	0.844762138099829	0.922958334532856	-0.39050993897527	0.846899100508966	2	2	1	2	4
46.5039343882198	0	1.43478968576995	1.38131509799795	0.420765766649686	0.938245589421767	2	2	1	2	4
60.0424438897897	13.5385095015699	1.25854243783354	1.08141222724078	0.611069685929594	0.308256982712271	2	2	1	2	4
72.2582183495546	25.7542839613347	0.455861514997643	0.251819720809489	0.0287275517088015	-0.559481637274462	2	2	1	2	4
11.8769729322743	-36.4717838935006	-1.33403238536112	-1.00962204245152	-0.136626064744165	-0.0170237629387976	2	1	2	2	5
24.5382854968141	-23.8104713289608	-1.42549649924833	-0.218565888426151	0.690105762428468	0.58722329590329	2	1	2	2	5
35.6641089188275	-12.6846479069474	-1.24019471172888	0.592486352492347	1.01861533721556	1.03921528727666	2	1	2	2	5
48.3487568257749	0	-0.829631898113057	0.771869703062653	0.604610636372817	1.17171847157354	2	1	2	2	5
60.0779828381882	11.7292260124133	-0.307924531886632	0.175453068924572	-0.244038939133075	0.935707637191022	2	1	2	2	5
71.0031053310606	22.6543485052858	0.179918139032945	-0.717554181272857	-0.896245781094323	0.418505071193993	2	1	2	2	5
11.62333367871	-47.9527757952944	-1.36844958022873	-0.227213699953064	-0.976881965410579	-0.298904827216413	2	2	2	2	6
25.0789130693769	-34.4971964046274	-1.35430063101899	0.273921230025283	-1.09785812135017	-0.534515408684502	2	2	2	2	6
35.4863330868346	-24.0897763871697	-0.978251225326949	0.756478133248023	-0.524475510272675	-0.093026708729545	2	2	2	2	6
45.3742185674697	-14.2018909065347	-0.384539824063124	1.09496266153481	0.326805305124552	0.723795087486208	2	2	2	2	6
59.5761094740044	0	0.199108126469139	1.20134810764596	0.837680106079858	1.35763626224687	2	2	2	2	6
72.753562777377	13.1774533033727	0.548827142575129	1.04796774020444	0.637089144768089	1.37525394132758	2	2	2	2	6
12.8536743073755	-36.1635423594389	-0.825300513943791	-0.656616775652101	-0.383433578727183	-1.01504331049719	1	1	1	1	7
25.2242710708207	-23.7929455959936	-0.882793802883431	-1.12867302825871	0.358277949876131	-0.306110452622312	1	1	1	1	7
35.4014514564618	-13.6157652103526	-0.555319888389684	-1.36919883518266	0.627057249574624	0.479735917062956	1	1	1	1	7
49.0172166668144	0	0.0277002531939241	-1.30354706779678	0.248402607603785	0.80646978702382	1	1	1	1	7
59.4519510081704	10.4347343413561	0.635851212846681	-0.952092736946398	-0.53184902488626	0.45122590025261	1	1	1	1	7
71.7596426274988	22.7424259606845	1.02878563012558	-0.423909613039249	-1.20712870300447	-0.343683796420207	1	1	1	1	7
11.7871894509298	-35.9288134785373	-0.458349068436519	-1.14082542991885	-1.081677951085	-0.452084772676868	2	1	1	2	8
24.4518228972541	-23.264180032213	0.148828466089297	-0.38257258991901	-0.506895884714671	0.058293828618985	2	1	1	2	8
36.7682442785288	-10.9477586509383	0.812050527870769	0.466243736751957	0.134571831508208	0.741307722459317	2	1	1	2	8
47.7160029294671	0	1.22418620643741	0.70716739649871	0.570635309441621	1.27803797469345	2	1	1	2	8
62.3803360902315	14.6643331607644	1.19437995959641	0.141952187629065	0.616330505014338	1.41786971275051	2	1	1	2	8
72.2680651529903	24.5520622235232	0.736434735496681	-0.764309468403458	0.252274992053427	1.0955114553535	2	1	1	2	8
12.7728892117742	NaN	-0.725038302308636	-0.534815846035125	-0.668394674614522	-0.861031998972154	1	2	1	2	9
23.3699457901363	NaN	0.190434186817006	0.142250911903897	-0.330990166565039	-0.162601016385138	1	2	1	2	9
34.4240539250934	NaN	0.593683043350804	1.00036752448415	0.570946275181812	0.653783780772075	1	2	1	2	9
48.3855938010538	NaN	0.13828545427774	1.37648012129345	1.26193444543527	1.00141162816211	1	2	1	2	9
59.772032652483	NaN	-0.784535861996969	0.979972124853696	1.14786635248948	0.630453032686407	1	2	1	2	9
72.1907275577108	NaN	-1.3820040603211	0.117219332853066	0.326817142251619	-0.192495418056957	1	2	1	2	9
10.8007643034262	NaN	-0.734035293633064	-0.478753243605247	-0.278627149364367	-0.642724195845886	1	2	1	2	10
23.8277753349146	NaN	-1.00341079159569	-0.102561143756731	0.421361590561069	-1.07760105913611	1	2	1	2	10
34.7961885202294	NaN	-0.781518432583402	0.463034649541779	0.920957136690787	-1.2130401329219	1	2	1	2	10
47.2917562096708	NaN	-0.177438122165149	1.02214562931708	0.974440993621274	-1.00200987841926	1	2	1	2	10
60.7327378646654	NaN	0.511870733261292	1.38112923959863	0.55550793714638	-0.517791050744204	1	2	1	2	10
72.0089851225359	NaN	0.947551288005262	1.41565505876889	-0.129796160008923	0.0714702166635975	1	2	1	2	10
12.2456832437382	NaN	-0.44424275762148	-0.53355532043054	-1.0434780818714	-0.693857319033034	2	2	1	1	11
23.0676280295044	NaN	-0.920718400153811	0.387687101587917	-1.26739729641623	-0.160089114644811	2	2	1	1	11
35.4687174415996	NaN	-0.972242999457317	0.93645293212649	-1.19658847301811	0.385186720864312	2	2	1	1	11
47.5217060731306	NaN	-0.574794575310925	0.646724925075461	-0.852146353319868	0.769382383421666	2	2	1	1	11
60.2849321866674	NaN	0.0863270676716105	-0.235457096287058	-0.336684102987166	0.870894307607728	2	2	1	1	11
72.7305996100926	NaN	0.702891467805363	-0.960935634747018	0.196236299746545	0.657592479690814	2	2	1	1	11
12.9483708990171	NaN	-1.14607910752864	-1.0865618005869	-0.486594190461354	-1.39576708068105	1	2	2	1	12
22.4476311574705	NaN	-1.14936596588686	-0.588015636146089	0.134123112823391	-1.15464652039247	1	2	2	1	12
36.6816669063066	NaN	-0.435899918085786	0.214941073887632	0.754910998167321	-0.34528917125089	1	2	2	1	12
47.6576783352246	NaN	0.423636038320376	0.80173287568423	1.10759718068543	0.414155227764284	1	2	2	1	12
59.180253002511	NaN	0.74172137222955	0.791929037789731	1.03982582089342	0.543658142262759	1	2	2	1	12
71.1539591583243	NaN	0.263927870284159	0.19188561563954	0.580873263955665	-0.0556887688970018	1	2	2	1	12
12.553995482014	NaN	-0.253812897572774	-1.20123328198665	-0.861895025587366	-0.552240869068983	1	2	2	1	13
24.3055096501978	NaN	0.528000576580741	-1.28318240927206	-0.264670160319595	0.204581140308614	1	2	2	1	13
36.7723281603135	NaN	1.12997106060609	-0.592155427081509	0.665108485782012	0.816862247995914	1	2	2	1	13
47.7539303106206	NaN	1.17973504563146	0.295685777946171	1.11640045468429	0.926691198786091	1	2	2	1	13
57.616579178154	NaN	0.646509806305296	0.640080294286401	0.695546409619468	0.469867060881921	1	2	2	1	13
73.4126758188836	NaN	-0.139865194469192	0.153880153196126	-0.230345135030435	-0.286571874720427	1	2	2	1	13
12.1707118328666	NaN	-0.991247501631619	-0.455938011451763	0.0301315526609814	-0.335352348193929	2	1	1	1	14
23.4754513503287	NaN	-0.471247073962045	-1.10361530978282	0.54906918373103	-0.553422931985387	2	1	1	1	14
34.1379247564485	NaN	0.18433440964131	-1.21393942160304	0.969817294100722	-0.234561544348167	2	1	1	1	14
47.8247666617435	NaN	0.693688073887194	-0.717483403894942	1.17781238750577	0.44955641916041	2	1	1	1	14
59.825112496326	NaN	0.837862671925788	0.0733330638766782	1.11642047197087	1.13060093632132	2	1	1	1	14
70.8414202814436	NaN	0.554883174969659	0.660849325854952	0.802357659375549	1.44189673252035	2	1	1	1	14
12.0201287456246	NaN	0.183019988000039	-1.16275782588183	-0.50195782381015	-0.732100076082526	1	1	1	2	15
24.7898391486249	NaN	-0.409031215234357	-0.638312553704261	-1.15680569938608	0.0954801314887525	1	1	1	2	15
35.873931283579	NaN	-0.684601982027598	-0.0165050604805393	-1.48153977479014	0.619205231651761	1	1	1	2	15
48.1646640967101	NaN	-0.522613519373487	0.461280651323855	-1.31567160441861	0.480007023095787	1	1	1	2	15
59.0494655685178	NaN	0.0057605581703607	0.609569448821339	-0.741175723296602	-0.22667959836014	1	1	1	2	15
70.9839264781991	NaN	0.668366106282923	0.370796018227801	-0.0419766036320091	-1.01634721846846	1	1	1	2	15
13.8945698988908	NaN	-0.946321268481787	-0.759599848313437	-0.695102229096478	-0.596673038987224	2	1	2	1	16
23.5603079634326	NaN	-0.532435391386578	-1.08833109786915	0.178611153801379	-1.21948527720789	2	1	2	1	16
37.154660820823	NaN	0.255456967210134	-0.989476392314508	0.903144449933025	-1.06364937129903	2	1	2	1	16
47.3983444317881	NaN	0.907629273268816	-0.506043628304517	0.874698892664056	-0.255956257522681	2	1	2	1	16
61.1052949452472	NaN	1.00215900712455	0.151644112042129	0.116979938302597	0.546440210451501	2	1	2	1	16
70.4237576711252	NaN	0.477890208732514	0.697452079657148	-0.738557968556948	0.690695626615421	2	1	2	1	16
