age	diseaseAge	x1	x2	x3	x4	z1	z2	z3	z4	id
12.0129791090687	-35.3605008985933	-0.59612820357965	-0.664258889498313	-0.299418741150801	-0.770305031441436	1	1	1	1	1
23.1966567041747	-24.1768233034873	0.0676945664301475	-0.752308656140635	-0.818876231682383	-0.189793382647035	1	1	1	1	1
36.6891363755708	-10.6843436320912	0.574475983626916	-0.0726641902223312	-0.999482950521401	0.640035568322133	1	1	1	1	1
47.373480007662	0	0.700749952993698	0.81411616001444	-0.766466588294702	1.14571615451375	1	1	1	1	1
61.6206129501146	14.2471329424526	0.390835761151594	1.17663215031009	-0.216297374002743	0.977790268583491	1	1	1	1	1
71.5562833719866	24.1828033643245	-0.218609421981105	0.715887209778208	0.423251202181668	0.252305597299916	1	1	1	1	1
12.9277640262643	-36.5986087571447	-0.412418684018755	-0.481485799431469	-1.14929188364607	-0.570891581595995	1	2	2	1	2
23.274274881762	-26.252097901647	-0.496782186235005	-0.447847587568232	-0.930721025932403	-0.219455720576105	1	2	2	1	2
34.2220743330776	-15.3042984503314	0.20949452035851	0.175971045443828	-0.0545599652546042	0.308392750836288	1	2	2	1	2
49.526372783409	0	1.10289232018386	0.979253775412051	0.710908474240743	0.849056243387745	1	2	2	1	2
58.1417380743913	8.61536529098233	1.41999562134019	1.43312680363794	0.694464946152177	1.23496537160276	1	2	2	1	2
71.5088989819343	21.9825261985253	0.889837107371958	1.23876439466206	-0.0894716478299625	1.34651421358117	1	2	2	1	2
12.2059333503329	-35.5198723072195	-0.724293828966596	0.451061515518956	-0.937016802079922	0.0353351892260946	1	2	2	1	3
25.3960965289086	-22.3297091286437	-0.344871920727312	-0.192265215902163	-0.409284880515814	0.772775744475595	1	2	2	1	3
35.2640406687725	-12.4617649887798	0.141851031882395	-0.530389367024837	0.440741526850319	1.26615335653263	1	2	2	1	3
47.7258056575523	0	0.615865005682167	-0.404125158503228	0.998555492009783	1.24530463705195	1	2	2	1	3
59.0564859021356	11.3306802445833	0.960293597620717	0.127083367081673	0.860898312456357	0.721645914135843	1	2	2	1	3
71.4811554363008	23.7553497787485	1.09021193805528	0.813148060570397	0.127286061799836	-0.0180781131003234	1	2	2	1	3
12.4799511875652	-35.8067606692827	-0.317246749656811	-1.3591694350684	-0.786698303418569	-0.792964033404868	2	1	1	2	4
23.3080218623278	-24.97868999452	0.314693378726713	-0.615789422330466	-0.117121146592412	-0.518683970025816	2	1	1	2	4
36.110303289858	-12.1764085669899	0.9634097744166	0.239427644787591	0.668448010590929	0.209798028732117	2	1	1	2	4
48.2867118568479	0	1.32757713810486	0.506461517262767	1.05680406652584	0.935653682517415	2	1	1	2	4
58.6565274444102	10.3698155875623	1.2380416753281	-0.0332628604023335	0.794237583510049	1.20370168188451	2	1	1	2	4
72.6855516833025	24.3988398264547	0.736392130103172	-0.937965257452852	0.0522808287693948	0.845850149736483	2	1	1	2	4
11.4809449170372	-36.8682002336459	-1.11585940681137	-0.922803677614576	-0.578667704195549	-0.353413427511712	2	1	2	1	5
23.9516518193641	-24.397493331319	-1.07508245425741	-1.35563506951563	-1.15773377413387	-0.555798852711484	2	1	2	1	5
35.8387026802359	-12.5104424704472	-0.370701254253441	-1.32780487517169	-0.886283545337647	-0.511891905237373	2	1	2	1	5
48.3491451506831	0	0.465728216210229	-0.852799090783273	0.000676045436106748	-0.232654549745059	2	1	2	1	5
59.6820319668903	11.3328868162072	0.803000745590049	-0.160796712742527	0.735263322863877	0.212197822522259	2	1	2	1	5
71.4150041759187	23.0658590252357	0.386596155230662	0.412870736443986	0.681512325102358	0.711601786245274	2	1	2	1	5
13.1485011411469	-35.750964568616	0.113338759155089	-1.16971268693558	-1.02462804789467	-0.861982563390837	2	1	2	1	6
26.1446160260584	-22.7548496837045	0.954218529687032	-0.560637723196768	-0.521398085617537	-0.337409571376344	2	1	2	1	6
34.2891271859282	-14.6103385238346	1.13075403661717	0.136287036062894	0.120962802716162	0.491249348169778	2	1	2	1	6
48.8994657097629	0	0.493141491744308	0.570441527248087	0.637324034444394	1.05443180538015	2	1	2	1	6
60.1131263890548	11.2136606792919	-0.417556424185056	0.523404359402274	0.814560625280958	0.965045428841207	2	1	2	1	6
72.0919368267178	23.1924711169549	-0.828543348073558	0.0188397438514535	0.579519241249642	0.284528184213153	2	1	2	1	6
11.3048731366052	-35.8186378751809	-0.216203309872373	-0.988582702552728	-0.52270257305267	-0.0425437592035613	1	1	2	1	7
25.3166279158137	-21.8068830959723	0.530239375702286	-1.12938493579972	-1.01136843794393	0.470630288461685	1	1	2	1	7
36.9046327367998	-10.2188782749863	1.10918123091687	-0.959030926273969	-1.08988747842461	0.863584869149322	1	1	2	1	7
47.1235110117861	0	1.19595127276822	-0.530547557053007	-0.722292778869768	1.02895911688063	1	1	2	1	7
59.5071754712037	12.3836644594176	0.741888803244325	0.0226891651369389	-0.0769670329818323	0.921570399057342	1	1	2	1	7
73.1213866923616	25.9978756805755	0.00163236159975691	0.528470678469626	0.550487870692565	0.570758864155853	1	1	2	1	7
11.5810461137766	-37.2058644841623	-0.280594983269427	-1.13215988158164	-0.766802791305216	-0.417885993459351	2	2	1	1	8
23.8855349659417	-24.9013756319972	0.387556957465221	-0.272881541808362	-0.0399929236345604	0.304450595598315	2	2	1	1	8
37.4452288627226	-11.3416817352163	0.907534714420483	0.415529397752493	0.833279835633583	1.13782057988177	2	2	1	1	8
48.786910597939	0	1.0472049428884	0.394995260252247	1.12426013515324	1.44548456483681	2	2	1	1	8
59.7602053958663	10.9732947979274	0.74421475016019	-0.318434004537423	0.590121838232686	0.992370753781379	2	2	1	1	8
71.4370657299667	22.6501551320277	0.133827858406497	-1.16712582668849	-0.323390998522099	0.124682416759637	2	2	1	1	8
14.6356624737719	NaN	-0.336382161567027	-0.845621723234652	-0.0509649524604658	-0.992341228571336	2	2	2	2	9
22.8838493404803	NaN	0.486157153070519	-0.0718758413920373	-0.683932042910705	-0.692701583560597	2	2	2	2	9
34.8071427870253	NaN	0.932120468523553	0.764473268106808	-0.639282359306247	-0.168491203530074	2	2	2	2	9
47.8603724232228	NaN	0.693152012917535	0.977617724491847	0.0502715193302367	0.404403715986201	2	2	2	2	9
60.1743585768395	NaN	-0.0655164558232206	0.392778662967138	0.879528124045126	0.833762052185153	2	2	2	2	9
69.47831512415	NaN	-0.819313088021385	-0.510474759496332	1.2409328201377	0.975522933417392	2	2	2	2	9
12.0323562384012	NaN	-1.05149672946325	-0.637604161288962	-1.23708949741914	-0.410823724346667	2	1	2	2	10
24.7836653436393	NaN	-0.397550225921183	-0.0515562813545226	-0.778451387755895	0.352441554111327	2	1	2	2	10
37.2030534773678	NaN	0.343676679146469	0.445267374447076	0.134410088460622	0.958147576741378	2	1	2	2	10
47.9712502352865	NaN	0.740290369529802	0.682021183999233	0.733968102881074	1.04782240144934	2	1	2	2	10
59.7508413218533	NaN	0.561194375568991	0.577291246395495	0.516118940748186	0.568394228766504	2	1	2	2	10
72.5572099776765	NaN	-0.0892567306722536	0.167091650609293	-0.335971516994724	-0.196399382598343	2	1	2	2	10
12.9810677115141	NaN	-0.813862585427898	-0.77307591951818	-0.16042786085962	-0.727038569737899	2	1	1	1	11
24.4871814016063	NaN	-0.200410278510126	-0.829481501144804	0.403643703338256	-0.25110885486337	2	1	1	1	11
36.040431007847	NaN	0.713931840947805	-0.562999213732131	0.92631473334709	0.401553266065233	2	1	1	1	11
48.2654664736486	NaN	1.15452577522018	-0.0612896489190257	1.23679580725925	0.950655783634983	2	1	1	1	11
58.7543793924627	NaN	0.748096799462016	0.51060749137133	1.23363327625508	1.16038135363669	2	1	1	1	11
72.4383325299889	NaN	-0.161025189126221	0.964563974823097	0.917860537655193	0.940661317945362	2	1	1	1	11
12.4539480341658	NaN	-1.01971019173193	-0.453483547256063	-0.531536533276066	-1.10136903062539	2	1	1	2	12
25.6988257229225	NaN	-0.380497597121807	-0.947398565719142	0.22647859585114	-0.338385875198884	2	1	1	2	12
37.2185229503416	NaN	0.225215700419237	-0.989781834296061	0.788367391560031	0.50563819519706	2	1	1	2	12
48.5656615671374	NaN	0.532356126632383	-0.559678475360552	0.830723008215827	0.738483181090626	2	1	1	2	12
61.4995654726296	NaN	0.406512218361374	0.130262426772811	0.329166784983543	0.169183016861617	2	1	1	2	12
72.1185986526983	NaN	-0.0972439388055853	0.738924491536935	-0.42762010616328	-0.73535504542897	2	1	1	2	12
13.8211279390288	NaN	-1.09693991043722	-0.262224550983334	-0.615983949616573	-0.35340326287256	2	2	1	1	13
23.2227157628656	NaN	-0.84215868323012	0.37466197265039	-0.500745048551167	-0.815045516196201	2	2	1	1	13
37.3195880015568	NaN	-0.373577604043118	0.81965223684793	-0.0982948635713199	-0.628728927465212	2	2	1	1	13
50.0139313357519	NaN	0.170199964133871	0.887987933600834	0.460171658584093	0.0826885841112867	2	2	1	1	13
60.498296328338	NaN	0.62832800549804	0.551296334954223	0.992599723647069	0.850095407181199	2	2	1	1	13
70.6019245106976	NaN	0.865295100503325	-0.0506294555308853	1.32542282762478	1.1674603498286	2	2	1	1	13
11.2914241705008	NaN	-1.08220841412929	-1.13221591454398	-0.252171290187836	-0.639496874187768	1	1	1	2	14
24.3766387940307	NaN	-0.954713509521565	-1.00256636325172	0.245486635306405	-0.314186791472367	1	1	1	2	14
35.5146291684791	NaN	-0.147117904192927	-0.266714196692097	0.828570914790949	0.177646272485468	1	1	1	2	14
49.1862647452341	NaN	0.668688412273739	0.53704067671022	1.29848010039244	0.698841986002985	1	1	1	2	14
61.445104061954	NaN	0.813984439100589	0.820725299328149	1.49516075230292	1.1040514854588	1	1	1	2	14
73.3035343197842	NaN	0.167889199091861	0.376815098541781	1.35162244801841	1.28027165369948	1	1	1	2	14
13.2010524722731	NaN	0.0448714799677416	-0.765852920395183	-0.702042837495521	-0.793219681284039	1	2	2	1	15
23.6588616388044	NaN	0.775255045112171	-0.151005069063996	-0.55822953461668	-1.16723528736317	1	2	2	1	15
39.0326438905986	NaN	1.28014859046829	0.76594818053951	0.172158704827401	-1.26267359222387	1	2	2	1	15
48.1455382472644	NaN	1.28923376751541	1.20325874908281	0.967414293293714	-1.04994524826843	1	2	2	1	15
59.2364396413141	NaN	0.797646402254898	0.788097708615265	1.25949567133075	-0.595003783510239	1	2	2	1	15
73.2421041988033	NaN	0.0685807580183132	-0.125589583082318	0.839772602479724	-0.0388976077778595	1	2	2	1	15
11.1773456144051	NaN	-0.675861862727628	-0.632242146765048	-0.911626303546787	-0.589564199778077	2	2	2	2	16
24.3570976931612	NaN	-0.285550523583437	-1.08440108694366	-0.313144698690304	-0.133356735595155	2	2	2	2	16
37.3932187221487	NaN	0.394140877138723	-1.33739424808893	0.404143385804913	0.487646079550184	2	2	2	2	16
48.801747057623	NaN	1.02631707223248	-1.32118333858453	0.863592903809555	1.03064295013516	2	2	2	2	16
59.5632219448728	NaN	1.29763414129318	-1.04025616514466	0.823948788296083	1.28333154768806	2	2	2	2	16
71.8637735192322	NaN	1.07361129438918	-0.572384234347859	0.306028002544789	1.14691502724559	2	2	2	2	16
