age	diseaseAge	x1	x2	x3	x4	z1	z2	z3	z4	id
12.1834106479265	-37.1951050521748	-0.561206696785901	-0.933156795136536	-0.324234520340314	-1.38537255365273	1	1	2	1	1
23.2298224529555	-26.1486932471458	-1.02528049500794	-0.956231247763596	0.280805166074906	-1.06336640132422	1	1	2	1	1
36.2306465673445	-13.1478691327568	-1.28322365166586	-0.650498191130207	0.653753174876284	-0.605141262875658	1	1	2	1	1
49.3785157001013	0	-1.26075328213446	-0.119877225570443	0.645327015445781	-0.120391755932649	1	1	2	1	1
60.2547420329471	10.8762263328459	-0.964340439528746	0.455271961032897	0.258899485161167	0.274837827416533	1	1	2	1	1
71.6278857655442	22.2493700654429	-0.479346570432499	0.879454402376716	-0.350851383643599	0.485933389467423	1	1	2	1	1
12.4332442547526	-34.0193434060547	-1.20007930924981	-0.504077648676313	-0.178876473105714	-1.05345801126553	2	1	2	1	2
25.2584283334267	-21.1941593273806	-1.25935400218734	0.0521920502654822	-0.867416526517631	-0.384281060053176	2	1	2	1	2
36.9052044787764	-9.54738318203082	-0.672563645397472	0.46746116985407	-0.873414925718115	0.435431873718879	2	1	2	1	2
46.4525876608073	0	0.155723911789662	0.609352942083895	-0.192306540626756	0.827862845077909	2	1	2	1	2
59.7300457770986	13.2774581162913	0.654438419564034	0.432636037852104	0.657545600075595	0.516386162184605	2	1	2	1	2
70.5363107690851	24.0837231082778	0.479736708886886	-0.00635688642484039	1.02935467181287	-0.279437388005855	2	1	2	1	2
11.6714283201085	-34.4019718076063	-1.3383074214807	-0.252687034279421	-0.380512628449963	-0.661394365827282	2	1	1	1	3
24.0490609360932	-22.0243391916216	-1.1447805150731	-0.716742795026127	0.146303681842222	-0.128826743229624	2	1	1	1	3
36.3973756882515	-9.67602443946325	-0.30507825977893	-0.99776352872052	0.745986535847821	0.376520442400349	2	1	1	1	3
46.0734001277147	0	0.478322598170179	-1.01929585560979	1.20050757827085	0.706508571925585	2	1	1	1	3
59.1093349094455	13.0359347817307	0.550045843910567	-0.775481776737832	1.34461533549492	0.764404177287786	2	1	1	1	3
73.0502801614241	26.9768800337093	-0.149910638759333	-0.332652377772328	1.12591615130144	0.533235609536799	2	1	1	1	3
11.765819074545	-35.5854518427534	-1.04979397817572	-1.27263614068257	-0.572266111670772	0.266335017059224	2	1	1	1	4
23.5097056022208	-23.8415653150776	-1.29162225507002	-0.856721220677585	-0.129827377913714	-0.244609976616872	2	1	1	1	4
36.2593259044481	-11.0919450128503	-1.29123091715963	-0.299535772554623	0.772307211612001	-0.549011321704444	2	1	1	1	4
47.3512709172984	0	-1.04871784461792	0.220777767690172	1.38943309735775	-0.550798715164626	2	1	1	1	4
60.3766985342226	13.0254276169242	-0.62473962335994	0.537865591188966	1.2121180213586	-0.249408048348949	2	1	1	1	4
71.4472965693295	24.0960256520311	-0.125340315812145	0.55034888861879	0.386734096053686	0.260040558015991	2	1	1	1	4
11.5832487361255	-36.1642824928062	-0.58933249118063	0.234353173620963	-0.252267795013278	-0.955302825743811	2	2	1	2	5
23.7934395897849	-23.9540916391468	-0.2825591396125	0.767329896760616	0.556612445900985	-0.22806816985255	2	2	1	2	5
35.9277857635304	-11.8197454654013	0.598818868542784	1.22169570631308	0.907809533677351	0.589435315523994	2	2	1	2	5
47.7475312289317	0	1.31457568707255	1.4683670429859	0.55357877111685	0.889171868660437	2	2	1	2	5
59.162022499299	11.4144912703673	1.26358252472457	1.43726553942895	-0.256195101662758	0.448205995502815	2	2	1	2	5
72.5476496693786	24.800118440447	0.488666019332808	1.13722701183719	-0.950273911299481	-0.405484472200797	2	2	1	2	5
11.4411177496407	-37.4267759831801	-0.755429404994715	-0.009069517945828	-0.831508908783356	0.101967043561156	2	2	2	2	6
24.7242389215873	-24.1436548112335	-0.24114819918507	-0.643508792695967	-1.2224112987074	0.730561340521161	2	2	2	2	6
34.1345966236444	-14.7332971091764	0.352917368760854	-0.886522529078756	-0.985886461973785	1.2309294670486	2	2	2	2	6
48.8678937328208	0	0.815905243440812	-0.612407608488529	-0.271175465205065	1.4053378261867	2	2	2	2	6
59.172386869387	10.3044931365662	0.983479061751161	0.0370452172949051	0.470757501293598	1.1848643776148	2	2	2	2	6
71.5335215888512	22.6656278560304	0.7961589250627	0.725895080058049	0.771771886991336	0.65663499068458	2	2	2	2	6
11.8053292661404	-36.3543906175677	-0.868768941634667	-1.32553308334145	-1.12969425486729	-1.066665227785	1	2	1	1	7
23.668115410828	-24.4916044728801	0.0253673127879427	-1.26448451414097	-1.1251604242609	-0.76167746064091	1	2	1	1	7
36.2515474165849	-11.9081724671233	0.580666923650405	-0.980125655403321	-0.455962877449613	-0.00906982218204855	1	2	1	1	7
48.1597198837081	0	0.352871425984377	-0.540627894242516	0.3841187474433	0.706255567048193	1	2	1	1	7
59.75420294931	11.5944830656019	-0.475775079655793	-0.0513551786812663	0.775214872727028	0.923417392017511	1	2	1	1	7
73.1500246279544	24.9903047442462	-1.2423273698342	0.370395636718147	0.4287480758838	0.50249914902907	1	2	1	1	7
12.9028485335325	-33.3790451428219	-0.450603347640578	-0.567298965497741	-1.35786496882499	-0.815724832448247	1	2	2	2	8
23.9872365347971	-22.2946571415574	-1.00611185187888	-0.431734858579472	-0.987721922791418	-1.11828997832662	1	2	2	2	8
36.7898367350502	-9.49205694130421	-0.789339552439506	0.35296163488584	-0.382677930281063	-0.928145861258652	1	2	2	2	8
46.2818936763544	0	0.0283849042036604	1.16332039353374	0.214244221442168	-0.339321643784503	1	2	2	2	8
60.2778869229792	13.9959932466248	0.800762960958269	1.35548168584971	0.563283974655085	0.357000128423576	1	2	2	2	8
70.5928210330689	24.3109273567145	0.917336144245692	0.776766322823096	0.524245550634613	0.816477731262732	1	2	2	2	8
13.6734801115881	NaN	-1.29317917395744	-1.10818064569391	-0.368603022121042	-1.06247644155116	2	1	1	2	9
23.1434414488005	NaN	-1.1756769379057	-0.97366219574787	0.393787076790184	-1.10048862059898	2	1	1	2	9
35.8025808715534	NaN	-0.632910366250044	-0.425885978484457	0.873919063795687	-0.487570019466455	2	1	1	2	9
48.9744590769308	NaN	0.0681252711120546	0.269616787653334	0.789487399364456	0.345408957938513	2	1	1	2	9
59.0909682617851	NaN	0.582579703401583	0.775705330388717	0.190135779867187	0.812879546402876	2	1	1	2	9
70.5368717839646	NaN	0.657384839891974	0.847056280145851	-0.571732108021894	0.586218596140456	2	1	1	2	9
10.5623059355227	NaN	-0.804878192757569	-1.15652040925944	-0.495823863657427	-0.0977932371225924	1	1	2	1	10
25.3252716772236	NaN	-0.364802488003401	-0.765998522465427	-0.768528566970288	-0.806542749361424	1	1	2	1	10
35.5713820018118	NaN	0.21966802477108	-0.078634743708906	-0.708548073201534	-0.729169173083979	1	1	2	1	10
48.1535942744517	NaN	0.745488387325557	0.557399239438489	-0.33621113241054	0.0684064360707859	1	1	2	1	10
61.0818174113273	NaN	1.02998869378237	0.819931918803971	0.222288819310057	0.906662351992689	1	1	2	1	10
74.4743763308046	NaN	0.974333585331606	0.575982114927167	0.777663478158147	1.07141787460619	1	1	2	1	10
11.4089402808157	NaN	-1.09330015779944	-0.853199654851023	-1.17636490086208	0.246629262559733	1	2	2	2	11
25.0208972006205	NaN	-0.699702401365369	-1.18304955476943	-0.926611499191701	1.01368357396567	1	2	2	2	11
35.2392845384182	NaN	-0.0924266908358091	-1.02670237024404	-0.489958240698096	1.36166763715419	1	2	2	2	11
46.1148231130688	NaN	0.48941790062336	-0.460847149052339	0.0199680805879142	1.06669811981531	1	2	2	2	11
60.6793343689797	NaN	0.816735562693856	0.236961394757983	0.470473406045198	0.318550260121124	1	2	2	2	11
70.9878511697459	NaN	0.760648058602055	0.724444806232648	0.744326328762656	-0.401438278490099	1	2	2	2	11
9.78597234416795	NaN	-0.973493601675789	-0.521960749201684	-0.714343600396601	-0.0402692772754403	1	2	1	2	12
23.9292241335938	NaN	-1.20502523749898	0.352448493236059	-0.160399506148005	-0.53233646896102	1	2	1	2	12
36.2549717641938	NaN	-1.08876329274355	1.07359003232893	0.303317196835199	-0.595453099652667	1	2	1	2	12
48.1613434929472	NaN	-0.665355071232919	1.04163375228676	0.534468725554933	-0.199645595950513	1	2	1	2	12
60.248125216898	NaN	-0.0828318368280947	0.28316020369333	0.462103147672077	0.467120285189963	1	2	1	2	12
72.7077127254453	NaN	0.455145625827478	-0.570948530235269	0.10843306811321	1.08820286217253	1	2	1	2	12
12.2831375650235	NaN	-1.14535871733616	-1.34987246590623	0.274480799583834	-0.20234248104323	2	1	1	2	13
23.6398089371631	NaN	-0.571298731783319	-1.35325770258393	-0.454424316333847	0.467558552948546	2	1	1	2	13
37.5941966765903	NaN	0.369248121296736	-0.634101570062251	-0.475961303203665	1.09242389406065	2	1	1	2	13
47.1665125377854	NaN	0.840662695971224	0.22708274403175	0.227117529489383	1.371973996314	2	1	1	2	13
59.0026565529399	NaN	0.424121577989424	0.535134858382584	1.09175820454603	1.17187083156057	2	1	1	2	13
71.4583071039354	NaN	-0.510303574746674	0.0413906696473402	1.42552148428629	0.588274137759587	2	1	1	2	13
12.4113608589928	NaN	-0.16370725528299	-0.473175889552023	-0.608819158166202	-0.384160909810062	2	2	1	2	14
23.1948043292224	NaN	-0.712369212381029	-0.932440065259298	-0.128497864401026	0.453021009284467	2	2	1	2	14
35.5637331913846	NaN	-1.06860946975606	-1.21974333231859	0.365843857207616	1.15640112579701	2	2	1	2	14
48.7080549798685	NaN	-1.11338227314594	-1.2598180239645	0.748448077189171	1.1948458634942	2	2	1	2	14
59.6094894773357	NaN	-0.831725775764292	-1.0421653784969	0.921982297782773	0.539324986034263	2	2	1	2	14
71.5882267137456	NaN	-0.317761878433627	-0.623806003294656	0.842300327558084	-0.315167207245477	2	2	1	2	14
11.2996812511369	NaN	-0.864924491718999	-0.400514366029884	-0.417910543850599	-0.450063273289129	2	1	2	2	15
23.2062656483771	NaN	-0.456405443904772	-0.632362590425846	-0.626195908918233	-0.898579963597912	2	1	2	2	15
35.5740774993793	NaN	0.26610007123511	-0.33552124293311	-0.343118636180906	-1.07286074290012	2	1	2	2	15
47.7262114766426	NaN	0.905191835332535	0.332892008387094	0.292001789059466	-0.915016118508583	2	1	2	2	15
60.9248551811707	NaN	1.10934975437077	1.0190870590372	0.966584106238991	-0.477476113206125	2	1	2	2	15
72.4252852554636	NaN	0.766280704065958	1.35986192552014	1.34862546569607	0.0944250081576821	2	1	2	2	15
12.7020187067743	NaN	-0.679330739289097	-0.75736257781125	-0.830112607260339	-0.873616866840332	2	2	2	2	16
24.9551152538034	NaN	-0.1830776359874	-0.4984006843427	-0.709952405397574	-1.04074286373537	2	2	2	2	16
35.2995683463527	NaN	0.606672945828293	0.138471286493328	-0.368345727498385	-0.666696303398333	2	2	2	2	16
49.5561376136123	NaN	1.19423786953377	0.828457489911407	0.108721900601899	0.0437664894695157	2	2	2	2	16
60.0473595419102	NaN	1.21083484986232	1.21967456144932	0.601168192709439	0.701732032617387	2	2	2	2	16
71.1778772061376	NaN	0.646046872306868	1.11260723734402	0.985039912216196	0.947024292682935	2	2	2	2	16
