age	diseaseAge	x1	x2	x3	x4	z1	z2	z3	z4	id
11.5484545507091	-36.3554363766557	-0.912330755692976	-0.0903748128543813	-1.023530785895	-0.708521637064933	2	2	2	1	1
24.8470369646034	-23.0568539627615	-0.761227515695256	-0.708552307543966	-0.841655216449939	-0.23214688905549	2	2	2	1	1
33.6667356028986	-14.2371553244663	-0.155828781087542	-0.711928833560976	-0.262943046648865	0.250709429442671	2	2	2	1	1
47.9038909273649	0	0.574169504978391	-0.098223052378245	0.430401096613424	0.621638494256202	2	2	2	1	1
60.8740299089459	12.9701389815811	1.03121534963351	0.71791677447636	0.900273168754131	0.789678930885751	2	2	2	1	1
73.2910731556539	25.3871822282891	0.966404762493999	1.18506849856433	0.917543595995096	0.71362288980629	2	2	2	1	1
11.0941728645879	-37.2763577191414	-0.406213161610679	-0.440897130839562	-0.820097622604421	-0.0117296190581087	2	1	2	2	2
24.1214234068787	-24.2491071768506	0.235304917136903	0.05817089474466	-0.379813317411876	-0.570488289747661	2	1	2	2	2
36.3400274744601	-12.0305031092692	0.874318197922855	0.450290977418412	0.203644008846928	-0.810194435122403	2	1	2	2	2
48.3705305837293	0	1.21451079457183	0.634796275865426	0.728362837581309	-0.630100298622298	2	1	2	2	2
61.0081279604127	12.6375973766834	1.09813251037063	0.564319755288278	1.01275872246642	-0.105898892596435	2	1	2	2	2
72.49855328144	24.1280226977107	0.579148944237993	0.256954466838766	0.958413488918185	0.542089542269825	2	1	2	2	2
9.09046007696083	-39.5572961966594	-0.108060642655298	-1.2306854408807	-0.420411555888986	-0.728349558175946	2	1	2	1	3
25.1703272555959	-23.4774290180243	-0.563719974112438	-0.889178268039383	-0.497874401744288	0.0328952927162932	2	1	2	1	3
36.5894569416193	-12.0582993320009	-0.751961767926678	-0.160130683276379	-0.226542271894367	0.799667097530201	2	1	2	1	3
48.6477562736202	0	-0.610703753390442	0.525962929891822	0.29753668955193	1.02783228857447	2	1	2	1	3
59.9192346492864	11.2714783756662	-0.18653291908028	0.763972024147845	0.888845155025429	0.555475236392677	2	1	2	1	3
72.8254395956416	24.1776833220213	0.380658907432891	0.413354911343347	1.33806740236674	-0.282199599990762	2	1	2	1	3
11.3998045256905	-35.486732938555	0.145239598879557	-0.56185410891529	-0.705513121076321	-1.1042697571982	2	2	2	2	4
24.2178649103114	-22.6686725539342	0.817458698823482	0.285729387449461	-0.388967389722645	-0.696046631631013	2	2	2	2	4
35.723367703699	-11.1631697605466	1.33057891607842	0.753481249003061	0.48999317351818	0.0315919174845048	2	2	2	2	4
46.8865374642456	0	1.45266636013215	0.501325544183	1.20052238658522	0.672816046231298	2	2	2	2	4
60.8909906143631	14.0044531501175	1.12853666106535	-0.287409571072093	1.15182290960904	0.86999229992025	2	2	2	2	4
73.6914067723389	26.8048693080933	0.504698686794588	-1.03927939002062	0.384387829884917	0.513148483763158	2	2	2	2	4
11.8322041923513	-35.3332492396107	-0.817198966121649	-1.14323426341951	0.195373005783703	-0.145642563629739	1	2	2	1	5
24.6854240035384	-22.4800294284237	-0.301456691829631	-1.15666772089627	1.05846101071968	-0.853243760823402	1	2	2	1	5
34.8713300297568	-12.2941234022053	0.397659148147458	-0.548071698412387	1.32285854752368	-1.01386085830957	1	2	2	1	5
47.165453431962	0	0.93819633877834	0.270158522666547	0.76857247552734	-0.519586471381567	1	2	2	1	5
59.586353618981	12.420900187019	1.05576680719505	0.743575871085449	-0.143201025905523	0.297511038275219	1	2	2	1	5
72.6006470174825	25.4351935855205	0.692864372306512	0.551384493122261	-0.653816779580571	0.888481050226455	1	2	2	1	5
11.8348086584928	-36.1263407730558	-0.468105148314393	-0.915397826234173	-0.451891085922772	-1.16195948141371	2	2	1	1	6
25.1302875010107	-22.8308619305379	-0.640970038862233	-1.09758215905738	0.388625881896117	-1.40107840912996	2	2	1	1	6
34.9240064381907	-13.0371429933579	-0.566235873754222	-1.00999335272953	0.918414845065188	-1.29019470636313	2	2	1	1	6
47.9611494315486	0	-0.262502936915406	-0.676365838956603	0.763025735993859	-0.868368701654768	2	2	1	1	6
59.7054818322932	11.7443324007447	0.194633910128353	-0.187104542441427	0.0322861774520494	-0.284194479799612	2	2	1	1	6
73.4817889921905	25.5206395606419	0.691399727423872	0.325212650264462	-0.757323692034267	0.256544453945831	2	2	1	1	6
12.3955639353827	-35.9711037394269	-0.142920940692504	-0.656193726965311	-0.481709747843864	-1.03953575039253	1	1	1	1	7
24.8346066813776	-23.532060993432	-0.494288587689702	-1.11782577456995	-0.107826129534367	-0.845915009940946	1	1	1	1	7
34.7902531753105	-13.5764144994992	-0.629576465994173	-0.862710728967451	0.42713252714995	-0.427643100409331	1	1	1	1	7
48.3666676748096	0	-0.514969056905551	-0.0753693658150902	0.958415280612036	0.0979328961072083	1	1	1	1	7
60.7412791274282	12.3746114526186	-0.179112747918471	0.674726456836494	1.32240325527436	0.583361505567527	1	1	1	1	7
72.7045239955869	24.3378563207773	0.294044398217286	0.845044005623513	1.406999262305	0.89245468955078	1	1	1	1	7
11.9756679120296	-38.1251647889756	-0.847673741602352	-0.718122507583604	-0.550237660919255	-0.506800258496251	1	1	1	1	8
24.6579478183318	-25.4428848826734	-1.05497713231588	-1.05924913821959	-0.319412358714971	0.258756169478807	1	1	1	1	8
35.6343903783943	-14.4664423226109	-0.97610513191543	-0.711889869786895	0.131008940359477	0.730848472935873	1	1	1	1	8
50.1008327010052	0	-0.633804903110342	0.0848013021234854	0.670000570865484	0.628750882583426	1	1	1	1	8
60.7076678013668	10.6068351003616	-0.126797905487512	0.782309066910742	1.14077212968933	0.0131748829862803	1	1	1	1	8
71.9978920156461	21.8970593146409	0.398691971472114	0.900405072939769	1.40637814624334	-0.749832367749286	1	1	1	1	8
11.8210522235264	NaN	-1.21356659060006	-1.37843398056298	-0.438545540695832	-0.760345078534779	1	1	1	1	9
24.642196851968	NaN	-0.595547701034335	-0.998357473337487	-0.590729640699558	-0.304527211626724	1	1	1	1	9
35.1991201573622	NaN	0.334611482225075	-0.412506078979758	-0.40177581861475	0.563087396757801	1	1	1	1	9
47.3546272067028	NaN	0.75949089440997	0.1616588955328	0.0638216892602312	1.18025485293746	1	1	1	1	9
61.0603066873857	NaN	0.305708255500448	0.511014008008784	0.647143865773463	1.07589574528867	1	1	1	1	9
71.9536635193166	NaN	-0.627954117708738	0.505882654295781	1.14908958730103	0.329666618459881	1	1	1	1	9
10.8228112999562	NaN	-0.838264572085948	-1.18323424864446	0.0414142596723204	-0.835415063168039	2	1	2	1	10
22.2288648761279	NaN	-1.15274895515427	-1.43787302949831	-0.461072468224136	-0.568509383520182	2	1	2	1	10
35.8302634179618	NaN	-0.795793345144619	-0.89703750007681	-0.646060161883175	0.0792558759797279	2	1	2	1	10
49.0825820737467	NaN	-0.00716876202280395	0.00205563042090384	-0.441472294066494	0.771325694247369	2	1	2	1	10
61.5639855566506	NaN	0.683396964299427	0.532570719003268	0.0729778162713265	1.14812602981793	2	1	2	1	10
73.0295450765959	NaN	0.812043219474983	0.265634201356611	0.696845606267338	1.01388527712485	2	1	2	1	10
11.7411628599325	NaN	-0.859552937891044	0.0242560597583457	-0.454737219604	-0.0325799555528843	1	2	2	1	11
24.9836458004177	NaN	-0.102998392826259	-0.396251798584518	-0.707518289873424	0.792247108345548	1	2	2	1	11
36.4703222671083	NaN	0.715192377172691	-0.630709678753438	-0.354379576564582	0.922158319904352	1	2	2	1	11
48.6398722870649	NaN	0.962158080045008	-0.620062791220981	0.390180360811644	0.246109585992926	1	2	2	1	11
59.2995484517747	NaN	0.446873542267066	-0.366992853069545	1.07391137799809	-0.658033506050224	1	2	2	1	11
73.3986959327584	NaN	-0.432094483376185	0.0647573776306967	1.28151117945986	-1.01743735309314	1	2	2	1	11
11.8368212660803	NaN	-0.841027449591539	-1.13590272943358	-0.864610740064351	-0.453231345666464	2	1	2	2	12
23.1469945400465	NaN	-0.862676264844821	-0.373630605918434	-0.237861792361395	-0.915130684946776	2	1	2	2	12
37.1314256675789	NaN	-0.304552316209072	0.483422633294069	0.339928471819068	-0.870668826013687	2	1	2	2	12
47.2450684114528	NaN	0.48509609951043	0.71475026275556	0.631865568551162	-0.343504280233875	2	1	2	2	12
59.4204633603354	NaN	1.01355814895581	0.125879984616515	0.518255047864771	0.385854473941254	2	1	2	2	12
74.4573834304665	NaN	0.951093441850997	-0.788137279659091	0.0456773167605677	0.929309799793294	2	1	2	2	12
12.9968585296397	NaN	-0.716772654046568	-1.16049975097961	-0.510781868198986	-0.334145014221563	2	2	2	1	13
22.5303819079185	NaN	-0.543231234803551	-1.04984211650439	-1.03307688392803	0.384570178602341	2	2	2	1	13
36.8226908522094	NaN	-0.102625975288076	-0.551910789844182	-0.925682698642337	1.09743015271371	2	2	2	1	13
47.4435674203018	NaN	0.462623366327979	0.11280115820381	-0.259044925776436	1.37427172194073	2	2	2	1	13
58.6503670549176	NaN	0.96980749912898	0.649947156589811	0.529552919521897	1.04803956573192	2	2	2	1	13
72.623793582895	NaN	1.25498593447536	0.821669162830417	0.922827161070412	0.315592911485222	2	2	2	1	13
13.3383224111904	NaN	-1.13205841944428	-0.854188623794946	-0.264100607197362	-0.0645054252076548	1	1	1	2	14
24.1574475828461	NaN	-0.608883711990565	-0.190675086594003	0.624140421131863	-0.700545481417113	1	1	1	2	14
37.0715658400606	NaN	0.257260126527933	0.365919002152371	0.882151772426028	-0.93593586705738	1	1	1	2	14
47.3289817365566	NaN	0.816134983874569	0.568240162950017	0.284289605322692	-0.647207745278902	1	1	1	2	14
60.1279368705677	NaN	0.648178062212915	0.326375757288327	-0.646585689293005	0.0141929135793932	1	1	1	2	14
73.0294506254574	NaN	-0.120520736501305	-0.252188340448097	-1.09637707168655	0.701342976617924	1	1	1	2	14
11.9792994239271	NaN	-0.498520538224184	-1.13292626352342	-0.524865374162909	-0.628761936273125	1	1	1	1	15
23.2027591328743	NaN	0.431061426110105	-0.847192464978119	-0.995064692149394	-0.723025963669407	1	1	1	1	15
36.9461215821613	NaN	0.906884361609593	-0.405015949355333	-1.26357503312122	-0.25479869816765	1	1	1	1	15
45.6433221944123	NaN	0.516001283911268	0.0865558707020239	-1.25301874709719	0.502789276467951	1	1	1	1	15
61.6229484142894	NaN	-0.402356601148577	0.508517372764659	-0.966437879318878	1.10781485790969	1	1	1	1	15
72.8918556634979	NaN	-1.05118458675949	0.758715037966694	-0.486417532460551	1.20734902551548	1	1	1	1	15
12.1188338669764	NaN	-1.42461785047537	-0.576834008437809	-1.05373860960911	-0.607990319189929	2	2	1	2	16
24.0107709463599	NaN	-1.28134869965087	-0.0144213386098059	-0.424700475183846	-0.722655136238442	2	2	1	2	16
35.6715265559392	NaN	-0.714634193178754	0.875916217765585	0.262081369127298	-0.30146664449943	2	2	1	2	16
47.7778650170278	NaN	-0.00872335886283854	1.3875034687489	0.662153170238867	0.424072368903342	2	2	1	2	16
59.905689619036	NaN	0.482317574042249	1.11428541172495	0.5748598954967	1.05517535812605	2	2	1	2	16
71.1443810956303	NaN	0.512195443466166	0.273119598648243	0.0439832731935994	1.2449617605874	2	2	1	2	16
