age	diseaseAge	x1	x2	x3	x4	z1	z2	z3	z4	id
12.6619187203423	-35.2214201971193	-0.592406337715902	-1.04838101497734	-0.388215195976422	-0.771413014861277	1	1	1	2	1
25.4835791963479	-22.3997597211138	0.126415864974478	-0.87843940398178	0.313213688450847	-0.583253476406827	1	1	1	2	1
37.1641033867887	-10.7192355306729	0.697515259500077	-0.343274561789403	0.757432184576737	-0.130174671534781	1	1	1	2	1
47.8833389174616	0	0.823861452158131	0.320727801433911	0.719514539025884	0.439785595576172	1	1	1	2	1
60.6460424631906	12.762703545729	0.43974143448145	0.820273624106404	0.218659986107814	0.940399972189821	1	1	1	2	1
71.0985351309282	23.2151962134666	-0.255062897115253	0.934710343236306	-0.491528599400616	1.20809900359487	1	1	1	2	1
12.6073614506397	-37.0061769704796	-0.606435274511305	-0.738583491510496	0.0953712537717694	-0.813592142055689	1	2	1	1	2
25.1251445070441	-24.4883939140751	-0.60149695010025	0.0951564910488093	0.896766372374773	-1.06697050849259	1	2	1	1	2
37.0473862383398	-12.5661521827794	-0.286089197146887	0.501734654619766	1.36446734844749	-1.03057745712711	1	2	1	1	2
49.6135384211193	0	0.237361106784207	0.187590814214324	1.19359599404595	-0.715192504285713	1	2	1	1	2
60.1794430779218	10.5659046568025	0.798866446516703	-0.620454870687447	0.495537470986393	-0.214231758833136	1	2	1	1	2
71.2319804572124	21.6184420360932	1.21608114999243	-1.33897204894432	-0.274667867007068	0.323921658499793	1	2	1	1	2
12.4868019435048	-36.732399677347	-1.29118070304207	0.20817676780167	-0.669520498917823	-0.99973707225193	1	2	2	1	3
24.8349443406561	-24.3842572801958	-0.789069877743265	0.708690540854216	-0.148862717936764	-0.428718377248742	1	2	2	1	3
35.0561150566341	-14.1630865642178	-0.0336291817134494	1.15457494736104	0.482841378319423	0.175557972812565	1	2	2	1	3
49.2192016208519	0	0.541943623551834	1.43400419018179	0.973104685203042	0.580458739748758	1	2	2	1	3
59.5796240934619	10.36042247261	0.607593707635047	1.47689867611527	1.12597285699485	0.630105943980323	1	2	2	1	3
72.1230445625403	22.9038429416885	0.125674873268416	1.27250066164669	0.880345700871572	0.305386492820507	1	2	2	1	3
12.2775933837104	-35.3821873235312	-1.05662864100764	-0.305119236878477	-0.408689235370669	-0.535772576940803	1	1	1	2	4
23.4290809448796	-24.2306997623621	-1.12335436329522	0.611110330496836	-0.819766384518827	-0.323927729174927	1	1	1	2	4
35.5720835771616	-12.0876971300801	-0.631518482066896	1.0987030320916	-0.817027739806943	0.554132800144935	1	1	1	2	4
47.6597807072417	0	0.130833944458348	0.74699294756992	-0.401672503878435	1.32262303171675	1	1	1	2	4
61.3184553250333	13.6586746177916	0.717229087381691	-0.147798619756836	0.244422829860655	1.30256477784565	1	1	1	2	4
72.4929908056896	24.8332100984479	0.784242992637724	-0.832050048188446	0.838344881388075	0.511679951318827	1	1	1	2	4
11.2739922368676	-36.1991032448545	0.345944788323586	-0.944775141302893	-0.858202897108502	-1.09030297520546	2	2	1	2	5
23.5904561815663	-23.8826393001558	-0.380573497169856	-0.282226367255528	-0.0355138641818875	-0.993419185108291	2	2	1	2	5
36.4495117356526	-11.0235837460694	-0.554118030036546	0.370125564329373	0.608095273349914	-0.451670808388161	2	2	1	2	5
47.473095481722	0	-0.0551745504089924	0.690508357356203	0.624070794299367	0.260242476241039	2	2	1	2	5
58.8564916219682	11.3833961402462	0.772651414656509	0.520893343631543	0.00127879929818814	0.781336937284312	2	2	1	2	5
70.4999747895448	23.0268793078227	1.35926407545338	-0.0550569478077492	-0.82623518527266	0.84738569898283	2	2	1	2	5
10.3002028893093	-39.6559948622192	-0.435134181708851	-0.816332819001438	-1.09695475486103	-0.00701750646059957	2	2	1	2	6
24.0819186581628	-25.8742790933656	-0.604956264709731	-0.556467839473273	-1.27475106825409	-0.581813124262306	2	2	1	2	6
36.8921510749655	-13.064046676563	-0.262762512953797	-0.121359359879556	-0.906050036763401	-0.636545753883381	2	2	1	2	6
49.9561977515284	0	0.414773116736312	0.379725610983894	-0.194303651705821	-0.139402417724721	2	2	1	2	6
60.339384868524	10.3831871169956	1.07784031960948	0.820951658532847	0.467741099563933	0.620655620589884	2	2	1	2	6
70.6403886253656	20.6841908738371	1.38409881104685	1.09151549420926	0.714762963557291	1.20184967229065	2	2	1	2	6
12.5895471430799	-35.4748484651828	-0.447859674832452	-1.11950116240654	-1.25959671405354	0.146615451696517	1	1	1	1	7
24.5537102289507	-23.5106853793119	-1.12945485885945	-1.24571728962683	-1.46372916578452	0.942488131954319	1	1	1	1	7
36.3847329183828	-11.6796626898799	-1.18721412287735	-0.684427058616607	-1.10891203728988	1.39507149590334	1	1	1	1	7
48.0643956082626	0	-0.579984492174712	0.161958844880046	-0.394645438620199	1.21154619391719	1	1	1	1	7
60.8457851953874	12.7813895871247	0.259588187404675	0.686633615732726	0.27746582144711	0.510652250151122	1	1	1	1	7
72.3589404169495	24.2945448086868	0.733315662623488	0.51343760842	0.529519269830958	-0.254135185579648	1	1	1	1	7
12.0241247263084	-34.7679636504457	-0.768099034748824	-0.626433968395736	-0.507610422471824	-1.11077343479281	2	2	1	2	8
23.5555557062929	-23.2365326704611	-0.00894630059033258	0.200209877806291	0.038006572143307	-1.19782568949355	2	2	1	2	8
33.9979984191854	-12.7940899575687	0.574877122239504	0.592415795138886	0.584905633513488	-0.753495830076388	2	2	1	2	8
46.7920883767541	0	0.644526464041175	0.269373349700219	0.955469457973723	-0.0222562707009088	2	2	1	2	8
59.2088859423275	12.4167975655734	0.159578003772252	-0.537626482867918	1.02934942548521	0.593561485087265	2	2	1	2	8
71.5442328895517	24.7521445127976	-0.598509442578911	-1.25079034676056	0.782551418026666	0.755131562211095	2	2	1	2	8
12.0815755872451	NaN	-0.243262604592441	-0.125441393490061	-0.68514192711584	-0.0673453284376844	1	2	2	2	9
24.4641501849529	NaN	0.560417069087543	-0.506255929088908	-0.410843638548801	0.571432137173707	1	2	2	2	9
36.307463816114	NaN	1.0477834035101	-0.352786669696752	0.179712907771206	1.07445348670277	1	2	2	2	9
45.8493653109887	NaN	0.901384439059704	0.251815355909785	0.827725976409322	1.23642742550229	1	2	2	2	9
61.1911897095583	NaN	0.216578912825827	0.979971317750477	1.24921445193628	0.991249722357449	1	2	2	2	9
73.6849296107578	NaN	-0.560576808749925	1.43715974894203	1.25946791227327	0.438981434605783	1	2	2	2	9
11.6447552261372	NaN	-0.404356242405561	-0.954024808100761	-0.340602969015907	-0.359110913842594	2	1	1	1	10
25.8426193587412	NaN	-0.551244833696127	-0.351257216984988	-0.545625353843291	-0.573313377115827	2	1	1	1	10
35.9687152372428	NaN	-0.44218203850366	0.569826839325049	0.0349604921992591	-0.326218838052578	2	1	1	1	10
47.206609002206	NaN	-0.105103478527272	1.01980053923358	0.932033709277497	0.268150953151429	2	1	1	1	10
60.5951999891928	NaN	0.373650686715178	0.613008192266986	1.42074755543489	0.935524116132213	2	1	1	1	10
72.3755600856896	NaN	0.871451147902537	-0.301903639607498	1.10621493294937	1.36794137196274	2	1	1	1	10
10.8391907479493	NaN	-0.312412921163307	0.140074123433196	-0.743980972530546	0.125238694735122	2	2	1	2	11
22.6916951653034	NaN	0.492219549881502	0.994138687655448	-0.940902239913709	0.876413031235852	2	2	1	2	11
37.6014365706031	NaN	1.20759729693972	1.29576973149563	-0.80618624457896	1.28073812042932	2	2	1	2	11
47.7939553209408	NaN	1.32269879938963	0.803916900812647	-0.384580948381645	1.09786652749332	2	2	1	2	11
58.6866447693989	NaN	0.75530267831686	-0.0883525076325897	0.183871052657104	0.436504636074964	2	2	1	2	11
72.0855271625148	NaN	-0.0892784467879836	-0.667975759458723	0.710349801442591	-0.310206889691739	2	2	1	2	11
12.299697962036	NaN	-1.03637158151459	-0.583253362610739	-1.16827463515679	-0.689148057056525	2	2	2	2	12
21.903920373197	NaN	-0.990186751746101	-0.536873261331872	-1.30531482095658	0.177182636167628	2	2	2	2	12
34.8684327675632	NaN	-0.279027440698514	0.0974852339809663	-0.60897411376569	0.890290178181151	2	2	2	2	12
48.6231929093889	NaN	0.557099696793185	0.900217698930025	0.304412596600952	0.871656687102207	2	2	2	2	12
61.8655606355416	NaN	0.883295825096042	1.34034662412729	0.626401840332087	0.136398827887975	2	2	2	2	12
71.646051739952	NaN	0.451869495432606	1.12674318307676	0.0719992130976869	-0.718995781130447	2	2	2	2	12
11.3383159829573	NaN	-0.367877363341874	-0.580461408732214	-0.0960107618135878	-0.486175990290291	2	1	2	1	13
23.4679732638461	NaN	-0.46641940973743	0.0573777055536315	-0.72628726846469	0.0951414128043773	2	1	2	1	13
35.2195058175981	NaN	-0.000458799348909911	0.504961035086803	-1.02736051912343	0.865059262381315	2	1	2	1	13
48.1807973339579	NaN	0.757598554763403	0.576199935786823	-0.856384610034007	1.3646565413674	2	1	2	1	13
61.8631128458913	NaN	1.36458363552992	0.241475899629995	-0.294480026662701	1.29614084044877	2	1	2	1	13
71.0845729989357	NaN	1.46564600827053	-0.360045161877246	0.391754428670504	0.70035196502588	2	1	2	1	13
11.4784694498258	NaN	-1.20759520791651	-0.788384652388836	0.0522867786489216	-0.269229961982115	2	2	2	1	14
24.2915560384701	NaN	-0.745829251026845	-1.17806791275775	0.627240293749973	0.460491835303452	2	2	2	1	14
36.7970403626784	NaN	0.00825253138176391	-1.26600624081694	1.13363045950294	1.1765243405408	2	2	2	1	14
45.9412570616046	NaN	0.617568638423622	-1.02278757814607	1.40283514866257	1.43606041426879	2	2	2	1	14
57.6569586613763	NaN	0.72894676864221	-0.52975940625033	1.34521228201706	1.07859836759221	2	2	2	1	14
72.827152385668	NaN	0.277829838896905	0.048178921940659	0.979949614402248	0.325199039505099	2	2	2	1	14
14.405765839578	NaN	-0.868005758394798	-0.744677419185076	-0.890017518202066	-1.4257566610182	2	2	2	1	15
23.7925855859572	NaN	-0.158490558671199	-0.379629638881589	-0.0842101644201149	-1.42639770276434	2	2	2	1	15
35.9041063293128	NaN	0.472791453992056	0.182063332625198	0.699066005375828	-1.06375786777033	2	2	2	1	15
47.7691969004048	NaN	0.69153006242844	0.745696574422396	0.843814921661194	-0.476307929000415	2	2	2	1	15
59.1626135126271	NaN	0.381887098874287	1.1158925914461	0.236200919650014	0.11163961599363	2	2	2	1	15
71.4651969490028	NaN	-0.292158732520161	1.16432685433018	-0.645926869712631	0.475582263180224	2	2	2	1	15
11.2986094261392	NaN	-0.503900299566272	-0.399326790740998	-0.906424836699501	-0.690373021693531	2	1	1	2	16
23.895095262712	NaN	0.221614880746497	-0.990979337107186	-0.165575932806512	-1.03377499042644	2	1	1	2	16
35.9076292920961	NaN	0.9942240924396	-0.968466489024907	0.577458516982988	-0.737825678830292	2	1	1	2	16
48.1908042055835	NaN	1.28924867840816	-0.346751197221361	0.832959238201605	0.00816015763867627	2	1	1	2	16
58.4225334089883	NaN	0.906337541051766	0.460949372549727	0.432530771047275	0.726985510333065	2	1	1	2	16
72.3343753485119	NaN	0.105525505606818	0.917804705390969	-0.359912420666835	0.958827563220171	2	1	1	2	16
