age	diseaseAge	x1	x2	x3	x4	z1	z2	z3	z4	id
12.9458523704837	-35.0122621648303	-1.17036465201395	-0.463014006636287	-0.501994784148386	-0.690520122377784	1	2	1	1	1
22.9114390838824	-25.0466754514316	-0.466117405133043	0.252681743909512	0.243586079439666	-0.141806211724317	1	2	1	1	1
35.9403497835354	-12.0177647517786	0.385215529605753	1.09012774607422	0.591729658082347	0.461808218381744	1	2	1	1	1
47.958114535314	0	0.720405104611487	1.40862644268065	0.329589180857381	0.894398027205943	1	2	1	1	1
59.7531858855303	11.7950713502163	0.278322619792606	0.96450679541421	-0.382568848619422	0.99405039662409	1	2	1	1	1
72.232479261368	24.274364726054	-0.596628538820691	0.0975475749210071	-1.10934781165562	0.723466722655892	1	2	1	1	1
10.3903462979623	-37.2177061217897	-0.688419361803242	-0.563908935819476	-0.489034537472066	-0.794580638867614	1	2	1	1	2
23.5080347192939	-24.1000177004581	-0.0215378695007563	-0.108325539265507	0.402302960533959	-0.240880265442223	1	2	1	1	2
35.5654855711496	-12.0425668486023	0.86662172228434	0.798742399269353	1.04792091227337	0.518416906106779	1	2	1	1	2
47.608052419752	0	1.24762196204453	1.40333773940785	0.921070481642863	1.04527456861755	1	2	1	1	2
60.6675035986735	13.0594511789215	0.808979771015955	1.20291932147396	0.125246803054051	1.03575008469644	1	2	1	1	2
70.2862270567573	22.6781746370053	-0.089545858485244	0.364075435985874	-0.690250959319095	0.495338101130975	1	2	1	1	2
13.9160982299826	-32.982926618029	-0.908249735477021	0.160057638546547	-1.45274316694545	-0.118634966994668	2	1	1	1	3
24.5860877777016	-22.3129370703101	-0.608415795945418	0.726748967950589	-1.28573789317616	-0.768007829468218	2	1	1	1	3
35.7913672959311	-11.1076575520805	-0.103510557536457	1.2149605842375	-0.824185397058089	-1.00596117625296	2	1	1	1	3
46.8990248480116	0	0.449523075487492	1.46764383840271	-0.231319991567286	-0.703841023773648	2	1	1	1	3
60.9576716453298	14.0586467973182	0.878782144078008	1.40351520017191	0.283183415313971	-0.0249943543695827	2	1	1	1	3
70.8135335181102	23.9145086700986	1.05083732371898	1.0432036666043	0.537363701389503	0.663547523361447	2	1	1	1	3
12.1811177512564	-35.6493271783112	-0.396651049540784	-0.914377705873621	-0.483269142826068	-0.118025627146451	2	1	1	2	4
24.7334947375788	-23.0969501919888	-1.16605989317426	-1.2373657609327	-1.05655311776213	-0.836849770930709	2	1	1	2	4
34.05570370141	-13.7747412281576	-1.14937018700348	-0.888629694724878	-1.3716176260187	-1.03838184332176	2	1	1	2	4
47.8304449295676	0	-0.361305513375739	-0.10245867090289	-1.30568532349551	-0.589735017714051	2	1	1	2	4
61.3832041157422	13.5527591861746	0.502907081862416	0.592978963444387	-0.884449339002944	0.213260606919504	2	1	1	2	4
71.3856791146109	23.5552341850433	0.680863205166744	0.730471705085854	-0.272060930648865	0.841123350220679	2	1	1	2	4
13.3358438145504	-35.1648466306686	-0.239999320573976	-0.727225130803226	-0.748346648798629	-1.19883594147132	2	2	1	2	5
22.8667257694957	-25.6339646757233	0.59793014125324	-0.933003478549275	-1.21255768601409	-0.915675786528829	2	2	1	2	5
36.2420129113419	-12.258677533877	1.34017340682175	-0.832885751833137	-1.3829495116035	-0.470619806946789	2	2	1	2	5
48.500690445219	0	1.40088255649345	-0.457649292106938	-1.19917004393155	0.0262706357398947	2	2	1	2	5
61.2533708288633	12.7526803836443	0.732140242024135	0.0773538942955736	-0.726313212225563	0.452115631666538	2	2	1	2	5
72.1599679799122	23.6592775346932	-0.138219453233835	0.607657670497643	-0.131862955402314	0.701604653158557	2	2	1	2	5
10.21785747422	-38.4115269884083	0.0601766713292931	-0.641078779443274	-0.888672461851621	-0.454932597170367	2	2	2	2	6
24.3496990467469	-24.2796854158814	-0.576268316668526	0.179449122833521	-0.225849921943998	-0.873390680344462	2	2	2	2	6
35.9709695438786	-12.6584149187498	-0.858435491824928	0.870450305843949	0.661824995196506	-0.941425869097318	2	2	2	2	6
48.6293844626284	0	-0.646785613163429	0.934519653633351	1.04895368961029	-0.632866343196823	2	2	2	2	6
60.3969634818867	11.7675790192584	-0.0459852259858374	0.325537966770709	0.619178666555271	-0.0664089798150105	2	2	2	2	6
70.5886273708009	21.9592429081725	0.646853753842118	-0.518129938567379	-0.276292448291799	0.54004103763722	2	2	2	2	6
12.2301629225112	-35.5501192403268	0.203125463261052	-0.616717264764236	-1.06821156938727	-0.720546950686987	2	2	2	2	7
21.9460830804567	-25.8341990823812	-0.471254619530106	-1.22459348617178	-0.419156217134876	0.17816015466867	2	2	2	2	7
34.4952807135041	-13.2850014493339	-0.290755522822428	-1.4928977011462	0.483062183689598	0.780015737801218	2	2	2	2	7
47.780282162838	0	0.583065200836763	-1.29684190824864	0.882878049323513	0.594447861097267	2	2	2	2	7
59.1130508917397	11.3327687289017	1.36808542422075	-0.727611445616741	0.445464349372457	-0.227287268165615	2	2	2	2	7
73.8938842680814	26.1136021052434	1.36166481115395	-0.0499547883973297	-0.462865463403927	-1.01539409459967	2	2	2	2	7
13.1048571264074	-33.7683984743004	-0.454145259363298	0.110633022877947	-1.0713726564438	-0.365364048791517	2	1	1	2	8
22.583872314808	-24.2893832858997	-0.795040378774972	-0.573599220173977	-1.35342780514076	-0.529605070030141	2	1	1	2	8
35.8165650300626	-11.0566905706452	-0.721197270115423	-0.72266719272545	-1.27402343939775	-0.251985857181529	2	1	1	2	8
46.8732556007078	0	-0.263986852327536	-0.239870540020887	-0.862313343306679	0.344321935659311	2	1	1	2	8
59.3550698458718	12.481814245164	0.382353237297498	0.561600675767107	-0.269459321858836	0.994753704190294	2	1	1	2	8
72.1426313335929	25.2693757328852	0.943237016001989	1.16183228684956	0.286868752797268	1.41073159393277	2	1	1	2	8
12.5781000858302	NaN	-0.980468419384345	-0.546620360401342	-0.773139342348533	-0.255215246168671	2	1	1	2	9
24.6393439361374	NaN	-1.22997479654093	-0.919901181214213	-0.219650383610121	0.674382241115678	2	1	1	2	9
34.4307802350166	NaN	-1.24010786284179	-1.05969593559218	0.544850449238025	1.33865225375281	2	1	1	2	9
48.3264293055537	NaN	-1.00834928080659	-0.928058592691154	1.07330186698731	1.14160076595898	2	1	1	2	9
58.9351796104242	NaN	-0.592297244920363	-0.560720927256063	1.05667847430498	0.260025626895974	2	1	1	2	9
71.2939335930768	NaN	-0.0953517927067529	-0.0573934502057334	0.504701222489288	-0.515109389420341	2	1	1	2	9
11.0089865382143	NaN	-0.522145065156333	-0.430747170554298	-0.796765620138454	-0.554546112555435	1	1	1	1	10
23.8950256536181	NaN	0.210432658182834	0.25476209783376	-0.227329060192502	-0.696719611808091	1	1	1	1	10
35.7117875344018	NaN	0.756743567001809	0.773754178824587	0.55136491937917	-0.561997474938302	1	1	1	1	10
49.1401970015338	NaN	0.823471933732119	0.882305958649422	1.06601028359116	-0.187684678308195	1	1	1	1	10
60.3114499317378	NaN	0.374791127199093	0.52939876263126	1.00379511511906	0.322570407036687	1	1	1	1	10
72.0825977221153	NaN	-0.348400977248686	-0.119103178778044	0.402535058462475	0.827476569869164	1	1	1	1	10
12.370801461767	NaN	-0.441153360867751	0.0453831851456564	-0.348000157352598	-0.0219421019544563	2	1	2	2	11
23.1335762751251	NaN	0.0574288499143144	-0.361947568880357	0.327358514772552	-0.693899239364777	2	1	2	2	11
34.1840071395814	NaN	0.463621338374898	-0.581335700588754	0.882562650436981	-0.545534653967992	2	1	2	2	11
48.4199790710031	NaN	0.674955296559674	-0.558498578797736	1.06271691673935	0.294784650215782	2	1	2	2	11
60.271200018073	NaN	0.638118220198726	-0.299086732776057	0.785112128475571	1.10000328318322	2	1	2	2	11
71.49547784577	NaN	0.362402874201453	0.132714243423723	0.177197201051916	1.17343542049198	2	1	2	2	11
12.1492883253141	NaN	-0.674042567246813	-0.404497312147344	-0.369292149994499	0.0848929632227702	1	1	2	1	12
23.7688407154327	NaN	0.0270385178453824	-0.599040727603522	0.536177226708132	-0.554142329253049	1	1	2	1	12
36.078229089	NaN	0.576450009059946	-0.512657850437769	0.925942518522475	-0.696549089971009	1	1	2	1	12
49.2785047251391	NaN	0.703587959438953	-0.169752203187092	0.470175137236703	-0.257693949197333	1	1	2	1	12
60.9890805981987	NaN	0.345832580843928	0.332803940784749	-0.445443803208201	0.501608303086007	1	1	2	1	12
73.2185504649364	NaN	-0.320609369055707	0.853036377932814	-1.04609594722915	1.13009883665774	1	1	2	1	12
12.3248669600899	NaN	-0.451870476084661	0.00772472014476655	-0.624938738353271	-0.652638560283012	1	2	1	2	13
25.531988883983	NaN	-0.723275624144064	0.858356707643492	-0.820418197782723	-0.845663176426386	1	2	1	2	13
35.4301188868999	NaN	-0.175856426868967	1.37088048011472	-0.468579029406975	-0.674260273392449	1	2	1	2	13
46.2406724302143	NaN	0.735518733139151	1.17368380278091	0.236759631900778	-0.200904807435407	1	2	1	2	13
59.8954695957223	NaN	1.25355864826535	0.409746771182571	0.907044886364216	0.401869025670353	1	2	1	2	13
71.4825438888419	NaN	0.947807135223746	-0.367027824624786	1.17303385310084	0.914355093835537	1	2	1	2	13
11.3642286473852	NaN	-0.614060722143597	-1.28163388527848	-0.00930671098966862	-1.03761978741077	1	1	2	2	14
23.1947948063275	NaN	0.305117675455392	-1.22456633198106	0.508794931721406	-1.40444555598142	1	1	2	2	14
36.5448790860238	NaN	0.938611778820725	-0.833054485990676	0.962832418854227	-0.882296631745558	1	1	2	2	14
49.2036219187838	NaN	0.739661796027853	-0.249315763319522	1.23087387577721	0.0626182722109715	1	1	2	2	14
60.4621556525806	NaN	-0.12002135940823	0.314605644739681	1.24093670579336	0.586617323173705	1	1	2	2	14
72.4065826895825	NaN	-0.898457326991251	0.653864223780435	0.990318533520161	0.221839893899091	1	1	2	2	14
11.9768390905293	NaN	-0.470504761311203	-0.688932531655904	-0.758166034219589	-0.0421999012060828	2	2	1	2	15
25.9397804070666	NaN	0.416719309112498	0.183987850373886	0.183073511720588	0.806141015003047	2	2	1	2	15
37.3169023038991	NaN	0.683092692009506	0.588510162084132	0.709025196605132	1.01784423366827	2	2	1	2	15
47.1272725970304	NaN	0.0972147982497556	0.206387292897867	0.353729575211649	0.415352834207575	2	2	1	2	15
60.8763169062274	NaN	-0.831957777856027	-0.661755808984236	-0.568044229378157	-0.496019573884258	2	2	1	2	15
73.0827330631787	NaN	-1.29724573342113	-1.33293077495223	-1.23966377173065	-0.951898791176232	2	2	1	2	15
11.637076329167	NaN	-1.43129098499407	-0.313196638395367	-1.21518852611454	-0.324862000197465	1	2	2	2	16
21.6892548238695	NaN	-1.07900073123007	0.504393029036613	-0.455833089832001	-0.743026893858932	1	2	2	2	16
37.1074368356916	NaN	-0.279133364622902	0.976665037308244	0.293074446377066	-0.344047946695773	1	2	2	2	16
46.5571574761008	NaN	0.415556548897846	0.783971532066676	0.517219153732749	0.546028579603457	1	2	2	2	16
62.5553268835219	NaN	0.524998140542221	0.0567332547901349	0.0626688528587014	1.19983066182792	1	2	2	2	16
70.7053995648427	NaN	-0.0264390529509975	-0.712833125179825	-0.758412411529602	1.08307014690796	1	2	2	2	16
