age	diseaseAge	x1	x2	x3	x4	z1	z2	z3	z4	id
10.3536714493458	-38.6439058669075	-0.453157161070489	-0.625712263376033	-0.829806437671456	-0.200964259613132	2	1	1	1	1
24.2445945963312	-24.7529827199222	0.436671588278617	-1.12149179678352	-0.0245544141976561	0.270521489791117	2	1	1	1	1
35.5644981749507	-13.4330791413027	0.783918389778334	-1.3152344622454	0.728477787588315	0.789543360804446	2	1	1	1	1
48.9975773162534	0	0.298332844448239	-1.13435568014071	0.863748634322853	1.21520870154847	2	1	1	1	1
62.1959894839374	13.1984121676841	-0.614202552430279	-0.646620649890651	0.279667142379752	1.43196723944403	2	1	1	1	1
72.8971821619376	23.8996048456842	-1.19093415738569	-0.0347565062371547	-0.585110357503237	1.38097812995837	2	1	1	1	1
12.4899631336341	-35.8899331555709	-0.909385988730494	-0.451674256852084	-0.284398265749868	-0.183638850430847	1	2	2	2	2
24.3224129311535	-24.0574833580516	-1.41728504695468	0.237006209360827	-0.779299669906104	-0.68926592778852	1	2	2	2	2
36.9047483889808	-11.4751479002243	-1.26100670117534	1.02469083098698	-0.515076760250282	-0.738935548661047	1	2	2	2	2
48.379896289205	0	-0.547300963501141	1.38441319150729	0.305505922608553	-0.307705572968924	1	2	2	2	2
61.0040802436793	12.6241839544742	0.236316792400454	1.07551656352008	1.05273360133204	0.3878771790937	1	2	2	2	2
72.3705860165804	23.9906897273754	0.554575960010634	0.304654910624639	1.15318409536782	0.998518266899634	1	2	2	2	2
11.8336621573232	-35.0011607366159	-0.717700545536978	-0.786135024876373	-0.70229858077795	-1.09115082676982	1	1	2	1	3
24.5645853920201	-22.270237501919	-0.299156215077531	-0.780807562240782	-0.79141347155647	-0.736409528647065	1	1	2	1	3
35.5729386545066	-11.2618842394325	0.255416295411897	-0.114252157486201	-0.219022261364051	-0.158056628441904	1	1	2	1	3
46.8348228939391	0	0.770970088217905	0.724320641681384	0.615452136081594	0.427687756634795	1	1	2	1	3
59.9673837542787	13.1325608603395	1.08477424839589	1.11945013170177	1.12970134616632	0.801840165875969	1	1	2	1	3
71.0323174205898	24.1974945266506	1.09777870820947	0.781135642189825	0.964874788707335	0.824521854397382	1	1	2	1	3
11.1707056184413	-38.7003143613334	-1.26096622301491	-0.659901383801662	0.264809865652629	-0.76565778572579	2	2	2	2	4
23.9792828030063	-25.8917371767684	-0.889394391271311	-0.581458604599687	-0.386834621281845	0.0911031253598504	2	2	2	2	4
35.3806737751144	-14.4903462046603	-0.319274219865459	-0.0664826701137667	-0.71760725901439	0.515582928874016	2	2	2	2	4
49.8710199797747	0	0.24730620402449	0.632913697757625	-0.566629267629564	0.187883994235032	2	2	2	2	4
60.2422769023125	10.3712569225378	0.609513512559311	1.17433251459997	-0.00733221998834466	-0.645032311096773	2	2	2	2	4
72.6289004549339	22.7578804751592	0.638957612185122	1.29271562437062	0.688257070410919	-1.35546132286499	2	2	2	2	4
13.0788824085287	-37.0705926388438	-0.351093028277344	-1.19072518496362	-0.655256346844799	-1.4022347986423	2	1	1	1	5
24.9090518678358	-25.2404231795367	0.459945644579384	-1.38850093655581	-0.760606868720844	-1.22907834639953	2	1	1	1	5
36.0116659111059	-14.1378091362666	1.04118343003759	-0.980524188584813	-0.155795073157806	-0.536900082163841	2	1	1	1	5
50.1494750473725	0	1.00876891126814	-0.216602745114746	0.705829070263992	0.229663395757192	2	1	1	1	5
61.0107199771989	10.8612449298264	0.384108747071914	0.435507475852154	1.17841625424672	0.578192439390373	2	1	1	1	5
72.0265225037568	21.8770474563843	-0.420269358636544	0.576513565791886	0.907728371904304	0.284801416407201	2	1	1	1	5
13.7082279522076	-36.950783876705	-0.566055744291526	-1.45623602453783	-0.371816341285221	-1.04080828412912	2	1	1	1	6
22.6240845490376	-28.0349272798751	-0.988861370829769	-1.34492094032257	0.27373558054171	-0.925520459132725	2	1	1	1	6
34.8796941802935	-15.7793176486191	-0.538838799654358	-0.71433107374251	1.0362216408761	-0.375968690042026	2	1	1	1	6
50.6590118289127	0	0.391166273367581	0.0529710766821476	1.45295507450401	0.331962747936468	2	1	1	1	6
58.6211503721594	7.96213854324678	0.989309035392532	0.491483219615241	1.27105644612502	0.842880309285195	2	1	1	1	6
71.4973958178295	20.8383839889168	0.733442766175242	0.335171424093446	0.600904282429346	0.900294743981006	2	1	1	1	6
11.8173832120368	-36.8548238446399	-0.376987118392512	-0.157124371913397	-1.07444012178067	-0.524347878679269	2	1	2	1	7
24.2865175489157	-24.385689507761	0.260106898120294	0.365938995919679	-1.10077325142756	-0.135901878008958	2	1	2	1	7
38.2216073309282	-10.4505997257486	0.948512324617394	0.905975615254287	-0.790766804332534	0.379000046177717	2	1	2	1	7
48.6722070566767	0	1.33826630003311	1.29721075154688	-0.252159135699756	0.877766899507326	2	1	2	1	7
60.1751237266436	11.5029166699669	1.23123061816203	1.4195471770522	0.327864278611743	1.2222759478512	2	1	2	1	7
71.374380884247	22.7021738275703	0.681818727855538	1.23543134866396	0.747724506217133	1.31712283269661	2	1	2	1	7
10.8488505205453	-37.0022870730721	-0.113065533422177	-1.13763430712311	0.486167999336871	0.0555716779423889	2	1	2	2	8
25.6903052842607	-22.1608323093567	0.637023817106967	-0.543346632329206	1.18156695495641	-0.415363093246336	2	1	2	2	8
35.6313674407871	-12.2197701528303	1.1001294518074	0.111279943615707	1.49821070215307	-0.644945296993249	2	1	2	2	8
47.8511375936174	0	1.01080203701814	0.533517216457073	1.26018109068651	-0.560397732469727	2	1	2	2	8
60.691324711883	12.8401871182657	0.420243503695617	0.534554094207396	0.599720520169369	-0.188521845878814	2	1	2	2	8
72.0693383984518	24.2182008048345	-0.333041588051161	0.113926918083123	-0.1162381300957	0.352798286226307	2	1	2	2	8
11.9620154533423	NaN	-1.09440572262023	-0.130970759889758	-0.20181046401239	0.153453503172239	2	2	2	2	9
24.1790977010441	NaN	-1.15649612560235	0.505003070360998	0.30803986218011	-0.488976880168902	2	2	2	2	9
35.1326029390625	NaN	-0.637833921493033	1.07098303388527	0.805361788286917	-0.360055562386434	2	2	2	2	9
46.9848265262213	NaN	0.143986281852524	1.33221852442341	1.15452031668432	0.435295914134461	2	2	2	2	9
58.2509040638708	NaN	0.71022923261236	1.18035731445396	1.26028916901333	1.24978736426156	2	2	2	2	9
72.5736098191372	NaN	0.714165004309248	0.678386635690326	1.09382192350723	1.42055169450865	2	2	2	2	9
11.2395274301098	NaN	-0.537032644603126	-0.578213623498623	-0.618187992999435	-0.834498548860015	2	2	1	2	10
23.1710387359895	NaN	0.141281427918147	0.188307096879409	-0.308137755959375	-0.0163908301397774	2	2	1	2	10
36.8001012094245	NaN	0.620486008702196	0.782680889833508	0.447066590945731	0.512352723189306	2	2	1	2	10
47.0289572442507	NaN	0.678071027174993	0.852077260432419	1.16006570536559	0.397618739373672	2	2	1	2	10
61.3328111731891	NaN	0.287297910630445	0.355301330848246	1.37073673323555	-0.283752435055994	2	2	1	2	10
71.739027010219	NaN	-0.370384838084308	-0.412752172430532	0.943126413672351	-1.07542872290687	2	2	1	2	10
11.5234214235031	NaN	-1.18410000467955	-0.824675242828006	-0.492215991388878	-0.628474470146582	1	1	2	2	11
23.5674440667825	NaN	-1.26722861563772	0.0394681918684077	-1.02573344053464	-0.477006392635389	1	1	2	2	11
35.685614150768	NaN	-0.665063066887651	0.639689830272197	-1.38378988997912	0.263980685781349	1	1	2	2	11
47.2840909844725	NaN	0.184205079198154	0.524076835888475	-1.45404090618731	1.05841211214037	1	1	2	2	11
60.2359079311186	NaN	0.66256946775763	-0.220324618861252	-1.21444440436109	1.33154837533106	1	1	2	2	11
71.9202681325799	NaN	0.421927755105803	-1.03304728091111	-0.740176612484623	0.885786262333164	1	1	2	2	11
12.3185068940888	NaN	-0.834032418064129	-0.591877712601722	-0.971960816063765	0.0621899565134584	2	2	2	2	12
22.8778489519474	NaN	-0.8538303128309	0.226144363720916	-1.24508096752484	0.738544259374068	2	2	2	2	12
36.6454093323013	NaN	-0.523986548011879	0.869771057949045	-1.18458920049561	1.26682300160326	2	2	2	2	12
46.7490862593014	NaN	0.0357302729302436	0.895254634306825	-0.811043349425774	1.40530448944917	2	2	2	2	12
61.5526632197515	NaN	0.622083014330351	0.285025468337027	-0.251391165105212	1.09062448521006	2	2	2	2	12
69.8752856893552	NaN	1.02216284945181	-0.540194594313127	0.304172264444982	0.46676944439527	2	2	2	2	12
11.5817673467561	NaN	-1.25755730072647	-1.26210266727757	-0.8416295370716	-1.30701585450293	2	2	2	2	13
24.9197518514689	NaN	-1.10818322773358	-1.40338273054071	-0.593633881091148	-1.20695784916472	2	2	2	2	13
35.7948392016829	NaN	-0.346569275206732	-0.993217397455397	-0.063828746849302	-0.829851935478395	2	2	2	2	13
47.5852564549711	NaN	0.453605404662576	-0.26214442151284	0.547826626138023	-0.292453295334482	2	2	2	2	13
59.4758043705546	NaN	0.689616123822702	0.378928916936968	1.0104810525508	0.238854904892371	2	2	2	2	13
72.5436720306109	NaN	0.183689840135065	0.569680583465556	1.14951933656507	0.599575150562225	2	2	2	2	13
12.9805141984942	NaN	-0.231267385740393	-0.414189538614357	-0.381973481204164	-0.815885538940335	2	1	1	2	14
24.9196692153013	NaN	-0.710103097168376	0.158688092802189	-0.91951420439106	-0.518760227219632	2	1	1	2	14
37.5836500413246	NaN	-0.884420088191884	0.747312321891081	-0.628508034821218	-0.0131833052580512	2	1	1	2	14
47.5711051610594	NaN	-0.689916964655967	1.13237416333424	0.247119528534362	0.542388798822097	2	1	1	2	14
61.059872476361	NaN	-0.198341305138122	1.17040768834664	0.973405042151472	0.973830314336162	2	1	1	2	14
70.3316380738853	NaN	0.40897631521781	0.847242406883302	0.941565686867426	1.14592011365279	2	1	1	2	14
12.4963789302669	NaN	-1.1796896325943	-0.397952481084055	-1.15431058134746	-1.11131835999044	1	1	2	1	15
25.9089858146686	NaN	-1.01838088061367	-0.632714163531452	-1.18824070549284	-1.40752844246702	1	1	2	1	15
35.0078207765278	NaN	-0.463787464315764	-0.339127978064336	-0.893672569219336	-1.12771314850377	1	1	2	1	15
46.7783830451112	NaN	0.221997729262967	0.327544036107668	-0.370141986989767	-0.433064171679287	1	1	2	1	15
61.9312879134416	NaN	0.714882462476228	1.01473468908207	0.205447851469888	0.276255782705213	1	1	2	1	15
70.4158365572002	NaN	0.781936486049912	1.35902557976197	0.638602714392435	0.591632578099515	1	1	2	1	15
12.0892633015978	NaN	-1.34796469641576	-0.515580868139443	-1.23270131979564	-0.718506463608276	2	1	1	1	16
23.8214654045951	NaN	-0.818377741788329	0.161564751341176	-1.21235021347426	-1.0695256823854	2	1	1	1	16
37.2749371735365	NaN	-0.045953502797131	0.502039329266901	-0.46939219977062	-1.10096917119465	2	1	1	1	16
48.4583604935089	NaN	0.508219590046432	0.329930311698934	0.386946382993207	-0.802140349762472	2	1	1	1	16
61.5029454416936	NaN	0.513335240522804	-0.265838960828082	0.654467012803243	-0.274696082436609	2	1	1	1	16
73.5426695632977	NaN	-0.0336602712412764	-0.977453159114002	0.113802497007068	0.30193538795962	2	1	1	1	16
