age	diseaseAge	x1	x2	x3	x4	z1	z2	z3	z4	id
12.0055689987896	-36.7026151901355	-0.254204192971034	-0.155946815144698	-0.0887769198842141	-0.311886298096118	2	1	1	1	1
23.0497070198773	-25.6584771690479	0.431589877895532	0.582909604594878	0.660528915001596	0.363090690840745	2	1	1	1	1
38.0869822686809	-10.6212019202443	1.02294083448302	1.19089979773481	1.17700384727743	1.11720094485189	2	1	1	1	1
48.7081841889251	0	1.23472023239519	1.32896095634981	1.17014640364506	1.48799989295396	2	1	1	1	1
61.142661120869	12.4344769319439	0.964815561946864	0.920099397591705	0.64381368800979	1.24810173901956	2	1	1	1	1
71.4767548265001	22.7685706375749	0.343365276391452	0.192328253463957	-0.105948122395077	0.544619717865231	2	1	1	1	1
11.6730103389449	-25.3967608867665	-0.572654479585408	-1.11917432064717	-1.03698620163452	0.131070832821229	1	1	2	1	2
24.2904748801184	-12.779296345593	-0.64096252673193	-0.351386228747419	-0.982749828728788	-0.358889330643306	1	1	2	1	2
37.0697712257114	0	-0.114295438230207	0.39326000792399	-0.682751343057944	-0.668030763740811	1	1	2	1	2
47.6578356514467	10.5880644257354	0.677162150756063	0.599218615602043	-0.215927755747541	-0.707881043497312	1	1	2	1	2
59.8995021572111	22.8297309314997	1.23721987448673	0.123896931449177	0.294888117487406	-0.467035516803315	1	1	2	1	2
73.5066475337847	36.4368763080734	1.21475942840493	-0.703622490462681	0.715288003956832	-0.0144211699109046	1	1	2	1	2
13.4992524536972	-31.9876575952928	-1.26585817589519	-0.605590305077024	-0.451587134008957	-1.2088237652695	2	2	2	2	3
25.0764558734759	-20.4104541755141	-1.28409559400205	-0.890572249540939	0.39854213970419	-0.397344472955789	2	2	2	2	3
36.7981694530874	-8.68874059590263	-1.0554030921673	-0.878063011049661	0.632373598763419	0.347048695116474	2	2	2	2	3
45.48691004899	0	-0.637619459490485	-0.571911864832546	0.0561087627869117	0.465254523079218	2	2	2	2	3
60.6722888974141	15.1853788484241	-0.136406662261553	-0.066325986202011	-0.852646617660191	-0.131509402678109	2	2	2	2	3
72.2001940215747	26.7132839725847	0.321473201766694	0.4831184720424	-1.3407200974415	-0.995023712623715	2	2	2	2	3
12.1834684645468	-34.5892986628076	-0.672840137990177	-0.805160742933304	-0.958571306282111	-0.799456188400985	1	1	1	2	4
26.6900335029116	-20.0827336244427	-0.245141302883378	-0.709617195488166	-1.16792156826612	-1.02223850892823	1	1	1	2	4
36.3595293067174	-10.413237820637	0.52784056180397	-0.301321674534809	-0.879361392657006	-0.904891692194602	1	1	1	2	4
46.7727671273544	0	1.16763333897426	0.277047785028262	-0.236826688328654	-0.487507499202102	1	1	1	2	4
59.9371687167384	13.164401589384	1.27820832655664	0.823381158229218	0.43918157310947	0.0873139742200611	1	1	1	2	4
72.3622810708359	25.5895139434815	0.791120130391735	1.14676336496683	0.81146556693688	0.623183888794118	1	1	1	2	4
11.7595610176681	-36.8377632190314	-1.45262275251899	-0.758845131521915	-0.552428669412087	-0.905048409831735	2	1	1	1	5
24.9875136754343	-23.6098105612652	-1.40545090355625	0.0732181111581742	-0.947807729162209	-1.05942631641021	2	1	1	1	5
36.1987925514258	-12.3985316852737	-1.1325913177128	0.70067069035249	-0.968203881988498	-0.704817498473892	2	1	1	1	5
48.5973242366995	0	-0.699453057387866	0.680540667596042	-0.605463589490368	-0.023764286328336	2	1	1	1	5
59.2373434225447	10.6400191858452	-0.209866696865694	0.0270395315294805	-0.0045954191909965	0.633146887543926	2	1	1	1	5
73.4336169762407	24.8362927395412	0.218805624252798	-0.798470896043558	0.594198383812084	0.927757211469063	2	1	1	1	5
11.3055476330808	-37.9766403427425	-1.23681576335507	-0.277975163822426	-0.313791844896394	-1.02683127089958	1	2	2	1	6
21.9763048532269	-27.3058831225964	-1.32000839607456	-0.629781572138005	-0.49987822674474	-0.477792177579656	1	2	2	1	6
36.1237607934112	-13.1584271824121	-0.805920568866918	-0.565379371619547	-0.369126609664797	0.418505294780359	1	2	2	1	6
49.2821879758233	0	-0.0160750923339126	-0.1123282774262	0.0369815347293294	0.941789876876737	1	2	2	1	6
60.2709662034738	10.9887782276505	0.555539800160965	0.535496982435961	0.58960677913142	0.671546213287127	1	2	2	1	6
71.8229838501331	22.5407958743098	0.551422496850229	1.10087172478884	1.11342656233072	-0.175055891768838	1	2	2	1	6
13.2393656169955	-35.0364249850032	-1.28144012038438	-0.858807041670054	-0.60131917600808	-0.485563384607069	2	1	1	2	7
23.3480596173359	-24.9277309846628	-0.733482739145239	-0.26414924074135	-0.522403387892732	0.232478872778304	2	1	1	2	7
35.5371671363391	-12.7386234656596	0.212041818103036	0.439666642472702	0.0532228099046853	0.899838180179249	2	1	1	2	7
48.2757906019987	0	0.70893146404102	0.896432605510172	0.801522537839147	1.14079394333603	2	1	1	2	7
59.0935910872401	10.8178004852414	0.312492242983621	0.874974991784661	1.30125591883055	0.819689040935452	2	1	1	2	7
71.1579654491077	22.882174847109	-0.6224805160823	0.386153706429114	1.27110836712766	0.117304235921431	2	1	1	2	7
12.7113341288835	-36.1014114108969	-0.704218099437903	-0.632696292042673	0.0093353642469145	-0.192637937300892	2	1	1	1	8
25.6972094722863	-23.1155360674941	-0.0950075839507669	-1.16815897097043	-0.566259856647385	-0.769348253682573	2	1	1	1	8
34.4053476722909	-14.4073978674896	0.763927760526774	-1.44568333350926	-0.43947049369085	-0.784114977198973	2	1	1	1	8
48.8127455397805	0	1.23182533358275	-1.36414353331618	0.296653110762412	-0.227841699898057	2	1	1	1	8
61.0108072227387	12.1980616829583	0.959635270677975	-0.953251489120536	1.10187199807992	0.556803236287411	2	1	1	1	8
72.5747656521061	23.7620201123257	0.150410355278073	-0.362730293139345	1.38523838378095	1.08647290411834	2	1	1	1	8
12.4533708765148	NaN	-0.771072674636317	-0.754046287540494	-0.477854132728759	-1.16017391759862	2	2	2	2	9
24.0098537616583	NaN	-0.445294161353401	-0.287890069493069	0.351120600558246	-1.16288302277693	2	2	2	2	9
36.3439976122679	NaN	0.35410066569409	0.20456826394125	0.966023524580143	-0.514596172945166	2	2	2	2	9
47.1839469392099	NaN	1.06509610244337	0.601349981880729	0.938316941487348	0.319495944403743	2	2	2	2	9
60.2231591652483	NaN	1.18782576566311	0.804174829722289	0.287310102984512	0.740874501373374	2	2	2	2	9
70.1748967431268	NaN	0.636004385859393	0.762804409917737	-0.533297779300601	0.447171216604402	2	2	2	2	9
12.6989286153939	NaN	-1.10565004273296	0.416786571133063	-0.367657544104246	-0.861360565167664	2	1	1	1	10
23.0732749659207	NaN	-1.24823359210668	-0.270941697279214	-0.737320787105801	-0.926044627074493	2	1	1	1	10
35.5083413130556	NaN	-0.910239922378105	-0.535380117560672	-0.594612616581097	-0.180287601007073	2	1	1	1	10
47.9322880329083	NaN	-0.255947909292603	-0.224239135890243	-0.0137163276107058	0.713380897446542	2	1	1	1	10
59.2005085999665	NaN	0.396629519851011	0.483295782837804	0.703403583606888	0.961026884364225	2	1	1	1	10
73.2157234729917	NaN	0.730312796327086	1.17975670347534	1.18397015702511	0.342641972591118	2	1	1	1	10
13.2949500759831	NaN	-0.602637718149968	-0.550538247649707	0.0332319899999924	-0.363941651079733	1	1	2	2	11
23.9101725677524	NaN	-0.362601626232962	-0.329644217875724	-0.718431634645236	0.359394127420234	1	1	2	2	11
34.263322980154	NaN	0.45237973743534	0.171005817737384	-0.713506228811838	0.94242239387651	1	1	2	2	11
48.9220235996211	NaN	1.21257546386758	0.771041019838609	0.0438202929392446	1.07679394602599	1	1	2	2	11
58.9782571464782	NaN	1.33058715703206	1.25428472739844	0.909617486070309	0.691442999761865	1	1	2	2	11
74.089012469203	NaN	0.715227933251952	1.44663713627541	1.14772577417658	-0.00982787871423489	1	1	2	2	11
12.1121537357642	NaN	-0.0902555082556779	-0.720787783244836	-0.403557999151523	-1.09087834876878	1	2	1	2	12
24.4212164767637	NaN	-0.639893798712364	0.149881117755579	0.281079128562869	-1.09932409486733	1	2	1	2	12
36.5164882898471	NaN	-0.73336986016074	0.692247290545174	0.64410561841011	-0.719058523365186	1	2	1	2	12
45.9480772945903	NaN	-0.322129389711074	0.495159699050079	0.498341773209617	-0.105395016302203	1	2	1	2	12
60.6680573174747	NaN	0.380216833006638	-0.291975643770364	-0.0810552679108651	0.491025395791572	1	2	1	2	12
72.2959707077435	NaN	1.0088488668984	-1.0724557575912	-0.795343221020782	0.826604348346944	1	2	1	2	12
12.777817633894	NaN	-0.383366883565504	-0.593760048230144	0.00889379948156499	-0.463240423255481	2	2	1	2	13
22.9039574807169	NaN	-0.688072924619251	-0.574169934458009	-0.475942651514103	0.0432548724959649	2	2	1	2	13
36.0523303132755	NaN	-0.754039734547132	-0.154839697726614	-0.396594875957788	0.716291153084819	2	2	1	2	13
47.5243425998724	NaN	-0.564260938487255	0.484919850066305	0.200217242741134	1.25067246463873	2	2	1	2	13
60.5542420724962	NaN	-0.167661887690667	1.07153958872502	0.963091382243731	1.40407752550471	2	2	1	2	13
71.4476534380184	NaN	0.333513393384117	1.35417363975041	1.44284808410009	1.1069430666137	2	2	1	2	13
10.7223827119333	NaN	-1.31598191176707	-0.899235396669269	-0.82784595561025	-0.925298796474512	1	1	2	1	14
24.2957939550177	NaN	-0.531902771328981	-0.323606847055881	-0.282941838923243	-0.962159301125391	1	1	2	1	14
35.8157216224891	NaN	0.328171205643079	0.547943321156658	0.205570844725674	-0.304904864896394	1	1	2	1	14
47.2947216726235	NaN	0.515631280541026	1.05155321195351	0.491528519398386	0.549601256396661	1	1	2	1	14
59.9373630522914	NaN	-0.132687871904933	0.803621939063394	0.489372308742057	0.955379864840403	1	1	2	1	14
72.9148418665035	NaN	-1.05248899829261	-0.00700064020741641	0.19974735354945	0.605675358010073	1	1	2	1	14
12.7161066027061	NaN	-0.861687366625984	-0.101383195366193	-0.458866165193798	-1.21960960096838	2	2	1	1	15
24.4129668737812	NaN	-1.37724841251204	-0.602344499152281	-1.10088211444066	-0.79411801592435	2	2	1	1	15
37.1919962003825	NaN	-1.1829248755588	-0.697682920888239	-1.42961523149799	-0.0883777602745995	2	2	1	1	15
48.5954001399356	NaN	-0.41976030574304	-0.3436452465419	-1.28916921611568	0.531362774628296	2	2	1	1	15
60.2868162685305	NaN	0.358326601181935	0.297291677101643	-0.746148292349309	0.743485299127329	2	2	1	1	15
73.4522466022106	NaN	0.586586246357439	0.930985678495226	-0.0580712454413396	0.437907480883541	2	2	1	1	15
12.5244831842431	NaN	-1.08282004792392	-0.85376073623538	-0.804647484576049	-0.317017242893922	1	1	2	2	16
23.3147831902367	NaN	-1.34922324533601	-1.37968830184744	-0.998377873998519	-0.797829192183412	1	1	2	2	16
36.4037560608454	NaN	-1.30930962565357	-1.28629964780358	-0.920361110700144	-0.944490330338401	1	1	2	2	16
46.4179665001231	NaN	-0.975586242184984	-0.634096667299085	-0.59193865371046	-0.699339517482287	1	1	2	2	16
59.3063426128455	NaN	-0.452626325334018	0.154390563907658	-0.102950354285775	-0.158759991116066	1	1	2	2	16
72.7243194271527	NaN	0.0956990550678282	0.568340139914598	0.412841204804585	0.464714566856812	1	1	2	2	16
