age	diseaseAge	x1	x2	x3	x4	z1	z2	z3	z4	id
11.1908507938872	-36.2227700698319	-0.622014030932532	-0.191729899424668	-1.05798443253082	-0.620903839546597	1	2	1	2	1
23.4805144441358	-23.9331064195834	-0.631774491935849	0.489455964786809	-0.35043930775396	-0.717746720561892	1	2	1	2	1
36.3782114220724	-11.0354094416468	-0.277250146419872	0.868652677246684	0.313237003183394	-0.179267999629921	1	2	1	2	1
47.4136208637192	0	0.306457898365872	0.755171220238515	0.569196955498605	0.636315767553994	1	2	1	2	1
59.7691963000073	12.3555754362881	0.896911877121411	0.206078722392032	0.277115516223365	1.18644719365988	1	2	1	2	1
72.2221891946525	24.8085683309333	1.26910330363499	-0.50249924450028	-0.40287938359296	1.10515789966185	1	2	1	2	1
11.4904623380524	-38.3250008974143	-0.913372334312832	-0.888993764340443	-0.732837957373456	-0.0423649148930154	1	1	2	1	2
22.8611575549177	-26.954305680549	-0.058273585427967	-0.420893061442338	-1.13947975956276	0.475778633679188	1	1	2	1	2
36.0018062552877	-13.813656980179	0.718738278655247	0.0680413295397269	-0.939377635519885	0.935493630157748	1	1	2	1	2
49.8154632354667	0	0.754240964131186	0.457662079166421	-0.255209025386586	1.21312697972649	1	1	2	1	2
60.6415003616332	10.8260371261665	0.0179218411373732	0.652226500023649	0.493579979907501	1.23400149508169	1	1	2	1	2
73.1146241779381	23.2991609424714	-0.861540759750293	0.603923687415275	0.847926195425403	0.99250239653108	1	1	2	1	2
12.1807541517948	-35.0608445581257	-0.820202433077807	0.216524900928815	-1.20765125624626	-1.09442898933511	1	1	1	2	3
23.209127667974	-24.0324710419466	-0.952507759305904	-0.415005748209843	-1.40385913551055	-0.540181584144734	1	1	1	2	3
34.6857707904753	-12.5558279194453	-0.636667116069711	-0.723069984740118	-1.35113203916476	0.173201112102377	1	1	1	2	3
47.2415987099206	0	-0.0157308658726908	-0.562280756528686	-1.06274118028834	0.681834224597319	1	1	1	2	3
59.9285879251663	12.6869892152457	0.629066901928897	-0.00852052292150357	-0.611273460181785	0.726272300797502	1	1	1	2	3
71.7140305392452	24.4724318293246	1.00568475314742	0.676870520089873	-0.110361616607332	0.283848203022243	1	1	1	2	3
13.1514284299918	-35.5758890389498	-0.124875745450883	-0.613648700383455	-0.350747201915636	-1.19185738288808	1	1	1	2	4
23.6028116984971	-25.1245057704446	-0.694748923509006	-0.323803306529333	-0.939424028070288	-1.28430451173307	1	1	1	2	4
36.2184357163662	-12.5088817525754	-0.609962048157207	0.374195529918541	-0.803540674396593	-0.883188237155148	1	1	1	2	4
48.7273174689416	0	0.0708816478211115	1.07917724327551	-0.0459415220209282	-0.19203158385125	1	1	1	2	4
61.8427600584892	13.1154425895476	0.877194689194941	1.38595790202671	0.759978573384807	0.438478374292508	1	1	1	2	4
71.6544087460645	22.9270912771229	1.2516673430149	1.11821719733232	1.00425267173207	0.688426186530593	1	1	1	2	4
12.0078921428103	-36.0861527196167	-0.633547536867383	-1.20292691911571	-0.592892216007295	-1.02043940612825	1	1	2	1	5
22.0660361732968	-26.0280086891302	-0.0457148146401871	-0.63303636212365	0.148956866838269	-0.426068170036483	1	1	2	1	5
36.0487742793389	-12.0452705830881	0.736934807353563	0.0472256856279964	0.897567029937955	0.218128794147395	1	1	2	1	5
48.094044862427	0	1.23175132292187	0.519115179712532	1.15401215143242	0.631192324358018	1	1	2	1	5
59.6781929356085	11.5841480731816	1.13358771915933	0.561523260148567	0.747379283243058	0.632969470829833	1	1	2	1	5
72.1920731723162	24.0980283098892	0.502980234291055	0.15457916813186	-0.0513230177783116	0.222685151388678	1	1	2	1	5
12.7632334929115	-34.0800920132489	-0.846953026461213	-0.499257978088636	-0.268307656643604	-0.387979301973825	2	2	2	2	6
23.6203893294632	-23.2229361766971	-1.190867281601	-0.16325817616041	0.379098395433378	-0.643254723142539	2	2	2	2	6
36.1818085065895	-10.6615169995709	-1.16678710784916	0.427517492670785	0.913679222504891	-0.526463640504892	2	2	2	2	6
46.8433255061604	0	-0.783920867219814	1.03637760387704	1.1106012184858	-0.0813701172870919	2	2	2	2	6
60.6500489449039	13.8067234387436	-0.188678256878701	1.41938528824918	0.88704307697721	0.52523998707915	2	2	2	2	6
72.7226214331066	25.8792959269462	0.391317388776957	1.42309036291402	0.337028714625008	1.06605716949155	2	2	2	2	6
11.1527451171016	-37.625504266598	-1.35070064664674	-0.979206277948978	-0.689391107277065	-0.99530764196623	2	1	1	2	7
24.8854297337546	-23.892819649945	-1.08183040882696	-1.34701756750367	-1.13985044500779	-0.201493543014491	2	1	1	2	7
36.0984225579156	-12.679826825784	-0.632303061688219	-1.25161726595419	-0.877017748959388	0.53403034087	2	1	1	2	7
48.7782493836996	0	-0.120093577718547	-0.738211148835067	-0.089784692282715	0.68374547551753	2	1	1	2	7
59.9523218493394	11.1740724656398	0.320372629002027	-0.0500785487226523	0.656082853914874	0.140276002573664	2	1	1	2	7
73.5937347934953	24.8154854097957	0.5734986121464	0.486706430282456	0.824547437412287	-0.706601177422015	2	1	1	2	7
11.5614466829758	-25.1980752261378	-0.288359668355672	-0.152104423544332	-0.659597038827821	-0.729804688093768	2	2	1	2	8
23.4081157566452	-13.3514061524683	0.473586170985784	0.474994424264878	-1.08398750724835	-0.834100466717064	2	2	1	2	8
36.7595219091135	0	0.759640616492166	0.915150324779749	-1.26372996751565	-0.545592171195294	2	2	1	2	8
48.2588842446865	11.499362335573	0.378586432756612	0.990831787848305	-1.14510420459965	0.0210259803751476	2	2	1	2	8
60.1574999694171	23.3979780603036	-0.414855194450996	0.671513622510419	-0.763564286962948	0.640499370146742	2	2	1	2	8
72.6279947342765	35.8684728251629	-1.09029672249771	0.0859888988095006	-0.233142293545174	1.06656119340637	2	2	1	2	8
12.1171883890302	NaN	-0.178316328574702	-0.00919061949905858	-1.10613831319335	0.0333285273324047	1	1	1	1	9
22.9117277811423	NaN	0.358051238496804	0.499875063543409	-1.36121758620169	-0.494657233724455	1	1	1	1	9
34.3198417415114	NaN	0.900541412368364	0.994507195317021	-1.09678363494106	-0.803099264736424	1	1	1	1	9
47.2527318467744	NaN	1.2776907424157	1.34070082654391	-0.450216718425493	-0.788721239711912	1	1	1	1	9
59.8199335026247	NaN	1.3702946261498	1.44466573007783	0.242574971384941	-0.456337384502938	1	1	1	1	9
73.0177499751264	NaN	1.14908399620132	1.27823589985122	0.621668280389938	0.0827594810621553	1	1	1	1	9
13.0253940666233	NaN	-0.91192554123404	-0.730972570765387	-0.589486543297534	-0.91681462369091	2	1	1	1	10
25.383479295506	NaN	-1.17011965796866	-0.569509289004409	-0.12333510033502	-1.05224531789705	2	1	1	1	10
35.5990608157008	NaN	-0.945039732666436	-0.196442421097002	0.387406802026643	-0.493309814868791	2	1	1	1	10
48.7930927686257	NaN	-0.345496148891361	0.293790068700126	0.808450794770866	0.356292443015184	2	1	1	1	10
58.7752920663493	NaN	0.338673751237764	0.77709096797939	1.0290926047444	0.882923646216632	2	1	1	1	10
71.7388851692395	NaN	0.776721727263565	1.1311177237626	0.991319312581894	0.706216611187929	2	1	1	1	10
11.0810601051225	NaN	-0.205930444983372	-0.669539361270067	-0.387691286790247	-0.123969392167969	2	2	2	1	11
24.566133152407	NaN	-0.881623677004718	0.0487703497943436	-0.946674100490986	0.632178521428845	2	2	2	1	11
36.3976100231254	NaN	-0.753032630614223	0.652184875835722	-1.15821773645086	0.895761295464306	2	2	2	1	11
48.4201275924887	NaN	0.0701224402645473	0.821996405219542	-0.929092262196408	0.489377692033515	2	2	2	1	11
61.4821736219039	NaN	0.885484832498295	0.468514917927099	-0.360276146759637	-0.313460658307666	2	2	2	1	11
71.5245671016029	NaN	0.997346942589166	-0.221559885576381	0.297546216583493	-0.972412992741052	2	2	2	1	11
12.5908370568921	NaN	-0.120086750969035	-0.820724905227042	-1.01952239464137	-0.0836566989628147	2	1	1	2	12
23.6312554620264	NaN	0.387253869525716	-1.17131548943457	-0.806187775708305	-0.552688687919584	2	1	1	2	12
36.4088282998619	NaN	0.925072903502461	-1.20670264773971	-0.268006273699591	-0.603089254952996	2	1	1	2	12
47.7157377371987	NaN	1.33299059904591	-0.914989586556186	0.372766613226104	-0.211752107552192	2	1	1	2	12
61.0825372858867	NaN	1.48936429444255	-0.394247194916692	0.851507711179137	0.441913054542491	2	1	1	2	12
70.4153331519981	NaN	1.34756273849187	0.180456365685051	0.97050892202265	1.05823145922972	2	1	1	2	12
10.7188826899342	NaN	-0.672606825486286	-1.11540599868997	-0.826025754987451	-1.03770281190739	2	1	1	2	13
23.6804284273395	NaN	-0.633999563852855	-1.383421950776	-0.738882745475421	-0.719909189215398	2	1	1	2	13
36.0396496059592	NaN	-0.313327409840107	-0.889391887404841	-0.262746482079102	-0.193539833368911	2	1	1	2	13
48.4150974258185	NaN	0.193192771858184	-0.0137162482916433	0.394766374051508	0.369262015012184	2	1	1	2	13
61.7724993202466	NaN	0.733580888248994	0.569339526332197	0.946950872364452	0.784438274029528	2	1	1	2	13
71.4188011292559	NaN	1.14569485862384	0.410825687271494	1.15302992719782	0.916210168072694	2	1	1	2	13
11.4963006690668	NaN	-1.15471621475958	-0.836583452654937	-0.212505549932844	-0.901403044622587	2	1	1	1	14
22.3817073680293	NaN	-0.805781283002706	-0.205165005613326	-0.706286604768612	-1.05785180212393	2	1	1	1	14
35.6406327424165	NaN	-0.271550105200758	0.690585015885094	-1.06068230421758	-0.555658162731138	2	1	1	1	14
46.8398544779575	NaN	0.277337751603794	1.11756795020621	-1.18150982102872	0.265256089140885	2	1	1	1	14
60.5973788111647	NaN	0.66556120894945	0.726332934744641	-1.03665850272884	0.849235494204858	2	1	1	1	14
71.9195704483884	NaN	0.769117240749721	-0.162925936906975	-0.664623474145175	0.800999615076287	2	1	1	1	14
10.5774930345991	NaN	0.0557729896615212	-0.690826469525322	-1.05179439957641	-1.17376272844705	2	2	1	1	15
22.7975872583293	NaN	0.892090995312115	-0.349674240189436	-0.996980073778949	-0.923819873456504	2	2	1	1	15
34.9376429161545	NaN	1.29770506895638	0.520229642359511	-0.312621142492048	-0.372155470015821	2	2	1	1	15
48.7335858626213	NaN	0.977930512467057	1.21770030858977	0.509728015459808	0.25834791274219	2	2	1	1	15
61.3529050521929	NaN	0.165088329405968	1.18054245403865	0.879398803476691	0.712955307472216	2	2	1	1	15
73.3053291837458	NaN	-0.550279462815177	0.438707118031503	0.530867844474164	0.807996962324671	2	2	1	1	15
11.1741415743069	NaN	-0.69501694270422	-0.453054224642284	-0.209561326462053	-1.29550049191191	2	1	1	2	16
24.5083368155818	NaN	-0.0627783809534721	-0.756869351518995	0.318892509384588	-0.781288081959725	2	1	1	2	16
36.7745458746015	NaN	0.654052007884089	-0.59614040827484	0.814813508503907	0.117497119025735	2	1	1	2	16
48.4862008745409	NaN	1.06899433585613	-0.0460002948965852	1.13624226860203	0.674174964053167	2	1	1	2	16
61.753810982405	NaN	0.958331993122248	0.636387460486498	1.19116850024852	0.43866378977542	2	1	1	2	16
73.0762952823445	NaN	0.381728702769982	1.13204004157163	0.963869346317683	-0.39862239325793	2	1	1	2	16
