age	diseaseAge	x1	x2	x3	x4	z1	z2	z3	z4	id
9.25544605593777	-40.1596955835138	-0.841914402439337	-0.172172545099894	0.279510455827207	-1.07146969323448	2	2	2	1	1
24.5194054452325	-24.8957361942191	-1.04746513672309	0.505970314476212	1.00015547858696	-1.12717101647116	2	2	2	1	1
35.4254050467754	-13.9897365926761	-0.593507996503434	0.994305223957819	1.38343659582977	-0.580724143295006	2	2	2	1	1
49.4151416394515	0	0.21633468866943	1.06695970848333	1.21547620755442	0.218669037540505	2	2	2	1	1
61.1232185284779	11.7080768890264	0.840411954736673	0.690328453521786	0.58999916250384	0.760163607147149	2	2	2	1	1
73.2150111761824	23.7998695367308	0.861319213126417	0.0386169725776555	-0.143967354748922	0.697722401184841	2	2	2	1	1
11.222411967663	-34.7945837453528	-0.684723253984372	-0.661303086507329	-0.176663884811521	-0.135912397944915	2	1	1	1	2
22.9174040698708	-23.099591643145	-0.235115152055909	-0.0279433628313647	-0.848867099006631	0.684656011549496	2	1	1	1	2
33.4568410581294	-12.5601546548864	0.490190216367044	0.799811261996948	-0.680663797420048	0.990268227890056	2	1	1	1	2
46.0169957130158	0	1.09970323576652	1.24167687202892	0.179569067827582	0.553110900089897	2	1	1	1	2
60.5220932677006	14.5050975546848	1.26443417573873	0.987890768487015	0.97299543670952	-0.300944588346992	2	1	1	1	2
73.7385986008202	27.7216028878044	0.895468138971024	0.216365571318474	0.999711173953769	-0.935257316847197	2	1	1	1	2
13.3634611336292	-34.3526773405517	-0.253810912437363	-1.24563837467313	-0.24371341591118	-1.19675535682633	2	1	2	1	3
25.0311988008266	-22.6849396733543	-0.969887886269147	-0.90951369057253	-0.676206395971162	-0.556498672217872	2	1	2	1	3
33.9269963713125	-13.7891421028684	-1.0560808211565	-0.429350619691422	-0.884661760718599	0.135943476392362	2	1	2	1	3
47.7161384741809	0	-0.44893828623698	0.0707857350846851	-0.809446537149258	0.524023199655808	2	1	2	1	3
59.6691840943081	11.9530456201272	0.404588206414325	0.461669550124206	-0.472077597242194	0.407912964678532	2	1	2	1	3
71.4753372856939	23.759198811513	0.876170159705357	0.642303802394589	0.0309336887611995	-0.152600487804512	2	1	2	1	3
11.4392270480425	-35.9591410218658	-0.907780649780297	-0.578357336278443	-1.27070491386284	-0.823682191661439	1	1	2	2	4
22.7737078685089	-24.6246602013993	-1.00466964773063	-0.962275514157295	-1.15344113909078	-0.601110588617953	1	1	2	2	4
35.2435616095823	-12.154806460326	-0.612225331984821	-1.0371045648496	-0.786447836381049	-0.0232257296854997	1	1	2	2	4
47.3983680699082	0	0.0725536341144647	-0.777465015597415	-0.273680033825211	0.645842982241451	1	1	2	2	4
60.3097296792911	12.9113616093828	0.705922837425792	-0.27141778400115	0.239614955000268	1.10028943951872	1	1	2	2	4
72.1055046008674	24.7071365309592	0.969944467542549	0.309403094631903	0.608040485010513	1.13240328332173	1	1	2	2	4
11.982762632172	-36.6757372080766	0.0975292217461811	-0.530780673240506	-0.640712300269982	0.0744483868088029	2	1	2	1	5
24.6692295875459	-23.9892702527027	-0.43828229522582	0.30405729226688	-0.890900852493223	-0.4741055094107	2	1	2	1	5
37.353466182895	-11.3050336573536	-0.760432727873056	0.87548890125015	-0.543112250224489	-0.509408790364117	2	1	2	1	5
48.6584998402486	0	-0.760496452188268	0.784470299779308	0.194196187101948	-0.0115056471807882	2	1	2	1	5
60.7344693213767	12.0759694811281	-0.43845202058691	0.0945618736280168	0.879096979865638	0.738155292897577	2	1	2	1	5
72.1752479624719	23.5167481222233	0.0973106195157507	-0.712457433053204	1.10107471034853	1.31581482013227	2	1	2	1	5
10.9374956868406	-36.599955935801	-0.113051427405715	-0.730736241571283	-0.571750682811853	-0.687890902473226	1	1	1	1	6
24.9897672237651	-22.5476843988766	-0.69194543829295	-0.0216814166374797	-0.459560558745607	-0.652793098140832	1	1	1	1	6
35.1175150696232	-12.4199365530184	-1.01435864973007	0.444653104841155	0.0755832406660633	-0.328354445728508	1	1	1	1	6
47.5374516226416	0	-0.953676899836413	0.429861290664821	0.773185978351394	0.1857013384509	1	1	1	1	6
60.0877797363395	12.5503281136979	-0.53373038114656	-0.0584947818070038	1.29367193291799	0.731367331334062	1	1	1	1	6
70.8227156988159	23.2852640761743	0.0805646603159187	-0.770750916216897	1.38368144284417	1.14092048182566	1	1	1	1	6
13.136487625638	-34.223235419759	-0.136390999215028	-1.28600449515413	-1.31552128905752	-0.446347617131833	2	2	2	2	7
24.0131504718191	-23.3465725735779	-0.64651183150485	-1.36422896995351	-0.78408576915929	-1.02430913706543	2	2	2	2	7
36.9012752597587	-10.4584477856383	-0.48630128362278	-1.0943671749384	0.151996602006491	-1.34836432380843	2	2	2	2	7
47.3597230453971	0	0.233843365222326	-0.571722919996711	0.672442150720245	-1.29196804539251	2	2	2	2	7
61.0359467182562	13.6762236728591	1.01768756043773	0.019127876264102	0.321187393873911	-0.877143323780053	2	2	2	2	7
72.1658919673388	24.8061689219417	1.3251029046152	0.469521620111533	-0.593965116927402	-0.265881237304883	2	2	2	2	7
11.4806643797556	-37.2011591797	-0.71008972825251	-0.533159371081884	-0.351709090223403	-0.412107418850561	1	2	1	2	8
25.9224910611227	-22.759332498333	-0.400629535634458	-0.93628766279706	-0.841550253926867	0.357904993378324	1	2	1	2	8
36.1328146693382	-12.5490088901174	0.492158717682452	-1.08218855559238	-0.735115470349857	0.934261131316699	1	2	1	2	8
48.6818235594556	0	1.20320345421518	-0.926919329188793	-0.0982247920755429	0.973788449687326	1	2	1	2	8
59.8019594104814	11.1201358510257	1.12317752811585	-0.517244277163098	0.675263903565817	0.452951690408711	1	2	1	2	8
71.110079658277	22.4282560988214	0.320658859504806	0.0234498557460666	1.10701952115027	-0.318133812283385	1	2	1	2	8
12.02406743122	NaN	-0.274651166293348	-0.782913660148445	-0.0344188572690873	-0.165032016158494	2	1	1	1	9
24.0282795917778	NaN	0.456629508114996	-0.754667468561014	-0.399637679647958	-0.662544105121427	2	1	1	1	9
34.9442099562426	NaN	1.21407145761094	-0.470832530030829	-0.551243416714088	-0.631729115158119	2	1	1	1	9
45.4484690301745	NaN	1.49342304484247	-0.00775300045970745	-0.451001054374644	-0.0898724615234851	2	1	1	1	9
60.7862613404119	NaN	1.10871160833746	0.510014869313073	-0.12419174762362	0.659075821144606	2	1	1	1	9
71.5005030319302	NaN	0.316050995361437	0.943205098941401	0.346763094619317	1.19499935163727	2	1	1	1	9
10.8719846367833	NaN	-0.16304308671402	-1.05323643473662	-0.590418506866471	-0.265022693606513	1	1	2	2	10
22.7489251866191	NaN	0.429117041552227	-0.616285293294842	0.237747645403157	0.190539473778981	1	1	2	2	10
35.8023900011858	NaN	0.93293618025889	0.286420838033808	0.823631531046201	0.7206831445496	1	1	2	2	10
49.6339880532983	NaN	1.17136048939957	0.90761685247632	0.763494179982232	1.17641020073419	1	1	2	2	10
59.6856118543145	NaN	1.06060208510665	0.733073268311858	0.0987768961571412	1.4296374878525	1	1	2	2	10
72.0015719224752	NaN	0.639584063559829	-0.0927217742657952	-0.712456396599446	1.40919488489804	1	1	2	2	10
11.7678522662085	NaN	-0.718943078855823	-0.855221162052287	-1.0578866578356	-0.667443247936987	1	2	1	2	11
24.1191157151967	NaN	-0.8633927334395	-0.388241896079733	-0.230882864721224	-0.685497170293606	1	2	1	2	11
37.2260241657737	NaN	-0.548902898172548	0.137289312402137	0.51934051612505	-0.457736157422241	1	2	1	2	11
48.9693062593626	NaN	0.0789034631316555	0.575817095805716	0.607493537655167	-0.0414993343191856	1	2	1	2	11
60.0192950606675	NaN	0.729323717885928	0.805883257775591	-0.035196753121605	0.458425148808991	1	2	1	2	11
71.4690464507785	NaN	1.10118398191315	0.763766816123603	-0.907332804675058	0.916180666785691	1	2	1	2	11
13.7730983794099	NaN	0.309582072151983	-0.25147365763469	-0.193113661853914	-1.18623597446924	1	2	2	1	12
25.2520368746596	NaN	0.851762856916086	0.488200674845	0.322548983358627	-0.72835695676475	1	2	2	1	12
36.6872907568117	NaN	1.24760548188079	1.15430307932807	0.834234906799575	-0.169799756004705	1	2	2	1	12
47.7507495395819	NaN	1.37524100489528	1.35485114258538	1.19657939436536	0.314826846993682	1	2	2	1	12
60.737926278715	NaN	1.19537399593347	0.97182800523472	1.30664409964261	0.574025279222687	1	2	2	1	12
72.7352427543049	NaN	0.763380507819292	0.230631943413258	1.13316077059906	0.526768347442915	1	2	2	1	12
13.4087688252931	NaN	-1.36024913314407	-1.00635890558745	0.140811224888822	-0.080821520155169	2	1	2	1	13
24.2216953932967	NaN	-1.19291417300879	-0.061101528991009	-0.592703115048549	-0.66763955272616	2	1	2	1	13
37.0228446318579	NaN	-0.516590093919266	0.492272121296494	-0.8130203567393	-0.959652540495086	2	1	2	1	13
49.1895049765815	NaN	0.24584987455248	0.158547234285137	-0.373068471745712	-0.833670467139948	2	1	2	1	13
60.0563629498097	NaN	0.617688339383152	-0.763625347582368	0.433464149298549	-0.342840741587569	2	1	2	1	13
71.6248158043527	NaN	0.366432421251156	-1.44899216203448	1.06817938708211	0.305772825870271	2	1	2	1	13
12.2025008754416	NaN	-0.22135046904903	-0.00965304163092223	-0.0427629614715168	-0.34648426158135	1	1	2	2	14
23.8427467688188	NaN	-0.869037260906909	-0.536148579461014	0.850930797038367	-0.936165298610262	1	1	2	2	14
36.1754197867348	NaN	-1.12710901151602	-0.755177570981996	1.40867437890435	-1.16743382037094	1	1	2	2	14
45.979944725356	NaN	-0.860038271860842	-0.580432501734023	1.18461037356553	-0.932462863225039	1	1	2	2	14
59.3645333956009	NaN	-0.208078347336967	-0.080770980411609	0.35785441850902	-0.340805619536787	1	1	2	2	14
71.8078718390054	NaN	0.486391306642419	0.546917331588834	-0.41068893931537	0.331682798135282	1	1	2	2	14
12.6320206081231	NaN	-1.33126636514012	-1.06115753943974	-0.738937547941255	-1.08282316573352	1	1	1	2	15
24.5332772089919	NaN	-1.30366678821747	-1.39565142231907	0.0390607393191762	-0.722651737231645	1	1	1	2	15
35.6040622496426	NaN	-0.757643534532806	-1.48542485092029	0.805813428447535	0.191061194958729	1	1	1	2	15
48.5569724385417	NaN	-0.00365543166480214	-1.30623572864716	1.00167492163314	0.8629031699041	1	1	1	2	15
60.3645839179023	NaN	0.529593686172465	-0.906471647227246	0.483687751629848	0.708017106323295	1	1	1	2	15
70.7706565389348	NaN	0.538908131224048	-0.394083473954876	-0.370074103439993	-0.138764379699575	1	1	1	2	15
14.4626473018028	NaN	-0.339153208198479	0.308961502386204	-0.813472158829829	-0.51781992541362	1	2	2	1	16
22.7488474302929	NaN	0.401915101920736	0.896799430984951	-0.438697376617098	-0.595077492091343	1	2	2	1	16
36.3497525183014	NaN	1.18595505380471	1.26113884038153	0.105082694548451	0.0538509445464695	1	2	2	1	16
47.1235681851694	NaN	1.45671766864071	1.26298652641375	0.644511884567554	0.923656980774567	1	2	2	1	16
59.8087981809702	NaN	1.02210632221809	0.901637608425593	1.00762107691665	1.33703896836465	1	2	2	1	16
70.8386285944512	NaN	0.190462594640145	0.314944436825445	1.07865167312677	0.972104106070118	1	2	2	1	16
