age	diseaseAge	x1	x2	x3	x4	z1	z2	z3	z4	id
13.3763676571479	-36.6979159728822	-1.01605942764252	-1.20617522584223	-0.508341589192395	-0.339002190629571	2	2	2	2	1
25.4068722021388	-24.6674114278913	-1.13988085219544	-1.21170845373726	0.0838685338888609	0.314412853839079	2	2	2	2	1
35.6935737567572	-14.3807098732729	-0.580128445974887	-0.575873076173182	0.591927383171311	0.838125266072248	2	2	2	2	1
50.07428363003	0	0.264042375096009	0.253403675670878	0.837014784462247	1.00840171838105	2	2	2	2	1
58.5300889888349	8.45580535880492	0.790659468601893	0.691920839656275	0.732867951761224	0.752499009702805	2	2	2	2	1
71.410344530977	21.336060900947	0.624195971853845	0.430756034268144	0.316143179494605	0.179740431293946	2	2	2	2	1
10.0282683143478	-39.0018145467598	-0.843841042491246	-0.724248517086389	-0.825527031953031	-0.384679520211531	2	2	2	1	2
25.5011749629758	-23.5289078981317	-0.33753832762208	-0.55815043660056	-0.801416312216968	0.305050863900316	2	2	2	1	2
34.9740914721065	-14.055991389001	0.158153890353828	-0.132670754121875	-0.314651467983808	0.929392916802983	2	2	2	1	2
49.0300828611075	0	0.509620467218247	0.419816002085121	0.390676513938656	1.17480800988614	2	2	2	1	2
58.7958611537541	9.76577829264657	0.622122660556808	0.927421075078499	0.960876924021417	0.918051022357689	2	2	2	1	2
71.572634565498	22.5425517043904	0.465335207549813	1.23221922224564	1.11001953861701	0.288062866305041	2	2	2	1	2
11.4769353553292	-37.6285583560184	-0.773907826580381	-0.762520285518937	-0.897529020053255	-0.249423227891598	2	2	1	2	3
24.4794097811744	-24.6260839301733	-1.04511509513306	-1.3087545540642	-0.746825623437582	0.281405543043274	2	2	1	2	3
34.5103085317529	-14.5951851795947	-0.611853694069377	-1.2717183266837	-0.230848069267397	0.750285958039523	2	2	1	2	3
49.1054937113477	0	0.218924007855419	-0.674482247969703	0.427063621584482	1.02479487301569	2	2	1	2	3
61.4001935065664	12.2946997952187	0.858637576545884	0.110922773850577	0.942133474698697	1.02740434601277	2	2	1	2	3
71.0292338801552	21.9237401688076	0.854069636181472	0.595251440296179	1.09141436608554	0.757377398885359	2	2	1	2	3
12.2335995575147	-35.7960498554513	-0.869413277245019	0.024822665306987	-0.520686789723214	-0.546475087417665	1	1	2	2	4
23.3369877227258	-24.6926616902402	-1.07515692402527	0.709557002207844	-0.7568417673305	-0.137945621591342	1	1	2	2	4
36.8795599570983	-11.1500894558677	-0.637567899022286	1.17320135769783	-0.679068280860344	0.643779315536088	1	1	2	2	4
48.029649412966	0	0.158304438767726	1.19467767182947	-0.312047958957188	1.29887480121963	1	1	2	2	4
59.5562219945379	11.5265725815719	0.794021813320125	0.763745462201047	0.22774429540991	1.40848116376253	1	1	2	2	4
71.7554483148007	23.7257989018347	0.855472307368074	0.085884760533975	0.769003933967337	0.902517497351953	1	1	2	2	4
11.6164849558332	-35.0646325298962	-0.229685152421951	-0.308107057696342	-0.710011555247353	0.244864041031712	2	2	1	2	5
24.6687748994106	-22.0123425863188	-0.564809636454845	0.321139321889386	-1.05508741288919	1.00944607568068	2	2	1	2	5
34.8960044484626	-11.7851130372668	-0.610654991340773	1.04607081881592	-0.718173786593507	1.28200736637698	2	2	1	2	5
46.6811174857294	0	-0.353026988843809	1.46947873556302	0.0709543910471751	0.877205785188694	2	2	1	2	5
59.5307558107993	12.8496383250699	0.128309895954402	1.35936693477991	0.77411207890568	0.0703070760370289	2	2	1	2	5
72.5453549235319	25.8642374378026	0.68432844714081	0.776068517119686	0.91174606892088	-0.589996305896152	2	2	1	2	5
11.5518876195384	-35.2254827554426	0.00578099080211202	-1.47843889657746	-1.28720694103491	-1.09668630420463	2	2	1	1	6
23.4273447710541	-23.3500256039269	0.701169277825904	-0.966755483641953	-1.12747164537316	-1.17927921078823	2	2	1	1	6
36.8310199551109	-9.94635041987009	1.06705834119642	-0.0673953650530094	-0.348149245721928	-0.957175749033894	2	2	1	1	6
46.777370374981	0	0.909687256316689	0.491421804424688	0.449899604942882	-0.498637898052259	2	2	1	1	6
59.8053471776641	13.0279768026832	0.312393761216469	0.257216936801224	0.651376085835752	0.0554058714434799	2	2	1	1	6
72.7096878440026	25.9323174690216	-0.408518238214661	-0.580372264049498	0.10094103318729	0.534673998234219	2	2	1	1	6
12.3849158189444	-35.2149968687965	-1.06139842360877	-0.88169702654007	-0.116075418612503	-0.142448173334539	1	2	1	2	7
22.3669077223142	-25.2330049654268	-0.686279290108223	-1.06413815536356	0.616984800644986	-0.754354453912521	1	2	1	2	7
34.7195543137836	-12.8803583739573	-0.174397171836188	-0.734687426848421	1.15088223254469	-0.810272712216419	1	2	1	2	7
47.599912687741	0	0.331657387164539	-0.0630126059103524	1.19870699985182	-0.275198424200403	1	2	1	2	7
59.2649889081838	11.6650762204429	0.690917175288999	0.604972470403284	0.734758664060706	0.515914830584265	1	2	1	2	7
73.3179779185241	25.7180652307832	0.803306321916252	0.925254190691491	0.00835732321242966	1.06783447891283	1	2	1	2	7
12.1916418883772	-36.2727618287271	0.04620677130549	-0.264404883531487	-0.633615588916197	-0.558460392647501	1	2	2	1	8
23.6115661146843	-24.8528376024201	0.933328143646318	0.347166263317897	-0.392522298055586	0.201116140573064	1	2	2	1	8
36.8354217680296	-11.6289819490748	1.24446113776068	0.801577884831092	0.275932752181227	0.727188972840672	1	2	2	1	8
48.4644037171043	0	0.716059224594588	0.926615164496987	0.994476773522622	0.716021428838218	1	2	2	1	8
60.7556886932633	12.291284976159	-0.204292502677228	0.674890951205748	1.35756700534268	0.174061271078249	1	2	2	1	8
69.8324528040596	21.3680490869553	-0.737006189922619	0.141804739932869	1.16027708183055	-0.585782020276976	1	2	2	1	8
12.8690340443285	NaN	-1.13434627887521	-0.4551225464184	-0.992549281519014	-0.816472639446039	2	1	1	2	9
23.4030799373478	NaN	-0.437725694735832	-1.02628326193857	-0.591865820618169	-0.500926208057725	2	1	1	2	9
36.4303815758701	NaN	0.259629386614936	-1.3192441972328	-0.0268347241617911	0.304852610944098	2	1	1	2	9
47.6084035783846	NaN	0.563130888017569	-1.21663472001969	0.51321532764145	1.02241649865878	2	1	1	2	9
58.8310057520733	NaN	0.301046965744014	-0.759563858048871	0.8473262172724	1.13664530399738	2	1	1	2	9
70.9747506820231	NaN	-0.378326062146305	-0.131150551779201	0.863545214741701	0.565537186465764	2	1	1	2	9
11.0501006192891	NaN	-0.632897441402986	-0.839911090745808	-0.91707002406201	0.247758604783402	1	1	1	1	10
22.5455286294535	NaN	-0.0854117954697465	-0.177410038227944	-1.39906028955385	-0.363454233784732	1	1	1	1	10
35.1732902386051	NaN	0.469262255546276	0.459925908703961	-1.40472137788027	-0.665538247046505	1	1	1	1	10
48.5184227872834	NaN	0.847379819120433	0.765209850413957	-0.931156892711652	-0.523131179653022	1	1	1	1	10
59.7935186257218	NaN	0.923683239962469	0.591442950839165	-0.220657778401451	-4.4888484306449e-05	1	1	1	1	10
72.4966839193798	NaN	0.672895756276511	0.0222966007532759	0.363261582616846	0.66932841433907	1	1	1	1	10
11.0185274572777	NaN	0.372105613185777	-0.497259291180481	-1.04417102161544	-0.988411488776878	1	2	2	2	11
22.2856021476468	NaN	1.21542725829461	-0.795064271807607	-1.07473622705985	-1.20107079477729	1	2	2	2	11
35.8386137327141	NaN	1.4452236756263	-0.839335242639479	-0.677667626290525	-0.845481475525254	1	2	2	2	11
45.7934312009295	NaN	0.872875256462976	-0.618132179627518	-0.0304366750709741	-0.124768771413392	1	2	2	2	11
60.8209466123159	NaN	-0.0318276685782649	-0.191114264451128	0.577674072134439	0.549370640097109	1	2	2	2	11
71.4891184608273	NaN	-0.526294271891606	0.326550389776851	0.874866998080524	0.791844399344674	1	2	2	2	11
10.4998529002706	NaN	0.0325758609380355	-0.474898912318458	-0.487897695267524	-0.129135376109576	2	1	2	1	12
24.1864050275155	NaN	0.541673474222098	-0.293279340581971	0.221496683962423	-0.690455981068072	2	1	2	1	12
36.035571763747	NaN	0.977366340688411	0.569785194777747	0.70821640092253	-0.615088873573047	2	1	2	1	12
48.3263287048681	NaN	1.2266337646698	1.35625505388781	0.725319751057105	0.0462312193468094	2	1	2	1	12
59.4513335917643	NaN	1.22481465154234	1.37536459368748	0.264129193085874	0.84832475573957	2	1	2	1	12
73.6741864962462	NaN	0.972380887460235	0.610329682661224	-0.441366020980358	1.25124801250229	2	1	2	1	12
10.167118211549	NaN	-1.30519132882756	-0.519565401731823	-1.19193055539884	0.305108626736749	1	2	2	2	13
23.4597306264706	NaN	-1.27467896694196	0.135940593833469	-1.03454033409158	-0.507009618394887	1	2	2	2	13
36.1184528704302	NaN	-0.67365199123703	0.950127765986826	-0.257245645391694	-0.594639366464947	1	2	2	2	13
49.3414398388821	NaN	0.117556683307575	1.36210143869808	0.541663903135232	0.118020757878184	1	2	2	2	13
60.3055917460741	NaN	0.598266199241489	1.08805237547778	0.747261582647079	1.0145063829662	1	2	2	2	13
72.2801863304227	NaN	0.464281139646575	0.316773357382394	0.201297302438504	1.319340631811	1	2	2	2	13
13.0510905798833	NaN	-0.0610493463662605	-0.873819852422262	-1.38099713675859	-1.35581475739273	2	1	2	2	14
24.6423315421451	NaN	0.800511238022676	-1.1729251308336	-1.39720472273985	-1.14890995063092	2	1	2	2	14
35.1708818749499	NaN	1.34859163468615	-0.853873729280949	-1.08707679270363	-0.728740608002062	2	1	2	2	14
47.3483664332783	NaN	1.17632298471427	-0.113908171075764	-0.55554361913773	-0.20977574516014	2	1	2	2	14
59.6454114510935	NaN	0.411589353048405	0.58951336258079	0.0175531412194305	0.266600222180821	2	1	2	2	14
70.9931028476628	NaN	-0.377907328295509	0.821524773076277	0.438308994763778	0.570605602378205	2	1	2	2	14
12.2199700985602	NaN	-0.714054677677904	-1.08176133709749	-0.184771024539181	-0.652603239408384	2	1	1	1	15
23.1553479951348	NaN	-0.857574874260058	-1.20238768029626	-0.685598490541889	-0.728096193464882	2	1	1	1	15
36.0316752829773	NaN	-0.528090335354523	-1.04122565072235	-1.02731428153222	-0.417031855141933	2	1	1	1	15
48.7948743113832	NaN	0.116925210545331	-0.643724460663271	-1.11390341244247	0.157928010402795	2	1	1	1	15
59.3569943730921	NaN	0.769193252749942	-0.121983194619828	-0.92103614981995	0.770059914444249	2	1	1	1	15
73.325982633578	NaN	1.11696902495184	0.3768621897494	-0.502904157699496	1.17798234644394	2	1	1	1	15
12.696509885277	NaN	-0.441906464341357	-0.890444047864189	-0.775555751928383	-0.690475970989542	1	2	1	2	16
23.9269573699444	NaN	0.20772149575325	-1.18572471120736	-0.998812394335881	-0.720160215760767	1	2	1	2	16
36.6539494409041	NaN	0.866220714350648	-0.604322644985768	-0.852065950333954	-0.288088788482426	1	2	1	2	16
48.1037675915647	NaN	1.21269901601613	0.336347494859911	-0.389731535650972	0.396026263847212	1	2	1	2	16
60.7211301509052	NaN	1.07831462717983	0.799142971763597	0.216752414858371	1.00013991591812	1	2	1	2	16
72.4386404338187	NaN	0.528554184211636	0.372202224913851	0.742495311314222	1.23103696626831	1	2	1	2	16
