age	diseaseAge	x1	x2	x3	x4	z1	z2	z3	z4	id
11.3950163842218	-36.2112380794402	-0.78892950501201	-0.565961190445889	-0.610486019589035	-0.116960595902609	2	1	2	2	1
24.4236967011175	-23.1825577625445	-0.362612107161766	-1.08465331788538	-1.23984922499265	0.649235990627683	2	1	2	2	1
36.2706765499281	-11.3355779137339	0.165926245512272	-1.11397043558113	-1.34644814137958	1.07798100239085	2	1	2	2	1
47.606254463662	0	0.647499105481504	-0.638239020364437	-0.86539755078599	0.908507351894059	2	1	2	2	1
60.3227009763811	12.7164465127191	0.946176612894669	0.0882053059667324	-0.0895059871092492	0.243890641265216	2	1	2	2	1
71.3488996308414	23.7426451671794	0.97765336954891	0.676990736276459	0.508952581660708	-0.511642469885023	2	1	2	2	1
12.0399221618665	-35.0789564720173	-0.946375980041417	-0.216441823345522	-0.00747473753400524	-0.736370418665189	1	1	2	1	2
24.1024604406233	-23.0164181932605	-0.445335046225041	-0.781796600988257	0.659346691586242	-1.03245844978254	1	1	2	1	2
35.8799166636464	-11.2389619702374	0.226071394711927	-0.872811936071604	1.23605222356719	-0.86402361962798	1	1	2	1	2
47.1188786338838	0	0.764593766689922	-0.440277752295093	1.46083458612229	-0.309697141364337	1	1	2	1	2
60.4113045405811	13.2924259066973	0.927001336348992	0.281943819671636	1.23164922802881	0.371742183532743	1	1	2	1	2
73.2509118705728	26.132033236689	0.639940582411483	0.90336277471263	0.652539530393835	0.862174873692626	1	1	2	1	2
12.6343318545397	-33.5215269183325	-1.29966576524807	-0.611374337534366	-0.437431151678738	-1.0968509956111	2	2	1	2	3
24.8260902251099	-21.3297685477623	-1.14332413964597	0.102397724268789	0.168955610309103	-0.716846852660382	2	2	1	2	3
36.4633342852904	-9.69252448758184	-0.756112311064979	0.693169918393312	0.688909481029234	0.138182582955035	2	2	1	2	3
46.1558587728722	0	-0.244085884966729	0.854948780509054	0.930221458064657	0.813127060918228	2	2	1	2	3
60.0923887780205	13.9365300051483	0.252513367545831	0.503940125705967	0.803686831172492	0.790854623555439	2	2	1	2	3
72.1362776054115	25.9804188325393	0.597669109910809	-0.178049327011122	0.356081085209629	0.0884300658411268	2	2	1	2	3
12.4901195339099	-35.0834543482624	-0.598864724583801	-0.846984417321774	-0.951370429992488	-0.773021331029149	1	1	1	2	4
24.8699225007781	-22.7036513813941	-0.47899916237876	-0.443488333722569	-0.190757408399512	-0.532695504177145	1	1	1	2	4
36.5180410758369	-11.0555328063353	-0.111036137212374	0.0640401739359722	0.554089602695844	-0.0693868773513209	1	1	1	2	4
47.5735738821722	0	0.401200661587612	0.542007626181256	0.773844834355716	0.47804972662389	1	1	1	2	4
60.3518356200907	12.7782617379185	0.91317955386991	0.864601710883893	0.318239841280596	0.945546107306443	1	1	1	2	4
72.6142709108435	25.0406970286713	1.28044162985508	0.94690805262973	-0.501183059821192	1.19299236094714	1	1	1	2	4
13.0086968873139	-33.4471439909344	-1.3516764128754	-0.52894333108077	-0.730206356885656	-0.969079841241033	1	2	1	2	5
23.2880495716714	-23.1677913065769	-1.18777591667326	-0.420616092024223	-0.212134539328606	-0.721071183897351	1	2	1	2	5
36.4205965736845	-10.0352443045638	-0.455154626868523	0.0771029860149751	0.334699343566825	-0.231560133832188	1	2	1	2	5
46.4558408782483	0	0.330750020558886	0.743001135603096	0.74078140522114	0.33956224534303	1	2	1	2	5
61.1936041713297	14.7377632930814	0.617012957730214	1.2811178862681	0.880229635220581	0.805747836590989	1	2	1	2	5
71.6513430001409	25.1955021218926	0.202233220183995	1.45228560134633	0.709816259677631	1.01472446951832	1	2	1	2	5
11.3770919031741	-38.6237851905492	-0.797499618293828	0.110498147568521	0.0458393997098524	-0.826434925049643	1	2	2	1	6
24.3966591548905	-25.6042179388329	-0.274399754723356	0.694053049083603	-0.603585701118416	-0.927219055644806	1	2	2	1	6
35.432701475179	-14.5681756185444	0.651583744607991	1.07416547801516	-0.786077954875616	-0.307430668023453	1	2	2	1	6
50.0008770937234	0	1.18642319095583	1.110905882794	-0.395990179694539	0.559792917333357	1	2	2	1	6
60.3507342576156	10.3498571638922	0.871495585379507	0.790749137762902	0.340850646675057	1.01242599676824	1	2	2	1	6
73.3751228666432	23.3742457729198	-0.0231497257145418	0.231553503673756	0.997877614197507	0.704935148484109	1	2	2	1	6
12.583585790345	-36.0307634019168	-0.114717900791014	-1.35721835707685	-0.288207651087452	-0.595462356166072	2	2	2	2	7
23.8036909644924	-24.8106582277694	0.645872350655361	-1.1473118375554	0.4572106666979	0.249161101863227	2	2	2	2	7
36.1507153034267	-12.4636338888352	1.30242797668913	-0.743212033338257	1.18679427688028	0.865652897462136	2	2	2	2	7
48.6143491922618	0	1.45432511925664	-0.246297692320545	1.42646961109707	0.807981026670414	2	2	2	2	7
58.9242469108421	10.3098977185803	1.00887761915103	0.21876754256155	1.02049887678427	0.11787110576553	2	2	2	2	7
72.0935568825126	23.4792076902508	0.237893208994628	0.535310189386311	0.232676369729822	-0.705382124963205	2	2	2	2	7
12.6748450702708	-35.8914174332279	-0.866053252929193	-0.759046392103001	-0.628051313401794	-0.601347568711052	1	1	1	2	8
24.9130269400773	-23.6532355634214	-0.148434434880169	0.10448287811715	-0.419695510667325	0.0599592629556441	1	1	1	2	8
36.1513787902084	-12.4148837132903	0.484389736953943	0.633433011554246	-0.00497636604821089	0.655949858034755	1	1	1	2	8
48.5662625034987	0	0.690407712949828	0.43323861306808	0.506299311068516	0.915249190884593	1	1	1	2	8
59.2620463224704	10.6957838189717	0.358276516090033	-0.346767181852227	0.978759060670323	0.719789352913985	1	1	1	2	8
72.9213765200879	24.3551140165892	-0.332502642432698	-1.12474636007574	1.28730786763507	0.15856993401437	1	1	1	2	8
15.306592948792	NaN	-0.172271120312307	-0.502660409003897	-0.254597388902709	-1.43811199412981	1	2	2	1	9
25.3482693712632	NaN	-0.713551601561559	-0.835384193726385	0.61208573381395	-1.28517279242656	1	2	2	1	9
37.1216974789332	NaN	-0.90790790181002	-0.310172168346007	1.00541321074308	-0.84830011697269	1	2	2	1	9
47.3193147857624	NaN	-0.67158728728422	0.619264236621508	0.618487534501828	-0.273993606365249	1	2	2	1	9
60.380482945336	NaN	-0.106425908848628	1.15001895563853	-0.246788853443047	0.245160429985357	1	2	2	1	9
71.5763687721767	NaN	0.5440348077408	0.823592428182276	-0.915275816097302	0.535070356289502	1	2	2	1	9
10.4190478282934	NaN	0.0398643587674581	-1.02043732051265	-0.363155046642024	-0.186883387243301	1	2	2	1	10
24.0836283036056	NaN	-0.602790148973709	-1.00913220828197	0.378662699252149	0.538789387775737	1	2	2	1	10
34.0905667648047	NaN	-0.566757550147006	-0.280844814365138	1.0184994410812	1.22446676070124	1	2	2	1	10
47.6395628091244	NaN	0.121390932062006	0.576144081154008	1.18811728442429	1.46819132993547	1	2	2	1	10
61.1460379285862	NaN	0.954199618602211	0.869593887280483	0.789898019188769	1.12708701640216	1	2	2	1	10
72.7269080697641	NaN	1.31753724496612	0.362467848599508	0.0530242073653031	0.401115797782793	1	2	2	1	10
12.5243775676317	NaN	-0.0659061170338037	-0.825587681956447	-0.19403920472835	-0.664820352015221	2	1	2	1	11
25.1225493572496	NaN	-0.647850398026012	-1.21006277462884	-0.643068748177473	0.0600378571822782	2	1	2	1	11
35.353818014446	NaN	-0.894732712622534	-1.34868654440825	-0.4320906504997	0.647538905005251	2	1	2	1	11
47.2536998175255	NaN	-0.696605500630741	-1.20189198009958	0.297841975713744	0.785077034593577	2	1	2	1	11
61.0347068583005	NaN	-0.141703529299418	-0.811578260888514	1.05871985346889	0.399469038434	2	1	2	1	11
70.9517266694237	NaN	0.522850931825038	-0.289151585886538	1.34184471436499	-0.304105399220217	2	1	2	1	11
12.8010843751371	NaN	-0.893526591996008	-0.321849096457041	-0.629646702373127	-1.01947481865533	1	2	1	2	12
24.8996669324491	NaN	-0.581678889372288	0.320346653244496	0.282456920808584	-1.29841036222396	1	2	1	2	12
37.0089873605868	NaN	0.151551456090408	0.887384869591796	0.989976843211249	-0.731810809045537	1	2	1	2	12
48.8594997508462	NaN	0.85715849383979	1.13993675404569	0.862773215101549	0.193722740724821	1	2	1	2	12
60.2288585382733	NaN	1.10305187101258	0.97140818766916	0.0141376521139615	0.683333247362435	1	2	1	2	12
71.3648332684108	NaN	0.738654636947633	0.452929718893749	-0.800107897553411	0.316538538156618	1	2	1	2	12
12.4743359589683	NaN	-0.725195332975201	-0.445317679321081	-0.52908249826174	-0.345447928366251	2	2	2	1	13
22.9909376292998	NaN	-0.0463857902631146	-0.949841096271283	-1.29450852726098	-0.839463802652582	2	2	2	1	13
36.0608484522895	NaN	0.629156572316039	-1.22975408258011	-1.44949173612937	-0.492150338562028	2	2	2	1	13
47.2838907942634	NaN	0.944487615759115	-1.19453959622064	-0.877056478233889	0.403100564874178	2	2	2	1	13
58.5919234506376	NaN	0.732992225992401	-0.855585144374273	-0.0092559091181551	1.09002867064981	2	2	2	1	13
71.9673240648336	NaN	0.106420670630784	-0.322500340969871	0.498925902543555	0.988353735442963	2	2	2	1	13
11.8454892913924	NaN	0.0930178022375252	0.390763485112938	-0.222174751157376	-1.08704621928676	2	2	1	2	14
24.0907632467545	NaN	0.785903648624106	-0.252016334104708	-0.725611605056103	-1.10541278990566	2	2	1	2	14
36.7379195437583	NaN	1.10417067645119	-0.521725661179105	-0.803348825992857	-0.599322607734144	2	2	1	2	14
48.6561622515012	NaN	0.872420986530256	-0.280539866463281	-0.418358877153083	0.147726888037944	2	2	1	2	14
59.9706716911111	NaN	0.218372517559648	0.348292279993186	0.245981098157623	0.717259650136335	2	2	1	2	14
72.5233494072825	NaN	-0.497526687167769	1.04343017556603	0.873234872907045	0.790239496320109	2	2	1	2	14
13.4056954794758	NaN	-0.12744683759206	-1.23015627939777	-0.0766204564484854	-1.05842658493233	1	1	1	1	15
22.2076253324901	NaN	-0.673306225221373	-0.819843779880907	-0.755619354616881	-1.35296319997889	1	1	1	1	15
36.2367487533156	NaN	-0.533337310035831	-0.308004773123574	-0.915425109780322	-1.20101990124576	1	1	1	1	15
48.2925326460862	NaN	0.192895365456181	0.16898230311131	-0.454700466701596	-0.67087276777691	1	1	1	1	15
59.3045704462527	NaN	0.988798356244727	0.484025235390985	0.334396318478951	-0.000744662255047268	1	1	1	1	15
72.104536599006	NaN	1.28821940592435	0.553181490291226	0.951477119908655	0.508240773252767	1	1	1	1	15
12.8302364435028	NaN	0.307660746732509	-1.47618336095095	-0.562963439676298	-0.204577467526189	2	2	2	2	16
24.4221669419396	NaN	1.06757532641815	-1.30007673957113	-0.359943825034759	0.570988063193238	2	2	2	2	16
33.3160894441078	NaN	1.37130030839149	-0.793360699640473	0.497821496191546	1.25272767004832	2	2	2	2	16
46.8773281354037	NaN	1.01968977308555	-0.159575118288907	1.27449991002591	1.39956332070356	2	2	2	2	16
58.8341903168495	NaN	0.243287164533148	0.34669828772428	1.30381907678692	0.916493963120205	2	2	2	2	16
73.4689318637882	NaN	-0.448837073241627	0.522097440363872	0.560627595988338	0.116060162027005	2	2	2	2	16
