age	diseaseAge	x1	x2	x3	x4	z1	z2	z3	z4	id
12.002580730426	-36.6729271922141	-1.00608955665859	-0.89341306235394	-1.21861617742801	-1.45429336436838	2	2	1	2	1
22.3612307361274	-26.3142771865128	-0.735413887573557	-0.617945937545384	-0.701975494189306	-1.10474499127612	2	2	1	2	1
37.9474277418426	-10.7280801807976	-0.0752210248038743	0.105232926149361	0.00837545553498575	-0.350254493839121	2	2	1	2	1
48.6755079226402	0	0.621886639709151	0.828580538706119	0.553664386867731	0.338471023868442	2	2	1	2	1
60.3891408181072	11.7136328954671	0.983590888351495	1.10444947899237	0.658485803570216	0.531753527406929	2	2	1	2	1
70.6326216654492	21.9571137428091	0.816709106710199	0.762116822723888	0.269898241723787	0.109009062680348	2	2	1	2	1
11.5609612929046	-36.1465958362524	-0.660921714799073	-0.84639486117183	-0.939939197161683	-1.21810241795838	2	1	1	1	2
24.7551230904342	-22.9524340387228	-0.843017599766707	-0.439019529681975	-1.09773243122509	-0.760828488933674	2	1	1	1	2
35.7611673200742	-11.9463898090828	-0.771946480092592	0.211403568588975	-0.970612504106723	0.0450808011912351	2	1	1	1	2
47.707557129157	0	-0.465818556392729	0.814092120887609	-0.5948136568808	0.666379593497635	2	1	1	1	2
61.1305351928031	13.4229780636461	-0.00264073411318158	1.09960432606436	-0.0774535251098394	0.691973224841444	2	1	1	1	2
71.8219902874973	24.1144331583404	0.499560940148945	0.940297270512192	0.433999652655914	0.10492716165169	2	1	1	1	2
12.0229318329533	-34.4515861853113	-0.212165026966207	-0.557286564320027	-0.436395830282959	-1.11307570892452	1	1	1	1	3
22.4304863444518	-24.0440316738127	-0.672838037600561	-0.565144763176683	-0.338710246220924	-1.44545014908289	1	1	1	1	3
35.0007447912709	-11.4737732269936	-0.63919420838147	-0.25968288553319	0.467084321984877	-1.23170061944902	1	1	1	1	3
46.4745180182645	0	-0.128769398032083	0.259639512349773	1.29654265580393	-0.588997364237995	1	1	1	1	3
59.4806411972936	13.0061231790291	0.592392439152465	0.823729070449212	1.44511943692163	0.130351485159711	1	1	1	1	3
72.3081425910862	25.8336245728216	1.14840685758656	1.24891607006677	0.786612936717368	0.532023281559143	1	1	1	1	3
12.6618943773814	-32.7349221541701	-0.751017323182095	-1.34507403696373	-0.911010449713185	-0.3004138099061	1	1	1	2	4
23.0099993670005	-22.3868171645511	-1.37773598969717	-0.859178188624197	-0.681830333643362	0.133621849699311	1	1	1	2	4
35.5692353889631	-9.82758114258848	-1.42573411712141	-0.171276130719428	-0.259450510820405	0.649781507300166	1	1	1	2	4
45.3968165315515	0	-0.863781377738997	0.390737326158905	0.247120513610272	1.11018947325322	1	1	1	2	4
59.8503169165064	14.4535003849549	-0.0575163735851101	0.558973325049996	0.707146025583818	1.39186235494297	1	1	1	2	4
73.2651435557574	27.8683270242059	0.46845875653283	0.253240637628238	1.00190185628498	1.41956017139668	1	1	1	2	4
9.92409714579358	-36.8583965938266	-1.49187866562323	0.101854233261274	-0.935049850613223	-0.719029300446417	1	1	1	1	5
25.1146506154191	-21.667843124201	-1.29047364160989	-0.404669120554553	-1.08947098123127	-0.210473253793605	1	1	1	1	5
36.969509574371	-9.81298416524913	-0.737984171877805	-0.528054917047922	-0.517250176082573	0.420299852937563	1	1	1	1	5
46.7824937396201	0	-0.0774319942367654	-0.213649363194105	0.350142388414253	0.922302450720835	1	1	1	1	5
60.156828088974	13.3743343493539	0.400627963266892	0.399281462134725	0.858668936176644	1.09578535824531	1	1	1	1	5
72.1540031440384	25.3715094044183	0.485913029171302	1.03923957928417	0.624886507245172	0.871718915301114	1	1	1	1	5
10.1705402700464	-37.1648910279013	0.165067072396832	-0.927582874483387	-1.12545487584011	-1.39061478173443	2	1	1	1	6
25.5423825706007	-21.7930487273471	0.960319593758051	-1.17272060976534	-0.363467839538045	-1.41938240508142	2	1	1	1	6
37.1404734659761	-10.1949578319717	1.27658343344228	-1.03944389034792	0.450290633029904	-0.908882616734002	2	1	1	1	6
47.3354312979477	0	0.891973504058794	-0.578417430783321	0.686886587222207	-0.152244574594575	2	1	1	1	6
60.5624565640893	13.2270252661415	0.0763252944760055	0.0351010489234456	0.163460815867997	0.41606989159303	2	1	1	1	6
69.701151782933	22.3657204849853	-0.598116912039108	0.567884479688536	-0.715443746689753	0.469734415589548	2	1	1	1	6
11.8573650496234	-35.2844737670359	-0.184418302689057	-0.839527763640359	-0.880123140344153	-1.13798168267971	2	2	1	2	7
24.3604544667375	-22.7813843499218	-0.726248974260603	-1.02918925968961	-0.84845262769647	-0.53074677389356	2	2	1	2	7
36.9257025991863	-10.2161362174729	-0.772898886305653	-0.976934153592066	-0.497503082051586	0.153726810822403	2	2	1	2	7
47.1418388166592	0	-0.298809787138282	-0.695535857942459	0.05343634251857	0.581943996699618	2	2	1	2	7
62.3094450843211	15.1676062676619	0.43627745799891	-0.253780311612952	0.61709913230165	0.545265143567647	2	2	1	2	7
73.6524969901852	26.510658173526	1.029628009988	0.240348284795259	1.00189405086652	0.061561235991584	2	2	1	2	7
13.1761774724554	-34.2917236814251	-0.987182047949073	-0.366662526171328	-0.401805547781566	-0.700422278966594	1	2	1	2	8
24.061233106203	-23.4066680476775	-0.422643927495916	0.200005026518586	0.0839562198993718	-0.0613490609021907	1	2	1	2	8
36.5028732665586	-10.9650278873219	0.295458330524801	0.848645299045631	0.618647225060228	0.604121660227875	1	2	1	2	8
47.4679011538805	0	0.795145947418904	1.30080467424848	1.04780424742284	0.972774847068168	1	2	1	2	8
59.5641533976671	12.0962522437866	0.817579478824821	1.36237646635487	1.2474510557821	0.865557913573361	1	2	1	2	8
70.7997593480412	23.3318581941606	0.351138298959853	1.00692863135938	1.15991305183772	0.334545465078174	1	2	1	2	8
11.5837328609588	NaN	-0.660242990440342	-0.655684028258821	-1.13490631619749	-0.033495316591098	1	2	2	2	9
25.8675526640078	NaN	-0.826050019373631	-1.22714851939681	-1.13753008033265	0.562047240401641	1	2	2	2	9
36.6006936682333	NaN	-0.45221089658207	-1.44569697901697	-0.549250797576912	0.980355937509191	1	2	2	2	9
47.8815391781077	NaN	0.257177942645689	-1.21262110517165	0.250954101949744	1.06735945901938	1	2	2	2	9
59.9536238378076	NaN	0.914827623248091	-0.633190565614266	0.747581854030561	0.791012697758112	1	2	2	2	9
72.0979263007084	NaN	1.16169612073775	0.0308924764108261	0.620698177913381	0.253099597962568	1	2	2	2	9
10.6069106415257	NaN	-0.829478971863463	0.101676750846358	-0.393644252740368	-0.704596471352532	1	2	1	2	10
24.3219415454864	NaN	-0.242052268643895	0.918802603195841	-0.928989257762323	-0.69578863935752	1	2	1	2	10
36.0465360283171	NaN	0.620946827342285	1.10219234604708	-0.696561772959605	-0.240899983037626	1	2	1	2	10
49.4458472695653	NaN	1.11359952414127	0.50334487392696	0.121842083778585	0.442794129922996	1	2	1	2	10
60.9359386751336	NaN	0.867175847122494	-0.392818954249572	0.886097311113287	1.0287305115592	1	2	1	2	10
70.7833260606485	NaN	0.0661136300091715	-0.860624315560845	0.99843194793626	1.23703948169588	1	2	1	2	10
11.9160124039816	NaN	0.125925144253956	-0.473200284473888	-0.612238342750451	-0.276433066599202	1	1	2	2	11
22.5182198478683	NaN	-0.479585819472168	-0.0804168693601565	-0.225552867669605	0.169390255344144	1	1	2	2	11
35.8099003743185	NaN	-0.807587308808352	0.50150176787503	0.444477044403905	0.667578807914847	1	1	2	2	11
50.2224856722139	NaN	-0.71868725711996	1.06288699052889	1.07384229223594	1.0942911448652	1	1	2	2	11
60.190697681409	NaN	-0.250665864594041	1.40146846943967	1.35819815236933	1.34345362667261	1	1	2	2	11
73.0134096062255	NaN	0.397580000144089	1.39525334761051	1.16003750010367	1.35312857544689	1	1	2	2	11
11.5075657958044	NaN	-1.0976071775415	-1.275722533954	-1.23275559005729	-0.662945227884041	1	1	1	1	12
24.263800121254	NaN	-1.31234440703685	-0.916692496254037	-0.729054710465284	-1.15993590113918	1	1	1	1	12
36.9094914257345	NaN	-1.15972711271293	-0.177208189188897	-0.0893136260536766	-1.24085089508317	1	1	1	1	12
46.2834357377014	NaN	-0.695901079678824	0.501222188558663	0.424596325191289	-0.867983670718349	1	1	1	1	12
57.9238734969867	NaN	-0.0915014701819889	0.713542611932792	0.602311466750795	-0.215091054204767	1	1	1	1	12
70.0564085457245	NaN	0.431121485122862	0.332987432532497	0.371085959668126	0.41357777014809	1	1	1	1	12
10.8304487431183	NaN	-0.77502070303966	-1.31132694356106	-1.49968745479434	-0.292741356249572	1	1	2	1	13
22.2597326355895	NaN	-0.887925002907754	-0.686954200311429	-1.11150332755359	-0.979863950279639	1	1	2	1	13
36.8455224058821	NaN	-0.753582605285937	0.205235966738377	-0.227962880120366	-1.0098378709032	1	1	2	1	13
48.449907956812	NaN	-0.405217451791622	0.643031683800597	0.435323533030465	-0.360459808979957	1	1	2	1	13
60.722936503225	NaN	0.0710169890788262	0.272045201679032	0.341137014210462	0.487240675197142	1	1	2	1	13
71.8807881451247	NaN	0.557344158772218	-0.607416603022974	-0.434237476095155	0.905325843854589	1	1	2	1	13
13.3199165799028	NaN	-0.950926466436804	-0.285656431781073	0.23935111350397	-0.407976837150043	1	1	2	2	14
24.1976939367692	NaN	-1.15123260026585	-0.777308540128641	0.973152481337831	0.375124156248915	1	1	2	2	14
34.5586149744504	NaN	-0.900162201854095	-0.988670094137063	1.27741573347214	0.792845648925918	1	1	2	2	14
47.6684077228169	NaN	-0.31113376666204	-0.844454979082119	0.964287923272126	0.578627427850854	1	1	2	2	14
60.4646430156182	NaN	0.34976510866195	-0.396032024777392	0.227094999260158	-0.130831640277423	1	1	2	2	14
70.9653195288509	NaN	0.783980088103128	0.196872359964783	-0.47901815319711	-0.882805124926286	1	1	2	2	14
12.6597156354249	NaN	-0.912237427409332	-1.18761374788073	-0.787306148126378	-0.83628635391852	1	2	2	1	15
24.7971379121341	NaN	-0.895955552717364	-1.39233567943628	-1.31898466501785	-0.960503951387658	1	2	2	1	15
36.4800433179441	NaN	-0.530509772829375	-0.858162340600061	-1.24633470180884	-0.559078788017707	1	2	2	1	15
46.9619244386031	NaN	0.0489543096545959	0.0111712694045475	-0.615595192650325	0.152482281105259	1	2	2	1	15
60.2568447968773	NaN	0.62814492582596	0.558611758274702	0.17179219143452	0.79217458312755	1	2	2	1	15
72.1981361801532	NaN	0.992871437427082	0.370396646156259	0.614685374168773	1.01657650722068	1	2	2	1	15
12.1962947676632	NaN	-0.923909611737018	-0.135980028253619	-0.888457741512503	-0.289768367275691	1	2	1	1	16
24.845607446209	NaN	-1.23221696760005	0.535193517621597	-0.653358326761555	0.336118306487123	1	2	1	1	16
36.5964008231237	NaN	-1.18620586067319	0.91486997308969	-0.240825467092912	0.986969540715418	1	2	1	1	16
48.994612007698	NaN	-0.802619978929092	0.817601762634275	0.249389184411036	1.36203380519532	1	2	1	1	16
61.4602015240118	NaN	-0.221048276940017	0.29089816301979	0.698750290002881	1.28799783640567	1	2	1	1	16
71.6868800653289	NaN	0.346872191499568	-0.407979928593744	0.998601018928047	0.79907287914923	1	2	1	1	16
