age	diseaseAge	x1	x2	x3	x4	z1	z2	z3	z4	id
11.9293590146574	-49.4339907764027	-1.005812421086	-1.3839134626495	-0.888903879982828	-0.936857587981071	2	2	2	2	1
25.2600544329991	-36.1032953580611	-1.22078345258274	-0.762636671395734	-1.29621176050053	-0.732292913532712	2	2	2	2	1
35.5575063010506	-25.8058434900095	-0.742735792340322	0.0345271883974145	-0.948871314867998	0.0324882854959564	2	2	2	2	1
46.8433843842407	-14.5199654068195	0.0919781887212565	0.491040872543601	-0.109194972170007	0.805650813287115	2	2	2	2	1
61.3633497910602	0	0.69605716079784	0.311097794422841	0.58869145855606	1.02931184601543	2	2	2	2	1
70.7454614020869	9.38211161102677	0.644473639437687	-0.388704560339988	0.61774228720726	0.542086624289331	2	2	2	2	1
12.1093062633674	-36.5998194061553	-1.1269275008983	0.00231180257152269	-0.569574852578663	-0.288413150908093	1	2	1	2	2
22.5974792116286	-26.111646457894	-0.831686885516792	0.608066879865969	-1.15041466040776	-0.745957125666464	1	2	1	2	2
35.3400180453559	-13.3691076241668	-0.0412339534949276	1.08861722781129	-1.46239402234241	-0.718247657229753	1	2	1	2	2
48.7091256695227	0	0.68682828983368	1.26735220827375	-1.3802406478244	-0.219484854624242	1	2	1	2	2
59.5074111136444	10.7982854441217	0.83890861277918	1.07858359713435	-0.936942428549967	0.494733229396759	1	2	1	2	2
71.4438922845671	22.7347666150445	0.307726187235074	0.591687152865634	-0.310501470121555	1.05839543569444	1	2	1	2	2
10.5114300252343	-37.7982544313628	-1.35569637626737	-0.694076753219637	-0.872871368525295	-0.62948765397957	2	2	2	1	3
24.2502028943087	-24.0594815622884	-0.826115890522111	-0.0628338027435995	-0.385141443202373	-1.11138803240689	2	2	2	1	3
36.1742561418818	-12.1354283147152	-0.0522211952352212	0.630614539101446	0.523634276823022	-0.704934451964736	2	2	2	1	3
48.309684456597	0	0.50225670517391	1.03229321624528	1.10019400904692	0.228426370827666	2	2	2	1	3
58.975331985148	10.6656475285509	0.505065121481508	0.937162828224568	0.86664161029019	0.858685251750534	2	2	2	1	3
73.8078522694277	25.4981678128307	-0.0454787976397196	0.393783278353835	0.0165629041162588	0.625372277317462	2	2	2	1	3
11.6813209154944	-37.4827255506068	-1.25034525270929	-1.01229246774929	0.145111757581326	-0.344149458305422	1	2	2	2	4
23.5767708134624	-25.5872756526387	-1.19968064940591	-0.285517962888377	-0.399983309397993	0.0999762308388987	1	2	2	2	4
36.3784895591596	-12.7855569069415	-0.475357113991558	0.45014209286974	-0.572646467312284	0.642497473346603	1	2	2	2	4
49.1640464661011	0	0.362636540614196	0.7269080660722	-0.294826306787344	1.12307590850625	1	2	2	2	4
59.6709188933285	10.5068724272274	0.666430890137617	0.368794480161555	0.307890131238407	1.39967993930499	1	2	2	2	4
73.1689256784172	24.0048792123161	0.20115653044706	-0.396487182309103	0.963048270993446	1.39056117804938	1	2	2	2	4
12.0033892038917	-36.6046829193829	-0.112049037763355	-1.1946777817855	-0.677129834817821	-0.750100930685601	2	1	1	1	5
24.5905472821023	-24.0175248411723	-0.636326041960199	-0.506424092017626	-1.19387894938316	0.134409618890162	2	1	1	1	5
35.4611414464959	-13.1469306767787	-0.896968580088884	0.413119853266916	-1.25507433465791	0.615137420678357	2	1	1	1	5
48.6080721232746	0	-0.7997384369888	0.744064649624709	-0.829760222745653	0.313629090186814	2	1	1	1	5
57.9365769516014	9.32850482832676	-0.379790254766135	0.191331270783138	-0.133082328839035	-0.53275267439506	2	1	1	1	5
73.1805805334711	24.5725084101964	0.2110390199443	-0.752248762678121	0.482543897996446	-1.2576930849752	2	1	1	1	5
11.1388907545595	-36.8976392300774	-0.0330444716690461	-1.03649343414963	-0.509046908468775	-0.923977991104555	2	2	1	2	6
24.2216796373123	-23.8148503473246	0.605327089539149	-0.937219245899234	0.131880980219612	-1.29179111885523	2	2	1	2	6
36.4220022562183	-11.6145277284186	1.03752081761963	-0.374222550688932	0.482127974281166	-1.28111396561095	2	2	1	2	6
48.0365299846369	0	1.08150645569895	0.353413629605605	0.380260073299508	-0.896181110229323	2	2	1	2	6
59.1259005612611	11.0893705766242	0.718758244428675	0.859144170510297	-0.126770306149877	-0.289657639902039	2	2	1	2	6
71.8914683654114	23.8549383807745	0.102057554263159	0.874307781976023	-0.805265391138319	0.297908107688675	2	2	1	2	6
11.7587298537638	-36.6566749230363	-0.504810630200756	-0.121954237031826	-0.591292481112257	-0.439608498546352	1	2	1	2	7
24.1017910227481	-24.313613754052	-0.409477082265215	0.435109073313701	0.144485508445741	0.0770365894436469	1	2	1	2	7
35.3100744443861	-13.1053303324141	0.125986310047819	0.935005950459398	0.895455151606141	0.564241151597294	1	2	1	2	7
48.4154047768001	0	0.833504797893327	1.22103639342849	1.16396232313835	0.888709355857823	1	2	1	2	7
60.3832469842697	11.9678422074696	1.35886585497126	1.20353996875607	0.772072132086373	0.961668923345729	1	2	1	2	7
70.6742392700667	22.2588344932665	1.43905237226741	0.888001187125426	-0.0205168145679188	0.763158615989241	1	2	1	2	7
13.3968118760597	-34.7259815608357	-0.351445792363864	-0.83037148483415	-1.43953590642918	-0.234376309475644	1	1	2	2	8
23.0147616139169	-25.1080318229785	-0.88972675874004	-1.2288757516121	-1.19089747524975	-0.759525584439623	1	1	2	2	8
36.9418523851272	-11.1809410517682	-1.2101096115609	-1.42043813003774	-0.575391224011164	-1.11100593652823	1	1	2	2	8
48.1227934368954	0	-1.20340523801448	-1.35551298838101	0.106439742147503	-1.18109783565672	1	1	2	2	8
61.7196669538175	13.5968735169221	-0.871898543778614	-1.0508925443257	0.52166688620987	-0.948319948965366	1	1	2	2	8
73.3527122132033	25.2299187763079	-0.328569738362469	-0.585363731207287	0.46754059358891	-0.484012607199572	1	1	2	2	8
11.7710934635684	NaN	-1.18644969800466	-1.29000788475594	-1.02467392987003	-0.589678930880855	2	2	2	1	9
24.5426038143476	NaN	-1.03535210942157	-1.11722538599413	-0.586813311189055	-0.635326993735386	2	2	2	1	9
38.4563269323006	NaN	-0.412931572249933	-0.745527840279965	0.0846178475747125	-0.101747473796008	2	2	2	1	9
48.6352986297327	NaN	0.328248979353972	-0.264953276157287	0.677158726274026	0.682659711911729	2	2	2	1	9
59.7420308434757	NaN	0.768356370860763	0.208086490313124	0.91506131036925	1.23511881005694	2	2	2	1	9
72.3312500433151	NaN	0.65809684663924	0.55900483221663	0.687613972061629	1.2156101699388	2	2	2	1	9
11.986256314751	NaN	-0.110913931136922	-0.324859853788537	-0.995242131549972	-0.92398755073864	2	1	2	2	10
24.2479210506665	NaN	-0.608426365392212	-0.926800987418224	-1.42444663324199	-1.3815989035706	2	1	2	2	10
35.7736971228796	NaN	-0.637446731421803	-1.09067431972584	-1.29011299426251	-1.19402494628411	2	1	2	2	10
47.1084977084195	NaN	-0.183177831550167	-0.729517247609674	-0.669668378969199	-0.484348177789156	2	1	2	2	10
59.0556907405455	NaN	0.522753114139042	-0.0349848663652823	0.079275615363497	0.281754869050432	2	1	2	2	10
70.8322653833526	NaN	1.12039889691721	0.624355571722054	0.525042975307993	0.601581799980898	2	1	2	2	10
12.6870290258085	NaN	-1.18905208371015	-0.571145919496408	-1.28774839954003	-0.887521158406066	1	2	1	2	11
25.4983353437994	NaN	-1.02399614326055	-1.04356009526803	-1.26320961573178	-0.985413425371285	1	2	1	2	11
36.068806921594	NaN	-0.638429935344063	-1.3124974497605	-0.758529078690797	-0.691179321612292	1	2	1	2	11
47.2881504545803	NaN	-0.134450914876401	-1.29979769509114	-0.0371962943694524	-0.121780834145478	1	2	1	2	11
61.4748345356839	NaN	0.354487896938327	-1.00915171489666	0.52418689702171	0.496438531475509	1	2	1	2	11
73.8865460554248	NaN	0.698916107542764	-0.525028896208905	0.632527005852813	0.917728318416231	1	2	1	2	11
12.4821924255179	NaN	-0.993276927906964	-0.714498817828506	-1.1055500087557	-0.743567118874849	1	1	2	2	12
23.270786195509	NaN	-0.97832501719512	0.160618796348123	-0.518286024893786	-0.706069042696741	1	1	2	2	12
35.1742843892981	NaN	-0.34744446179674	0.699236866252403	0.214451805033674	-0.345116199478273	1	1	2	2	12
47.1713092799443	NaN	0.469116146662963	0.488863353613268	0.694790189347108	0.214435121560564	1	1	2	2	12
58.9216368531937	NaN	0.914477936644566	-0.309390550030197	0.661907581401716	0.779031931752029	1	1	2	2	12
72.0288493805316	NaN	0.684912601317831	-1.08419485378065	0.133659086977334	1.15337596997872	1	1	2	2	12
9.76155680977266	NaN	-0.66687854274499	-1.00790859772359	0.381616555971485	-0.740027909302991	2	1	2	1	13
23.1435626199626	NaN	-1.06967492319815	-0.212420274462964	-0.337026175574786	-0.0914668902749572	2	1	2	1	13
36.9852124804941	NaN	-1.15765679943878	0.486855817153777	-0.594289800843783	0.42525677780245	2	1	2	1	13
47.1029981427446	NaN	-0.900071943926638	0.608759129132434	-0.229774368389067	0.592764062550508	2	1	2	1	13
58.4910846134284	NaN	-0.38695376383714	0.0694099677481044	0.529250302334399	0.340586793601868	2	1	2	1	13
71.2050503400362	NaN	0.202347996275625	-0.760074248338583	1.20954389138868	-0.225187280216465	2	1	2	1	13
13.1248077983517	NaN	-1.05741467153302	-1.34294125949076	-1.06175973455774	-0.904919793050649	2	2	1	1	14
24.5456110204728	NaN	-1.05330674203441	-0.65060589994533	-1.31137865313093	-1.24175278359036	2	2	1	1	14
36.9587173490742	NaN	-0.375204914690627	0.248836705971134	-1.29333295835396	-1.27393607434764	2	2	1	1	14
47.603238816117	NaN	0.468739744878051	0.585450784335421	-1.01258448444782	-0.991050881891637	2	2	1	1	14
60.9202769881515	NaN	0.846098063365546	0.0710898550563628	-0.546327675989793	-0.484676391776258	2	2	1	1	14
72.4473712452377	NaN	0.474087980721633	-0.853945747464142	-0.0227642462733563	0.0812574179482811	2	2	1	1	14
12.3336027103528	NaN	-0.77139762732553	-0.209357613560599	-0.768563631450583	-0.265054616238824	2	1	2	1	15
24.104503140083	NaN	-0.178107339890466	-0.751100130670178	-0.749079874864908	-0.514335022020234	2	1	2	1	15
36.2808501756063	NaN	0.427342813752956	-0.471008272729536	0.0478149626770895	0.0954495593515308	2	1	2	1	15
49.4139616979054	NaN	0.803092215689924	0.397681840428369	0.91129972925954	1.02759974902367	2	1	2	1	15
60.2522759738746	NaN	0.799039355520761	1.13160069417402	1.07115581192576	1.4616874104416	2	1	2	1	15
72.2360589364399	NaN	0.416803238970277	1.11960454809865	0.384793398986101	1.01565208263635	2	1	2	1	15
12.7170002438841	NaN	-0.543755640206692	-0.458485256326992	-0.474637629839466	-1.4504747567184	2	1	1	2	16
26.0175420217178	NaN	0.268867546046819	0.431687362977437	-1.11208413435868	-1.22699525757931	2	1	1	2	16
34.3583538965956	NaN	0.902425511580966	0.789944082417972	-1.22699743823605	-0.539380474560134	2	1	1	2	16
47.4821022703442	NaN	0.928182632434302	0.318203814749022	-0.748967165636007	0.198365981727782	2	1	1	2	16
60.2423935853294	NaN	0.328708782428561	-0.591030398903267	0.0291050783282099	0.542056894602083	2	1	1	2	16
75.3108978108823	NaN	-0.490325509277816	-1.18124651491385	0.630474153831847	0.284760588976453	2	1	1	2	16
