age	diseaseAge	x1	x2	x3	x4	z1	z2	z3	z4	id
13.4616800854802	-34.0136572571485	-1.43572840277259	-0.530890037555624	-0.923317337109382	-0.12567591634132	1	2	1	1	1
24.1874345821484	-23.2879027604802	-1.12655402629147	-0.562268339265454	-1.01991935570389	-0.848008870920846	1	2	1	1	1
34.0793163096756	-13.396021032953	-0.310852276605335	0.0454632615393883	-0.326941907057738	-1.01012023148356	1	2	1	1	1
47.4753373426287	0	0.410859060785103	0.872194300610378	0.567962146041628	-0.500032698016011	1	2	1	1	1
60.4724307994215	12.9970934567929	0.507257729592886	1.34642518804168	0.905903853093218	0.329914297069711	1	2	1	1	1
71.5819021094432	24.1065647668145	-0.092624752399829	1.14033134137633	0.400304751851072	0.906440612632445	1	2	1	1	1
11.6842714742965	-34.1761726174206	-0.501829881917199	-0.877644622976059	-0.174060012175927	-0.111061563203084	2	1	1	2	2
25.3239595998081	-20.536484491909	0.273389040210732	-1.29887533535888	0.516019200227246	0.660525659741443	2	1	1	2	2
35.8896022414946	-9.97084185022249	1.04179988090345	-1.14037174739972	1.12366071040279	0.889903241376138	2	1	1	2	2
45.8604440917171	0	1.24370197637437	-0.495642023278428	1.3486220564933	0.41288378139754	2	1	1	2	2
60.2151854599228	14.3547413682057	0.732032413308649	0.254959715871214	1.07974732297641	-0.429084421411692	2	1	1	2	2
70.8273089954037	24.9668649036866	-0.120515219237749	0.668620839989595	0.449890520926885	-1.03332446474823	2	1	1	2	2
10.9440395393067	-38.2852281071579	-0.707892135270904	-0.624191896821299	-0.412236465702228	-0.758882463572089	1	1	1	1	3
24.4981570480875	-24.7311105983771	-0.897916857836196	-0.0717379737387661	0.213268809786907	-0.503638842785247	1	1	1	1	3
36.0664288580994	-13.1628387883652	-0.516699740619114	0.541635311332136	0.856005052458964	-0.0790759604339038	1	1	1	1	3
49.2292676464646	0	0.215947246197769	0.979369412746402	1.22398915750559	0.412224746272514	1	1	1	1	3
60.1528510824606	10.923583435996	0.877575659595463	1.07264422547156	1.15005279929299	0.851556874370017	1	1	1	1	3
73.269306752339	24.0400391058744	1.08668677218367	0.785486624201012	0.667783888375874	1.13277049180867	1	1	1	1	3
11.648038443653	-37.4424516581495	-0.249706272266032	-0.0371027697082662	-0.393293502023467	-0.262448461510144	2	2	1	2	4
22.5275412173946	-26.5629488844079	-0.896549192119486	-0.545614774764018	0.163277576110225	0.552372046426882	2	2	1	2	4
36.4194735020043	-12.6710165997982	-0.760913414418768	-0.480850208240255	0.791691660380031	0.700803332812129	2	2	1	2	4
49.0904901018025	0	0.0453407367343859	0.118138422568398	1.23857158706354	0.0598645109987427	2	2	1	2	4
58.9987045407382	9.90821443893575	0.857286557005648	0.890165841057505	1.32373493953156	-0.839402571215648	2	2	1	2	4
71.3339099772141	22.2434198754117	1.00530335966885	1.36970578787762	1.01284377208623	-1.25192141549755	2	2	1	2	4
13.927497925573	-33.1771109353318	-0.653272050638247	-0.579613126872648	-0.74808162322135	-0.944215395775986	1	1	1	1	5
25.2731287494058	-21.8314801114989	0.0489265399422212	-0.333732617962396	-0.403478181832842	-1.34087453025069	1	1	1	1	5
34.7263937117728	-12.378215149132	0.886921524840269	0.468453309520181	0.140756420296146	-1.43436221994574	1	1	1	1	5
47.1046088609048	0	1.22755326636635	1.22496298155028	0.702503149895992	-1.19310388155194	1	1	1	1	5
60.8713453565582	13.7667364956534	0.813452360243604	1.36809140208814	1.09378283229296	-0.698582237869486	1	1	1	1	5
71.0538419518781	23.9492330909734	-0.0425010636791197	0.790431194309931	1.18366024723935	-0.117817298565762	1	1	1	1	5
11.6427938122625	-36.4207568246441	-0.657897990207646	-0.147559399441772	0.173055032482371	-1.3135065560945	1	2	2	2	6
23.1903814942153	-24.8731691426913	0.158711970818605	-0.873804270875181	-0.430248311504382	-1.06562531697741	1	2	2	2	6
36.4804664465972	-11.5830841903094	0.561675759363425	-1.03310538856678	-0.600509056490556	-0.601802341331033	1	2	2	2	6
48.0635506369066	0	0.270528128657658	-0.514272127509876	-0.247880572767525	-0.0587985660328666	1	2	2	2	6
60.3531999579975	12.2896493210909	-0.512090400206152	0.320554961073129	0.441555017186329	0.403278146786481	1	2	2	2	6
71.796629969691	23.7330793327844	-1.24147257296938	0.888674719166669	1.10398241253015	0.648181756131766	1	2	2	2	6
11.1417551036597	-37.172862827717	-1.32137018637519	0.00215381343328075	-0.183097790948669	-0.516250461941525	2	1	1	1	7
25.1490491911715	-23.1655687402052	-0.877989427281332	0.548527607766981	-0.738215222666794	-0.66409300447958	2	1	1	1	7
36.7488312175155	-11.5657867138612	-0.0279735145032256	1.05544929053634	-0.837096942801061	-0.504874138821046	2	1	1	1	7
48.3146179313767	0	0.602187341360167	1.36811524346282	-0.428141907676602	-0.08748662410845	2	1	1	1	7
59.2466209309058	10.9320029995291	0.548043473701089	1.39104361506771	0.275238277408251	0.459898627614993	2	1	1	1	7
71.9990469348544	23.6844290034777	-0.150499272728077	1.11723254489343	0.905987380004096	0.969191138126164	2	1	1	1	7
11.511640186528	-36.0374834234637	-1.03823919505808	-0.568069021490762	-0.604501034800413	-0.306742733159006	1	1	1	1	8
23.1143145364862	-24.4348090735055	-1.30246635095118	-1.0002950558101	0.0185866848969669	0.390385644628353	1	1	1	1	8
34.644973564785	-12.9041500452067	-1.30044417519084	-0.688767661664252	0.563326469065851	1.09009355483628	1	1	1	1	8
47.5491236099917	0	-1.03273005875914	0.134115190827341	0.815214086246534	1.39450319329187	1	1	1	1	8
59.0731106449909	11.5239870349992	-0.573116516235267	0.854486765837228	0.675062803052185	1.13051684772001	1	1	1	1	8
71.9936693440458	24.4445457340541	-0.0482910734379723	0.934953258165519	0.198060516830092	0.448246166103299	1	1	1	1	8
11.5115194483174	NaN	-0.691687510745765	-0.569004118432488	-0.573596747982434	-1.17123960976875	2	1	1	1	9
24.3794387025835	NaN	0.204245298902626	-0.583016769502837	-0.246427199645742	-0.931357248716331	2	1	1	1	9
36.2863225774767	NaN	0.883027054348828	0.0393990455526951	0.386155861758716	-0.38916020423507	2	1	1	1	9
48.5883335381391	NaN	0.773767894598681	0.865736277325685	1.0317825546413	0.239045737776633	2	1	1	1	9
61.3632249312506	NaN	-0.0316396890991417	1.32178606208639	1.39205443733317	0.702642132648176	2	1	1	1	9
72.617833975518	NaN	-0.855807096046848	1.09064651203076	1.30045954625307	0.816680383641457	2	1	1	1	9
12.9645723338328	NaN	-1.11454752463642	0.34642323746893	-1.1478038966533	-0.603406808003207	2	2	2	2	10
23.6785663476386	NaN	-1.44896480485319	-0.181237966715397	-0.969270403034797	-0.224037853796164	2	2	2	2	10
35.5168577899331	NaN	-1.32538040936259	-0.542547093332527	-0.520910718320952	0.289816403077124	2	2	2	2	10
48.7521163324774	NaN	-0.801178382013294	-0.627419604089997	0.0499422497376441	0.794684320815543	2	2	2	2	10
58.3140556059731	NaN	-0.119761880651872	-0.409996337200401	0.555703777202656	1.14960330529486	2	2	2	2	10
73.0977202873104	NaN	0.402466411048697	0.0434776606813949	0.830178465579778	1.25547753561155	2	2	2	2	10
10.7959406336596	NaN	-0.899557664361101	-0.108321451904481	-0.268932395225951	-0.992419376067859	2	1	1	2	11
24.9574283043898	NaN	-0.250470047637336	-0.854508365989884	0.521815353597915	-0.297649111084766	2	1	1	2	11
35.5336426151601	NaN	0.348276377007064	-0.960642009388355	1.17615631181233	0.549341232791855	2	1	1	2	11
48.1366583328837	NaN	0.631117798040637	-0.345850242005621	1.26724801181071	0.900528269196088	2	1	1	2	11
58.2432777166393	NaN	0.472604705057938	0.521405434710433	0.735669129713392	0.487222497446171	2	1	1	2	11
71.8123796583234	NaN	-0.056957110678684	0.980290055153189	-0.0718185447528407	-0.374360191981374	2	1	1	2	11
10.6806501404431	NaN	-0.749930847335119	-0.594315304648231	-0.586449043757594	-0.441750607054471	2	2	1	2	12
25.2672509961608	NaN	-0.137553579791354	-0.111283476406095	0.288850542469794	-0.743108012793948	2	2	1	2	12
37.6069963603882	NaN	0.444200657959661	0.42216823644122	0.630152852044505	-0.556118790958935	2	2	1	2	12
46.6535422924109	NaN	0.763642066195755	0.852864569640321	0.159403659369371	0.0275524071898889	2	2	1	2	12
58.1382349049231	NaN	0.693549713646521	1.0571354269821	-0.739884241918551	0.721782048412617	2	2	1	2	12
73.1436732381664	NaN	0.261838623650626	0.976326497684452	-1.33507355647515	1.18624935200855	2	2	1	2	12
14.1843525791831	NaN	-0.923561380113124	-0.792931256850245	-1.24007460837713	-0.708001255422355	1	2	2	2	13
22.6300358589688	NaN	-0.502387687454624	-0.46402828486727	-1.15076153691273	-0.263158951439553	1	2	2	2	13
36.5533682945685	NaN	0.276124923955817	0.249131564650701	-0.530557150952348	0.450116970717305	1	2	2	2	13
48.6063823842787	NaN	0.921669446293079	0.937093066742811	0.242017683580066	1.05846053618942	1	2	2	2	13
61.8090146650735	NaN	1.02768213412002	1.2048684331959	0.695447927484279	1.24343286134708	1	2	2	2	13
71.9414744172938	NaN	0.527396228622339	0.898716503477532	0.552997697486972	0.908209743439206	1	2	2	2	13
11.3215916132639	NaN	-1.35865268045561	-0.515922951034836	-1.20622993810935	-0.973849749100728	2	1	2	2	14
23.9964737189553	NaN	-0.785996249375675	-0.0977286910130592	-0.69287484010913	-0.285393995808217	2	1	2	2	14
35.3287644973659	NaN	0.158210028143675	0.484479182220543	0.0502378954727714	0.540201080238437	2	1	2	2	14
49.0406431856225	NaN	0.628631759459758	1.02639274157162	0.611842182899404	0.903479927585032	2	1	2	2	14
59.4635528304147	NaN	0.204107088317229	1.33784410875226	0.681125428113715	0.540669749995203	2	1	2	2	14
71.8655233837497	NaN	-0.735293111380251	1.3095390159506	0.219743719482795	-0.284796952277114	2	1	2	2	14
12.0040220648747	NaN	-0.224132022578954	-0.66290546603806	-0.509524177210804	-0.328767778640922	2	1	1	2	15
23.4269550228356	NaN	-0.671165793959468	-1.20148860928887	-0.809017692816822	-0.882087543469948	2	1	1	2	15
34.8955337100815	NaN	-0.841291842580012	-1.42343015845258	-0.640668055013616	-0.627586985489294	2	1	1	2	15
46.5869239607496	NaN	-0.677742245936119	-1.23835398199508	-0.083647703325482	0.225536718551469	2	1	1	2	15
59.4691360706985	NaN	-0.2350904858855	-0.721624377094532	0.600084615657441	0.976023533234153	2	1	1	2	15
71.7353249594389	NaN	0.338958715016003	-0.083657207369178	1.08897931987569	1.00698002592696	2	1	1	2	15
12.3854548427012	NaN	-0.452543593185472	-0.770958468376947	-0.371715118775539	-0.216930765189146	2	1	1	1	16
24.6007113110713	NaN	-0.882960102991193	-0.0670458840269524	0.187975839974744	0.427726183736605	2	1	1	1	16
35.9406520219016	NaN	-1.01864794162032	0.578217170954552	0.638338567402142	0.913319574705601	2	1	1	1	16
46.9710907728135	NaN	-0.813233413392818	0.822043098530292	0.837595242389723	1.03725963506634	2	1	1	1	16
59.0247319729225	NaN	-0.336920531553504	0.534902548758958	0.723018255607744	0.74783851805265	2	1	1	1	16
72.5970922728094	NaN	0.247502433010142	-0.130664799238911	0.33067736715577	0.16580283880964	2	1	1	1	16
