age	diseaseAge	x1	x2	x3	x4	z1	z2	z3	z4	id
11.1214183817006	-35.8425858630565	-0.767465566971349	0.376280310478356	-0.880591649867628	-1.09700722379346	1	2	2	2	1
22.8215898377486	-24.1424144070085	-1.32602760319313	-0.114109385627243	-1.04927508470221	-1.38405627697064	1	2	2	2	1
35.4255399344207	-11.5384643103364	-1.06159436761244	-0.470006148716602	-0.61034134551298	-1.29686582578989	1	2	2	2	1
46.9640042447571	0	-0.19543923394178	-0.598564071052653	0.164723602941093	-0.868550533927222	1	2	2	2	1
61.9478602111464	14.9838559663893	0.547653456074371	-0.466245120728418	0.796532471656933	-0.261783224441135	1	2	2	2	1
70.097762562109	23.1337583173519	0.545875985490386	-0.10756850198455	0.89430363472576	0.292987755273463	1	2	2	2	1
10.8831806574769	-36.6672577652105	-0.819226363702983	-0.354670151517247	-0.837169423291514	0.315402880820862	2	1	1	2	2
25.439826887471	-22.1106115352164	-0.115237113704816	0.465536355021188	-0.0932123189542801	-0.418372214834207	2	1	1	2	2
33.4700082856453	-14.0804301370421	0.619967591404205	1.1925821418793	0.50581140042205	-0.457903932336738	2	1	1	2	2
47.5504384226874	0	0.935593165175766	1.28285621105813	0.623261372626138	0.228185402872219	2	1	1	2	2
60.3002508701368	12.7498124474495	0.63811214646588	0.668860782188435	0.19313286377923	1.09532324908171	2	1	1	2	2
71.2776943483786	23.7272559256912	-0.0900734318308705	-0.190320722629171	-0.542849779766576	1.45523267690288	2	1	1	2	2
14.0899502015889	-45.6113321701161	-0.432124277617855	-0.778701509639423	-0.316445348404033	-1.04307512576725	2	2	2	1	3
24.8652722945798	-34.8360100771252	0.445271059244461	-0.0938314836468707	-0.690440065914795	-0.594146251267289	2	2	2	1	3
35.2429580769071	-24.4583242947979	1.10089268510385	0.745111898812228	-0.321517834833025	-0.0816239703656288	2	2	2	1	3
47.0331915283975	-12.6680908433075	1.01341371072727	1.11288133173338	0.516241309457039	0.35983369598344	2	2	2	1	3
59.701282371705	0	0.252394290609731	0.735385795421397	1.20044859077021	0.614239954813402	2	2	2	1	3
72.1468317155563	12.4455493438513	-0.577030126252943	-0.106035024940269	1.22279212092727	0.614753139705069	2	2	2	1	3
12.3417453488594	-35.6045436449451	0.127051702159905	-0.401446915481201	-0.949774727079942	-0.738682939349567	1	1	2	1	4
24.3088562149244	-23.6374327788801	0.767556980421259	-1.03381312904476	-0.45691975568301	-0.656555955601199	1	1	2	1	4
35.9820849057475	-11.964204088057	1.27395220716334	-0.805246985540514	0.0503675523464386	-0.0509775819095356	1	1	2	1	4
47.9462889938045	0	1.43848007150825	0.0813934781066024	0.435694881771171	0.71619206878595	1	1	2	1	4
58.843125048976	10.8968360551715	1.1936402005147	0.839193187090998	0.595460810374318	1.18653488166375	1	1	2	1	4
69.6746296565337	21.7283406627292	0.639882342732983	0.795586384341102	0.486709710145284	1.07900002865238	1	1	2	1	4
12.1414311320351	-35.9661109125964	-0.0165444719083543	-0.0145974202983037	-1.20314719864906	-0.551420304871545	1	1	2	2	5
24.7544465774024	-23.3530954672291	-0.543132043371756	0.891718138175416	-1.3262954531792	-0.136409960890896	1	1	2	2	5
34.5869150759864	-13.5206269686451	-0.757333794752121	1.3517225186223	-1.20120904849929	0.405354143204724	1	1	2	2	5
48.1075420446315	0	-0.573960111144561	0.984071436003426	-0.858938828267828	0.910872186127123	1	1	2	2	5
60.3717766937267	12.2642346490952	-0.0659400577390202	0.0935481602278302	-0.384448295309619	1.22804964918932	1	1	2	2	5
72.6353985522922	24.5278565076608	0.564683046795603	-0.581602247687371	0.104477317087805	1.26145778507318	1	1	2	2	5
13.2314892258251	-34.651761662989	-0.305422567173314	-0.220453414850623	-0.723074782014027	-0.454235450151696	2	1	2	2	6
24.5613004218476	-23.3219504669666	0.410920797887225	0.538450242652004	-1.00371709706973	-1.1499962733371	2	1	2	2	6
34.4296085810412	-13.453642307773	1.18461254794947	1.12312712718081	-0.855105187120597	-1.41248488244085	2	1	2	2	6
47.8832508888142	0	1.49570986495517	1.19435534850372	-0.341395378557429	-1.08728961804871	2	1	2	2	6
59.523868142864	11.6406172540499	1.13514652106709	0.710809223128904	0.315641851680108	-0.365709982946315	2	1	2	2	6
73.8556165346161	25.972365645802	0.345231318330215	-0.0469641040086458	0.832361033935813	0.32777728371903	2	1	2	2	6
12.5923558382759	-35.7584994464477	-0.445290644274879	0.0882088684473847	-0.51194027768307	-0.32559380410931	2	1	1	1	7
24.2005761160196	-24.150279168704	-0.663530994860495	-0.495478488107338	-0.462627786202202	0.358018621518303	2	1	1	1	7
35.6636429038041	-12.6872123809195	-0.425898506625647	-0.404510197841877	-0.00378706573058812	0.826106647674421	2	1	1	1	7
48.3508552847236	0	0.159264015321433	0.296290657386839	0.659259440501137	0.85672066734867	2	1	1	1	7
59.0890262869787	10.7381710022551	0.825165823878444	1.10754048939297	1.2298111072845	0.435344672320319	2	1	1	1	7
73.1395412105814	24.7886859258578	1.26820504035609	1.45115088832409	1.45255698032394	-0.238220805728251	2	1	1	1	7
10.5210178855029	-37.8774396234808	-0.80390783163176	-0.447473136744264	-0.559211559001778	-1.36193357539051	1	1	2	1	8
24.6353358363937	-23.7631216725899	-0.0202818099564035	0.137315517859325	0.165867679010019	-0.685710447173101	1	1	2	1	8
36.8711474075173	-11.5273101014664	0.48219034941013	0.75559530719445	0.85890451247389	0.157106368502583	1	1	2	1	8
48.3984575089837	0	0.393461873632892	1.15670246832646	1.10976137805365	0.537446433019816	1	1	2	1	8
60.3105952615692	11.9121377525855	-0.23171797992035	1.1780196359724	0.76998177441041	0.171427547116172	1	1	2	1	8
71.7438446162003	23.3453871072166	-1.00758655271747	0.810904377451432	0.0406464695216066	-0.667757281172769	1	1	2	1	8
9.76363207051769	NaN	-0.840422845490552	0.0869106955195076	-0.674183046699256	-0.498663216312546	1	2	1	2	9
22.4310468950853	NaN	-0.469950755105586	0.86019654408246	0.120310403970291	0.325151263108704	1	2	1	2	9
35.9041552393739	NaN	0.0755561449827039	1.14717210937181	0.547874451088626	0.753507360742591	1	2	1	2	9
49.1715652869896	NaN	0.619885009860396	0.751389408569911	0.329533740127408	0.487087291051036	1	2	1	2	9
58.4939242646516	NaN	0.987203530470836	-0.0562200832749727	-0.39224961672478	-0.28794545786935	1	2	1	2	9
71.5187074837286	NaN	1.0588583194859	-0.722810497848767	-1.14652917477129	-1.03002958361681	1	2	1	2	9
10.6352217090424	NaN	-0.430007421798296	-0.544674724482746	-0.74354445088554	-0.383964098065885	1	1	2	1	10
24.2531064940285	NaN	-1.02069518404259	-0.0816246786147071	-0.640117488011894	0.172301488200761	1	1	2	1	10
35.2852995552613	NaN	-1.36015631783984	0.551776310559648	-0.246903592862221	0.676924488472594	1	1	2	1	10
48.6256053043528	NaN	-1.31308805643013	1.09837927552586	0.308190836050875	0.971542070637174	1	1	2	1	10
59.2995709609717	NaN	-0.898250915705434	1.33627362491489	0.844602166280841	0.963696152766864	1	1	2	1	10
72.6338024617502	NaN	-0.280991108550182	1.16887869755246	1.1878440884236	0.655848972559499	1	1	2	1	10
11.0369513435362	NaN	-0.286336001165396	-0.312998283445948	-1.10539001126686	0.0640321022537862	2	1	1	1	11
24.4580782639666	NaN	-0.886655356756446	0.558598472468638	-0.386412655324651	-0.440551573520138	2	1	1	1	11
35.4380532973838	NaN	-1.17634429298948	1.20099344569181	0.462591683568849	-0.777611087513264	2	1	1	1	11
48.2849066738524	NaN	-1.02757567249779	1.11370872604958	0.77380479441038	-0.85000093070533	2	1	1	1	11
59.5878420615523	NaN	-0.505994621860009	0.3647462062988	0.302429597371326	-0.636857285661015	2	1	1	1	11
72.3253992016276	NaN	0.158247809751199	-0.462391420812501	-0.580754953452271	-0.199611285556066	2	1	1	1	11
11.3895697298733	NaN	-1.18822598938612	-1.04303175498943	-0.405046833953975	-0.404123785149207	1	1	2	2	12
24.6293640769374	NaN	-0.762379108057475	-0.916324345098539	0.086691217733028	-1.11108784346395	1	1	2	2	12
35.6139859570257	NaN	-0.190014047784748	-0.0651394019156377	0.543227788491248	-1.21522842524549	1	1	2	2	12
48.2651670346149	NaN	0.336635451152429	0.749028162892543	0.852934838754457	-0.642493205447019	1	1	2	2	12
57.622094926527	NaN	0.640689613896998	0.797800265560607	0.940085705917503	0.199857035007028	1	1	2	2	12
72.2997201204079	NaN	0.620029228412976	0.0375439585012308	0.783371077493653	0.712843562348687	1	1	2	2	12
10.2577553716883	NaN	0.0949669534561949	-0.623792248750802	-0.583663459714148	0.102019753127449	1	2	2	2	13
25.8769280266295	NaN	0.942140571703077	-0.0125535269057893	-0.125002753794028	0.82358007912248	1	2	2	2	13
36.2371899775685	NaN	1.23276637849962	0.609325476220264	0.699470027159992	1.14510940148672	1	2	2	2	13
45.0859573263082	NaN	0.736106827730205	0.977120656799525	1.3198830515087	0.876834656635748	1	2	2	2	13
58.5219406912727	NaN	-0.153523455683895	0.934267395216904	1.30740966211331	0.177096986952291	1	2	2	2	13
72.8393481956192	NaN	-0.729817241811026	0.499007650457242	0.670671408921519	-0.541104381537174	1	2	2	2	13
9.730771715155	NaN	-0.746661758223178	-0.986589090984345	-0.574857719634118	-0.361207215705713	2	1	2	2	14
23.6336934038262	NaN	-0.212574978169799	-0.961652727007237	-0.473296178182421	-0.874236364284818	2	1	2	2	14
36.394247821872	NaN	0.438259840093945	-0.157920543365245	0.0961570671740835	-0.555617275452087	2	1	2	2	14
47.1548053939626	NaN	0.929366583599891	0.703436330315757	0.82747479235511	0.327760198864277	2	1	2	2	14
60.0176168056675	NaN	1.05212198929152	0.849541403276458	1.32764293486683	1.03593887599599	2	1	2	2	14
72.8402155194257	NaN	0.7543792812757	0.149297821794159	1.3278684559929	0.975716060615468	2	1	2	2	14
11.2499661877248	NaN	-0.890572466673522	-1.10828104244221	0.411536209090952	-1.19553748523572	2	1	2	2	15
24.2558490840339	NaN	-0.0270572990299457	-0.635772611158421	-0.23799095928593	-1.47370385892088	2	1	2	2	15
35.5743866728979	NaN	0.507119284821033	-0.0507394113434457	-0.506682447867365	-1.19798959887372	2	1	2	2	15
48.7741833538465	NaN	0.313596357694561	0.446301943248545	-0.254600109129683	-0.521107734714461	2	1	2	2	15
58.6907523959561	NaN	-0.463306814061413	0.684993515067869	0.386968178428895	0.182029387155011	2	1	2	2	15
69.4869265942611	NaN	-1.24421652296909	0.583525202178418	1.08388500634457	0.521967118648077	2	1	2	2	15
9.94254390576117	NaN	-0.859418705723204	-0.408869418391945	-0.624335040192743	-1.24904339094903	1	1	2	2	16
22.8906473540039	NaN	-0.232761935964977	-0.767322191684903	-0.691716092619889	-0.960181860039543	1	1	2	2	16
37.1238509852546	NaN	0.422195993340133	-0.725046542767316	0.0281377886297934	-0.119326781177892	1	1	2	2	16
48.02295993532	NaN	0.799869320198581	-0.299583191549832	0.91767204505165	0.613377485160932	1	1	2	2	16
61.2090806585705	NaN	0.724045823628291	0.332537550380843	1.21376523032423	0.662694371488558	1	1	2	2	16
69.5543379440198	NaN	0.230102708698037	0.909040515929531	0.662402326858401	-0.0100941667234994	1	1	2	2	16
