age	diseaseAge	x1	x2	x3	x4	z1	z2	z3	z4	id
11.8908498406	-37.113707730189	-0.679702831097408	-1.02403145058045	-1.0029464653917	0.113566613850631	1	1	1	2	1
22.6187327800027	-26.3858247907864	-0.762653258415621	-0.861974244392423	-0.533302571703364	-0.398075832933211	1	1	1	2	1
34.6400506641958	-14.3645069065932	-0.232197694750551	-0.48838299729196	0.0743560283440397	-0.725204981983792	1	1	1	2	1
49.004557570789	0	0.570067919347911	0.00212634065907326	0.59450133618433	-0.768785007487244	1	1	1	2	1
60.3231267963866	11.3185692255975	1.12751090851426	0.485327071472824	0.834085264895573	-0.515622392976905	1	1	1	2	1
69.8600381413188	20.8554805705297	1.08115631757684	0.838843479520606	0.704188009958168	-0.0423601666451454	1	1	1	2	1
12.5616992824623	-36.3742047316486	-0.766963287870927	-0.552079711296518	-1.10857188499662	-1.08774028223885	1	1	2	2	2
23.5385997607607	-25.3973042533502	-0.633198822923706	-0.736791084936182	-1.0248842397124	-1.43736233043893	1	1	2	2	2
36.2630797998656	-12.6728242142453	0.0961107663046395	-0.337037374904104	-0.307377830443903	-1.11254228277836	1	1	2	2	2
48.9359040141109	0	0.895995576017124	0.410812033658486	0.513087459056894	-0.332382497383231	1	1	2	2	2
59.9322607508221	10.9963567367113	1.19068441410899	1.06456310866622	0.829475785513017	0.376872263681075	1	1	2	2	2
72.1064024312282	23.1704984171173	0.768055058045343	1.23766098957108	0.407701615982372	0.536805129964101	1	1	2	2	2
12.6370554454961	-35.0718160756291	-0.079669374870924	-1.19995073042051	-0.789993129610782	-0.396721695674214	2	2	1	2	3
23.2227197940884	-24.4861517270367	-0.432522563829483	-1.44742688939688	-1.19797514376549	0.278626743303376	2	2	1	2	3
36.827188987321	-10.8816825338041	-0.576354975389536	-1.44946010528275	-0.766885451929144	0.897753227321523	2	2	1	2	3
47.7088715211252	0	-0.476009713584405	-1.20553415912682	0.141524368677167	1.16162553632457	2	2	1	2	3
59.3564512044174	11.6475796832923	-0.156014128625131	-0.77758010163292	0.764956606949255	0.94279584759898	2	2	1	2	3
70.9174361082182	23.208564587093	0.305415393013299	-0.274252402943474	0.580254249958552	0.346956825443363	2	2	1	2	3
12.459438672527	-35.3337030660078	-0.389595236612896	-0.0378077678414183	-0.626970647021299	-0.784910861265261	1	2	1	1	4
24.427225763188	-23.3659159753468	-0.607630113549145	0.45354622532135	-1.23632984083237	-1.03818371823237	1	2	1	1	4
36.6045305250605	-11.1886112134743	-0.457646869943007	0.899351458663916	-1.32376554515072	-0.713632865871268	1	2	1	1	4
47.7931417385348	0	0.00506222368754866	1.1915951824543	-0.836978890389651	0.000967397707664269	1	2	1	1	4
59.2065002915028	11.413358552968	0.609916536059938	1.25947058277998	-0.067136877174042	0.692173194767432	1	2	1	1	4
69.7351172040073	21.9419754654725	1.13393270276928	1.08653234208969	0.525286511179888	0.960075905600233	1	2	1	1	4
13.4524998284752	-34.6286831977322	-0.319249732824133	-1.18048336765704	0.197985223320535	-0.239677358262358	1	1	1	2	5
24.3752995714574	-23.7058834547501	-0.728523581122148	-1.18068967520632	-0.591675376042833	0.443343533549459	1	1	1	2	5
35.6298863070663	-12.4512967191411	-0.332151464369252	-0.463994247433665	-0.652363837186779	1.14070164778413	1	1	1	2	5
48.0811830262074	0	0.550520693380234	0.395076501660856	0.0676779616962732	1.466628783449	1	1	1	2	5
61.1209267652427	13.0397437390352	1.20834863162007	0.707863460097841	0.954362755405428	1.24082686669414	1	1	1	2	5
71.9498632414106	23.8686802152031	1.11133878640611	0.223626407397203	1.25148188923658	0.588206180241097	1	1	1	2	5
11.0411205042784	-35.4649936330177	-1.39595655916185	0.0823191524463008	-0.419383464851311	-1.1510442569433	1	1	1	1	6
25.3363536467127	-21.1697604905834	-1.20887998966052	-0.368202211387387	-0.933435854383255	-1.02121596838788	1	1	1	1	6
34.9762611632596	-11.5298529740365	-0.730946658028907	-0.64652290476175	-1.00041404347192	-0.38645965513997	1	1	1	1	6
46.5061141372961	0	-0.133178439268519	-0.681054784107595	-0.586972038170407	0.373572171625286	1	1	1	1	6
58.813107362033	12.3069932247369	0.370521524021843	-0.462915746170749	0.101052488186641	0.804298776620618	1	1	1	1	6
72.3532109064831	25.847096769187	0.599911121784643	-0.0482143345759697	0.721117254247762	0.648099347254658	1	1	1	1	6
11.529653817811	-26.2983424837324	-1.19604576220933	-0.541816693931448	-0.0675560955601026	-0.791658485351975	1	2	2	2	7
22.0779168321388	-15.7500794694046	-0.650280201719507	-0.467718190508281	0.562453474295762	-0.220248292921299	1	2	2	2	7
37.8279963015434	0	0.234482269718703	0.141525606675956	1.07099856526843	0.678379533748973	1	2	2	2	7
48.8283544247734	11.0003581232299	0.765569809840307	0.915253859871776	1.25621331100216	1.17669550556828	1	2	2	2	7
60.2560544071153	22.4280581055719	0.527199203719796	1.3827342221181	1.04457712153729	0.87126278959689	1	2	2	2	7
71.0652603675799	33.2372640660365	-0.294011544134882	1.25955401083615	0.520098521382118	0.00935984885055155	1	2	2	2	7
11.6730226081075	-36.2433130893731	-0.774090476224756	-1.1654385603259	-0.128824695905384	-0.663854373962671	2	1	2	2	8
23.6310840839632	-24.2852516135174	-0.15399772642369	-0.813228254372652	-0.687817358227809	-0.591126754271754	2	1	2	2	8
35.5944948954108	-12.3218408020698	0.340707801039626	-0.162069795169958	-0.970786654781337	-0.213538213945209	2	1	2	2	8
47.9163356974806	0	0.519750820280648	0.479355158392877	-0.867036296528268	0.342884089507211	2	1	2	2	8
60.3916091650107	12.4752734675301	0.314267209553245	0.806979115645146	-0.417152947056586	0.892423923229251	2	1	2	2	8
69.3846611811487	21.4683254836681	-0.196709241129706	0.665491944026582	0.202871093787335	1.25166220590431	2	1	2	2	8
12.0867980568484	NaN	-1.34361868051232	-0.763035987663054	-0.980738396791796	-0.426825887177315	1	1	2	1	9
21.8803425456517	NaN	-1.3704768269186	-0.153555944669046	-0.677640699643464	0.49682329215649	1	1	2	1	9
35.7259135485771	NaN	-1.11685420736135	0.391779777436078	0.0450878086939107	1.04211370686088	1	1	2	1	9
48.9064769796948	NaN	-0.655665239596146	0.6661994640427	0.752262885686893	0.743639967689424	1	1	2	1	9
58.8868918195467	NaN	-0.119497959810775	0.56565302853033	1.0180656426802	-0.143850577865561	1	1	2	1	9
72.4757800802404	NaN	0.33750394759709	0.128264067109617	0.682445424232635	-0.862884716139632	1	1	2	1	9
12.5650909162546	NaN	-1.2379460857369	-0.667321558574969	-1.32510044976905	-0.529469187701784	1	1	1	1	10
25.6613731131501	NaN	-0.641557843983986	-0.188561121694484	-1.00535565962365	-0.184124172489781	1	1	1	1	10
35.8428993879281	NaN	0.0497438165177894	0.316972787597801	-0.516844804326037	0.497308044439207	1	1	1	1	10
47.3218242517133	NaN	0.496615506135639	0.71687248538893	0.00463683207309751	1.1603946360546	1	1	1	1	10
58.9629130048638	NaN	0.479698640115429	0.906397633179871	0.414128812821728	1.4602448716371	1	1	1	1	10
71.7022497050434	NaN	0.00729730187726207	0.835908463190478	0.597801364764932	1.24089787343096	1	1	1	1	10
12.2149423586553	NaN	-0.475358550689222	-0.778941839297214	-0.584290413829852	-1.40496343781322	2	2	1	1	11
24.3476999604862	NaN	0.205036184631054	-0.609434410073114	-0.0459600871357304	-0.974675562259087	2	2	1	1	11
36.4381848191515	NaN	1.0393573507125	0.166581534564416	0.74053784880101	-0.0401943445631369	2	2	1	1	11
47.3913874586566	NaN	1.41442844822573	0.959360413040802	1.2886562623341	0.571309461859711	2	2	1	1	11
59.4717306258824	NaN	1.05459449930057	1.16641738728293	1.25931550719669	0.318553641062922	2	2	1	1	11
73.2380456858058	NaN	0.224312082664488	0.630396237309351	0.670666502291634	-0.574731015195085	2	2	1	1	11
11.2127387458507	NaN	-0.629531377970438	-0.174618634043864	-0.19963871363349	-0.670453534981883	2	1	1	1	12
24.5243519905912	NaN	-0.206112062675557	0.365755875891258	0.299887368165767	-1.26377003874011	2	1	1	1	12
34.9235849541808	NaN	0.415229285308486	0.894944760663221	0.860649206360646	-1.30680804608177	2	1	1	1	12
48.0968830267043	NaN	0.985348613948549	1.24865632288808	1.30484286896607	-0.77317227985484	2	1	1	1	12
60.0727619632836	NaN	1.27564076097649	1.31707746063854	1.49162535563033	0.00985761067680846	2	1	1	1	12
71.9532272518165	NaN	1.16970503614595	1.07896618418007	1.36177248543955	0.562048170120397	2	1	1	1	12
11.9943354974786	NaN	-0.966377736578871	-0.979513019239164	0.407168532940525	-0.470051875126798	2	1	1	1	13
23.4391108370662	NaN	-0.275329259146959	-1.03289971690879	-0.292035923270999	0.302311216306644	2	1	1	1	13
36.7324088179045	NaN	0.557099992388162	-0.686058830696972	-0.564292642382382	1.02513897782591	2	1	1	1	13
48.3784705270651	NaN	0.915960293689942	-0.0820307794011065	-0.249777914001079	1.20962729918428	2	1	1	1	13
61.4339538523431	NaN	0.536146780946961	0.530077630781908	0.46687770058844	0.731018036639526	2	1	1	1	13
72.3701785083333	NaN	-0.30175668297212	0.897827178230116	1.16497362227398	-0.0870347013353789	2	1	1	1	13
12.2292313170515	NaN	-0.560699832302702	-1.03815208004864	-0.276757595156163	-0.878934301435222	1	1	1	1	14
23.1908856059325	NaN	-0.886071731964408	-0.494633048552819	0.276182891885022	0.02308495371809	1	1	1	1	14
38.7381695275653	NaN	-0.8050240407813	0.2412551462786	0.774786728213072	0.563639430375167	1	1	1	1	14
48.1536199948843	NaN	-0.351177774256378	0.770930625307569	1.06491510841631	0.302887698767455	1	1	1	1	14
58.5522065362228	NaN	0.287198010959027	0.807503274998466	1.05687750329645	-0.547000294508302	1	1	1	1	14
69.8291903161667	NaN	0.845285873946385	0.331164114121205	0.753158664797393	-1.29448287095689	1	1	1	1	14
12.9983749422664	NaN	-0.377608738621247	-0.206194121141106	-0.597268001787884	-0.903332986814568	1	2	2	2	15
24.2211924174362	NaN	-1.13826233319035	0.653427466533934	-0.45882170095509	-1.21206456864091	1	2	2	2	15
36.2072085420004	NaN	-1.34310352418959	0.98523383397929	0.270053850564807	-1.04973361108065	1	2	2	2	15
47.4832194927152	NaN	-0.845558136808895	0.525864522521657	1.06750857310642	-0.493303127025654	1	2	2	2	15
59.9175940859325	NaN	-0.0016449201588925	-0.360071091902721	1.36259203539229	0.193416658035453	1	2	2	2	15
72.6748639787692	NaN	0.584773773963026	-0.969390573205587	0.944034524807274	0.684843831292595	1	2	2	2	15
11.5226199101929	NaN	-0.844782802019418	-0.150752936942141	-1.22632722842944	-1.09920733692122	1	1	2	1	16
23.8881953383318	NaN	-1.06262321832037	0.443127173792921	-0.799553371214357	-0.534424927167587	1	1	2	1	16
34.9265564706206	NaN	-0.825981545392348	0.966482456983365	0.0195453701401772	0.156084463097194	1	1	2	1	16
47.4406353516038	NaN	-0.242418982517033	1.2327154930293	0.664394489893945	0.64044338161039	1	1	2	1	16
60.0772495633405	NaN	0.422816645008774	1.14690338894765	0.688948776577913	0.685855857566659	1	1	2	1	16
72.3857809897623	NaN	0.867354495159564	0.739641645933057	0.076223912991486	0.270495429177366	1	1	2	1	16
