age	diseaseAge	x1	x2	x3	x4	z1	z2	z3	z4	id
12.9309867644789	-35.6949211686205	-0.515738872826558	-0.340860285347411	-1.34498111973378	-0.871579807050558	2	1	2	2	1
24.7056345326854	-23.920273400414	-0.336893869029898	-0.625485742926171	-1.44144437222665	-0.850513762167223	2	1	2	2	1
33.6650217139997	-14.9608862190997	0.0635675444120894	-0.537974102616879	-1.24311824263246	-0.299837439759169	2	1	2	2	1
48.6259079330994	0	0.577064775400086	-0.111364390701154	-0.808745628962923	0.461306844548213	2	1	2	2	1
58.9567014044957	10.3307934713963	1.06436884578408	0.493281739375099	-0.266984848687814	0.991800888402128	2	1	2	2	1
70.047610947442	21.4217030143426	1.39335275725998	1.04768700573184	0.221698110541246	0.98419893702476	2	1	2	2	1
12.6678318394071	-35.8022703457261	-0.156678412425863	-0.160869652999351	-0.837277251147041	0.332660127487656	1	1	1	1	2
25.2877128765148	-23.1823893086183	-0.607403513523122	0.681181916391307	-0.820917925833314	1.15570800884393	1	1	1	1	2
34.9013781172812	-13.5687240678519	-0.634861799175756	1.25908623944574	-0.356962955704412	1.45107230277655	1	1	1	1	2
48.4701021851331	0	-0.226511369375018	1.16184980219882	0.331156417001155	0.995908929528777	1	1	1	1	2
60.6741473553924	12.2040451702593	0.431128838612598	0.458625132907019	0.91205594995213	0.133625894516158	1	1	1	1	2
71.1146996304072	22.6445974452741	1.03767380313444	-0.350469035260084	1.10598628681131	-0.485208424923614	1	1	1	1	2
13.0162064265195	-24.5485572170057	-0.789117253223856	-0.654198335987642	-1.15665471081321	-1.41121576953867	1	1	2	1	3
23.9183548518027	-13.6464087917225	-0.605276448977819	-0.260819662313842	-1.01635886897678	-0.782935543362995	1	1	2	1	3
37.5647636435251	0	0.133273525446957	0.276900542045429	-0.173922528037764	0.0921435092248529	1	1	2	1	3
49.1348714117378	11.5701077682127	0.910788160242173	0.795912748059463	0.634898687760074	0.531479229841062	1	1	2	1	3
60.4865734247878	22.9218097812627	1.18431312858173	1.13884013583991	0.703707476197298	0.19239954775361	1	1	2	1	3
70.903600658502	33.3388370149769	0.762840366554334	1.20169898185166	-0.0275914490163947	-0.660620941980466	1	1	2	1	3
13.1796542082373	-23.6259270608778	-1.2857654164486	-0.543433746822302	-0.276891407230405	-0.467855568192836	1	1	1	1	4
24.6544812104947	-12.1511000586203	-1.45007158352286	-0.942412370404003	0.361952076114128	0.345926125685777	1	1	1	1	4
36.8055812691151	0	-1.06774987275029	-0.821989668326439	0.867565495375148	0.595116847380349	1	1	1	1	4
46.3994704091492	9.59388914003408	-0.350440973482088	-0.24607451929842	1.03358611207922	0.0889190630499482	1	1	1	1	4
59.6819365230058	22.8763552538907	0.304776565924962	0.479692273319811	0.792253720897597	-0.785087432081902	1	1	1	1	4
70.7668130186009	33.9612317494858	0.535195926036312	0.970142953614213	0.242066524665494	-1.35770322843002	1	1	1	1	4
9.81155925336558	-38.081016896757	-1.06887451957923	-0.0506398988015602	-0.999328532548067	-1.1556335437635	1	1	2	2	5
23.7174770137956	-24.175099136327	-1.03003140840042	0.630105025021052	-1.40124840187871	-1.08070061648642	1	1	2	2	5
34.9519802289562	-12.9405959211664	-0.563005601583174	1.00870497156996	-1.48746223528777	-0.740215346540363	1	1	2	2	5
47.8925761501226	0	0.114608256654923	0.894902775706507	-1.22779264755986	-0.232859017010662	1	1	2	2	5
59.8246268898905	11.9320507397679	0.687099247885051	0.345887254726896	-0.713131655297537	0.294323615695503	1	1	2	2	5
72.261794082281	24.3692179321583	0.887734845261545	-0.362445787392043	-0.123625789570163	0.688541628716807	1	1	2	2	5
14.0536800715051	-35.8899076319222	-1.2565997352685	-0.947362835755838	-0.51842433874637	0.157891273963703	2	2	2	2	6
23.3582705563251	-26.5853171471022	-0.860610375529464	-1.10953287821412	-0.0503625403940838	0.982033082235988	2	2	2	2	6
35.8883439299154	-14.0552437735119	-0.246817597816097	-0.709790911929746	0.615110170527201	1.18373427723575	2	2	2	2	6
49.9435877034273	0	0.338335902551407	0.0239301171654924	1.17941777509282	0.59986047575142	2	2	2	2	6
59.9381829281113	9.99459522468397	0.659906328508755	0.673262337396067	1.38937375602715	-0.297355659050823	2	2	2	2	6
71.4558637770171	21.5122760735898	0.588780589472792	0.867956392104992	1.15077767519352	-0.782252582336795	2	2	2	2	6
13.1233900684107	-32.4491111624162	-0.587383372078515	-1.15028281568979	-0.254812600823971	-0.660494030594871	2	2	1	2	7
24.1174883007379	-21.455012930089	-0.166692269706826	-0.869307707919323	0.382386971175034	-1.34781386106414	2	2	1	2	7
37.4427028304736	-8.12979840035328	0.485957390119367	-0.287431077830448	0.99636590904931	-1.36372510297435	2	2	1	2	7
45.5725012308269	0	1.0801491013606	0.349540404678982	1.31630452970965	-0.696265119373037	2	2	1	2	7
60.2482943219832	14.6757930911563	1.35147901717776	0.772525922749854	1.20108125632278	0.152745960979527	2	2	1	2	7
71.581126653695	26.0086254228681	1.17921056022154	0.802840414574241	0.701519868758364	0.544991444754938	2	2	1	2	7
11.5884508385582	-37.2985414163484	-0.344753555579185	-0.08601876141525	-0.770579881251524	-0.560176315713144	1	2	2	1	8
24.7138114516632	-24.1731808032435	-0.755754753769804	0.710160715042922	-0.644837721550909	0.349953707237299	1	2	2	1	8
35.0854086579483	-13.8015835969583	-0.944628222707363	1.07442285575499	-0.284575245953154	0.906142383426183	1	2	2	1	8
48.8869922549066	0	-0.859314652146834	0.75908307943323	0.213551336267682	0.64721552798908	1	2	2	1	8
61.2644054436832	12.3774131887765	-0.523329073939462	-0.0214394038750572	0.715897722867186	-0.212132841364156	1	2	2	1	8
71.2783032521748	22.3913109972681	-0.0292793993612075	-0.73641860632511	1.08768746400649	-0.959358042014956	1	2	2	1	8
13.1849660065116	NaN	-0.897124665125151	-0.648207126037402	-0.569262144448037	-0.791082181746991	1	2	2	1	9
24.343825459074	NaN	-0.195025121871814	-0.296290796095288	0.138861787900388	-0.283806433892865	1	2	2	1	9
37.0149405357855	NaN	0.481950431781816	0.436872783355275	0.960066462843011	0.243994405121466	1	2	2	1	9
48.0610600659655	NaN	0.759529759293686	1.1178068196618	1.29205643342189	0.639124136334409	1	2	2	1	9
61.470021052299	NaN	0.484250545569827	1.34391479775017	0.8913405776103	0.786894853922279	1	2	2	1	9
72.4862678311848	NaN	-0.191696533614369	0.981512279546772	0.0518155850441723	0.644415545634008	1	2	2	1	9
12.3800607660846	NaN	-1.04403838356026	-1.10051485103027	0.123954836350178	-0.472738626347049	1	2	2	1	10
24.321907026877	NaN	-1.03054409270287	-0.411434701834117	0.828667793781021	-1.06785900318398	1	2	2	1	10
36.7806255896667	NaN	-0.776976092972106	0.499517727993656	1.27988441506122	-1.40552373580497	1	2	2	1	10
47.4385996231176	NaN	-0.346668320172825	0.834698957332181	1.24793690921934	-1.34880424478313	1	2	2	1	10
60.1041404148137	NaN	0.152900817978922	0.300619322153118	0.749086452700811	-0.92070121269241	1	2	2	1	10
70.2550659867398	NaN	0.596953432477465	-0.635073114427292	0.037246303507186	-0.29481743061355	1	2	2	1	10
10.8747646502686	NaN	-1.08254004457289	-0.552763442604362	-0.76223848668917	-0.287475502389481	2	1	1	1	11
24.7000873769686	NaN	-1.09061637907716	-0.558507267982745	-0.25803258891195	0.220156487703351	2	1	1	1	11
35.6299152263352	NaN	-0.81436851220389	-0.0650384586727131	0.21874707687486	0.627966402085683	2	1	1	1	11
47.3822334115504	NaN	-0.335066596308288	0.663778401361934	0.544035960664428	0.829023344492967	2	1	1	1	11
60.6014481861329	NaN	0.206282163124664	1.23823487679429	0.633189473172565	0.770608638175077	2	1	1	1	11
72.0435435405601	NaN	0.650416821732237	1.35116116066693	0.463008658561678	0.468039068431512	2	1	1	1	11
12.1548232284705	NaN	0.234580323495274	-1.18179772883047	-1.25544006090264	-1.16658815660733	1	2	2	2	12
24.8787316207501	NaN	-0.521874282049819	-1.27751595307498	-0.716597281977292	-0.937012471045957	1	2	2	2	12
34.1367230896943	NaN	-0.565293277205651	-0.903624435432101	-0.0517472645119905	-0.37739146952308	1	2	2	2	12
47.0434275312003	NaN	0.1399581763338	-0.239864878291897	0.444462695946895	0.272440480205632	1	2	2	2	12
60.4192915663175	NaN	1.01506609584581	0.394672107437429	0.552122967103966	0.73398769197668	1	2	2	2	12
72.5192571070155	NaN	1.34181189750066	0.694944142716427	0.223520821425339	0.8094468606545	1	2	2	2	12
12.816001059694	NaN	-0.386227919854432	-1.33780098019808	-0.611612734065444	-0.513613583546811	1	2	2	1	13
24.8480242958961	NaN	0.523983864420637	-1.10029159686524	-0.165494200920466	0.151153406317053	1	2	2	1	13
36.4943171324721	NaN	1.0819747262498	-0.263090604442554	0.653633926009305	1.06047969768501	1	2	2	1	13
47.3768628571693	NaN	0.824915379725826	0.49796681565545	1.28393605104998	1.43383026939692	1	2	2	1	13
60.0024995931262	NaN	-0.033974565429619	0.568512806445728	1.29309132202416	0.950733582075074	1	2	2	1	13
70.9653603967093	NaN	-0.782283048047511	-0.108401277516881	0.674820187598886	0.0258635395102626	1	2	2	1	13
11.2470077296465	NaN	-0.653409722083754	-0.387246143929552	-1.10909949541079	-0.90712163887804	1	2	2	1	14
23.6401271488482	NaN	-0.213574203116215	-0.737831933923174	-1.28725545982083	-0.611386357831345	1	2	2	1	14
36.1166864296008	NaN	0.413950075334314	-0.866224050947075	-1.19768987076961	0.218929360158562	1	2	2	1	14
48.993598670431	NaN	0.97563885713921	-0.739692208895226	-0.864475748000057	0.948315813840702	1	2	2	1	14
59.7086212236635	NaN	1.24456589342968	-0.390492464353321	-0.377172823559057	1.01851286525429	1	2	2	1	14
72.0597896670728	NaN	1.11208275549987	0.0923556399532766	0.133243903727226	0.375792870557369	1	2	2	1	14
13.4362473712097	NaN	-0.495520904647164	-0.737645541981992	-0.425764126431498	-0.260261331044164	2	1	2	1	15
23.4905260655967	NaN	0.134707453820092	-0.198299130044054	-0.789860525982065	0.635083606153998	2	1	2	1	15
36.796927972034	NaN	0.893187041559268	0.301857621765969	-0.781403839268236	1.18408592079924	2	1	2	1	15
49.3341367044444	NaN	1.32946676425591	0.614289012724169	-0.403696276732226	0.946505133995053	2	1	2	1	15
59.7748594814375	NaN	1.1844458080019	0.646209700203105	0.195772973564788	0.112855341163556	2	1	2	1	15
71.6366905870199	NaN	0.544250219561231	0.38813993277462	0.782920081263915	-0.648366487395122	2	1	2	1	15
11.5585133265528	NaN	-0.00244701717041695	-0.583209148014704	-1.02569060410359	-0.749931561492381	2	1	2	2	16
24.9455710065929	NaN	-0.589243019793905	0.284017006167699	-1.07400657711621	-0.339000159668619	2	1	2	2	16
34.6523805382104	NaN	-0.386055099563067	0.856796920495444	-0.499904515263943	0.542926926954973	2	1	2	2	16
47.2004022593821	NaN	0.441841444341543	0.703370051588822	0.314696087623886	1.19058028958537	2	1	2	2	16
58.7861803500411	NaN	1.22102641632498	-0.0606106828587839	0.827884880408297	1.08603717577161	2	1	2	2	16
69.8161279681492	NaN	1.31770215156912	-0.859257880399134	0.698264719614934	0.312899802965798	2	1	2	2	16
