age	diseaseAge	x1	x2	x3	x4	z1	z2	z3	z4	id
12.8882028686318	-34.0492369118635	-0.101189194039381	-0.691741920147508	-1.20806674861326	-0.309213299588272	1	1	1	2	1
24.7887900691331	-22.1486497113621	-0.612413169458178	0.178950423516839	-0.97430038664439	-0.533556108041527	1	1	1	2	1
34.7653566218504	-12.1720831586449	-0.714669131874406	0.794192110531233	-0.210594552337069	0.0789994628285952	1	1	1	2	1
46.9374397804953	0	-0.360340335468813	0.68138461454736	0.547066583851852	1.00088962492441	1	1	1	2	1
60.161465465498	13.2240256850027	0.285575660337962	-0.0728188718955472	0.766941142621499	1.43813602060172	1	1	1	2	1
71.3178068185899	24.3803670380946	0.922300132563224	-0.889076175172408	0.294716720304556	1.01415997552423	1	1	1	2	1
11.6801578895838	-36.6725821188036	-0.26159953598548	-1.18933183819724	-0.491059555397994	-0.702067550492335	2	2	1	2	2
24.9967086894365	-23.356031318951	-0.858463951248206	-1.21830111534047	0.113680300771177	-0.498840924116318	2	2	1	2	2
35.7718646749075	-12.58087533348	-0.62373545789669	-1.00937292588512	0.928059385184247	-0.0958449563069366	2	2	1	2	2
48.3527400083875	0	0.242435802076618	-0.613159205928094	1.40611547466408	0.404249376121933	2	2	1	2	2
59.7852782569743	11.4325382485868	1.00147609099677	-0.125640988605484	1.22735830808876	0.874033419707426	2	2	1	2	2
71.480499079794	23.1277590714066	1.00616095206189	0.335082579550451	0.511627235387853	1.19382065026747	2	2	1	2	2
12.1218322196692	-35.633328174578	-0.377049443503779	-0.777936653943648	-0.748675410085196	-0.241740240034748	2	1	2	1	3
25.5600580247844	-22.1951023694628	0.0391230195753678	-1.21291003174941	-1.31620469714396	0.604779425764148	2	1	2	1	3
37.3582440482795	-10.3969163459677	0.598044870453647	-1.21608108511146	-1.49371080580505	1.15585814463103	2	1	2	1	3
47.7551603942472	0	1.11984435387736	-0.785991873505585	-1.19658188754798	1.01653674840282	2	1	2	1	3
60.1223819657224	12.3672215714752	1.43659640335211	-0.120382522702493	-0.566450403431446	0.286667147301638	2	1	2	1	3
69.6139378038416	21.8587774095944	1.44636414339218	0.474722837442198	0.0963188304589548	-0.510651724438287	2	1	2	1	3
11.3812063373817	-37.0538623801312	-1.33913383402752	-0.695042230622786	-1.13769514735686	-0.449698780975373	1	1	2	2	4
25.3148763627172	-23.1201923547957	-1.09652912485402	-0.870299277868725	-1.00042179591145	0.455264716813155	1	1	2	2	4
37.1511285221856	-11.2839401953273	-0.619446136205778	-0.481312959328641	-0.585737322077111	0.899216002213044	1	1	2	2	4
48.4350687175129	0	-0.0581963173656995	0.249827541195489	-0.0271289084131435	0.51365182108823	1	1	2	2	4
59.3295181029488	10.8944493854359	0.410390983970011	0.905682356884183	0.49558705937289	-0.381388984248171	1	1	2	2	4
71.6693334586826	23.2342647411698	0.63868099973112	1.1117954882165	0.814147995577343	-1.04297478999438	1	1	2	2	4
12.529856762689	-36.6467207486004	-1.050673579852	-0.381845845818579	-0.24949070368318	-0.784293712261057	1	1	2	1	5
23.1752550417976	-26.0013224694918	-0.975981136264304	-0.822169121280025	-0.571094228244735	0.0358754847390424	1	1	2	1	5
33.5917078440559	-15.5848696672336	-0.356608791498603	-0.876214344462199	-0.101317983220991	0.8617052437393	1	1	2	1	5
49.1765775112894	0	0.42306272129396	-0.521177809166843	0.786454177580918	0.979705961183316	1	1	2	1	5
59.2915112458104	10.114933734521	0.879171456650468	0.0931372575339191	1.38661017987199	0.287928919201655	1	1	2	1	5
70.8396204871728	21.6630429758834	0.72865761770625	0.70752829398191	1.22213875840701	-0.61595339334983	1	1	2	1	5
11.3917709682724	-36.3811651186624	-1.11398986530787	-0.532177431730135	-0.422729069513402	-0.731895786276023	1	2	1	1	6
23.9368491449062	-23.8360869420285	-0.616977917165358	0.279987502109101	-0.93078892376598	-0.753677774036749	1	2	1	1	6
35.9668639870001	-11.8060720999346	-0.0650177172399132	0.686478858622533	-0.683406389385917	0.00236735637735105	1	2	1	1	6
47.7729360869347	0	0.371981447929932	0.407761718573403	0.129918196688756	0.879489731448901	1	2	1	1	6
56.8344517078399	9.06151562090516	0.559498617626406	-0.364496439787841	0.886160725309144	1.11576392409131	1	2	1	1	6
72.5110203995398	24.7380843126051	0.439810592747187	-1.09923113386302	1.00602316988028	0.505946834533101	1	2	1	1	6
11.6438068009845	-36.1494365684701	-0.211120001270584	-0.539300372896782	-0.963964584298849	-0.887901344176155	1	1	2	1	7
24.5487909218377	-23.2444524476169	-0.577484209397225	-0.515111503833333	-0.399011849024015	-0.683129631511342	1	1	2	1	7
36.0047471389219	-11.7884962305327	-0.73464063754871	-0.00470628611063417	0.398339758029106	-0.129830620837344	1	1	2	1	7
47.7932433694546	0	-0.643472097800762	0.721846552206386	0.920475652356005	0.529418721711147	1	1	2	1	7
59.361304085745	11.5680607162904	-0.326670992519923	1.28010893309078	0.834990665760941	1.00559075943747	1	1	2	1	7
71.4656869246441	23.6724435551895	0.136908962186537	1.37468965383375	0.196306744055499	1.08992247986287	1	1	2	1	7
11.8241698272965	-36.0690243607691	-0.883692645794762	-0.799575708214879	-1.24129666081382	-1.27317286002731	2	2	2	1	8
24.1120653782204	-23.7811288098451	-1.04184262380515	-0.724643904473445	-0.801040781930966	-1.19296329152201	2	2	2	1	8
35.5546237997766	-12.3385703882889	-0.810767317276233	-0.113233872824609	-0.208616090682922	-0.3673951959909	2	2	2	1	8
47.8931941880655	0	-0.280577442742391	0.66142063227372	0.324161816427594	0.469781863233637	2	2	2	1	8
59.9738899819469	12.0806957938813	0.341972802598994	1.12643366787116	0.606803461387194	0.574500491877224	2	2	2	1	8
73.6912316395923	25.7980374515267	0.814112135528384	0.997939166739702	0.538253115918409	-0.146311278872797	2	2	2	1	8
13.0358152822558	NaN	0.00571385382767625	-1.14313530455883	-1.33732234104428	-0.782509489211677	2	2	1	1	9
24.1811960578044	NaN	0.67066352820365	-1.3016250732017	-1.20771273641716	-0.218088083626179	2	2	1	1	9
35.9947724908998	NaN	1.15731756269016	-1.07565381209017	-0.859785316135815	0.277305958512242	2	2	1	1	9
49.8945062751198	NaN	1.24935172239254	-0.552241111161712	-0.380813585720972	0.545090141444273	2	2	1	1	9
60.7261533391603	NaN	0.905855590935001	0.0670512983316069	0.109058023770948	0.49954303850333	2	2	1	1	9
72.0973811683473	NaN	0.279517798352725	0.543739233664913	0.486950974681522	0.155244908321114	2	2	1	1	9
10.9964275754334	NaN	-1.41535223605617	-0.656000539577157	-0.330561964989455	-1.30693116791862	1	1	1	1	10
23.7135513990186	NaN	-1.05855424336475	-0.507318551794615	0.552375175157697	-1.32816331778667	1	1	1	1	10
36.2370783197832	NaN	-0.372383673908959	0.123846783761967	0.818862745642648	-0.872125965626993	1	1	1	1	10
46.8696531717479	NaN	0.285717858581221	0.871732159677031	0.239213191956474	-0.169155594868487	1	1	1	1	10
59.6081801414364	NaN	0.57293053022726	1.30293445120324	-0.686969364717674	0.425689766043575	1	1	1	1	10
72.7953758656463	NaN	0.339638829366684	1.16756988394936	-1.16140151444746	0.611964138358529	1	1	1	1	10
13.1967595108027	NaN	0.00760200475644657	-1.00336274104041	-1.03639960244266	-0.50013006736139	2	2	1	1	11
23.7854165583034	NaN	-0.666023869043171	-1.17392659317647	-0.290552343795062	-0.243398972068869	2	2	1	1	11
38.3632897816434	NaN	-0.688040617871145	-0.98089079489808	0.43952519001699	0.625597407902817	2	2	1	1	11
49.620084138043	NaN	-0.0423807459513204	-0.494456499991607	0.678705451610451	1.37237082204617	2	2	1	1	11
60.0190098970025	NaN	0.79976277694762	0.108475172433168	0.27133219105257	1.36573763010535	2	2	1	1	11
73.0950949063328	NaN	1.22380613543954	0.608636607581159	-0.517479930275871	0.611304301400825	2	2	1	1	11
11.6086486573528	NaN	-0.955245806491278	-0.33836652520557	-1.28611996233354	-0.693801008507559	2	2	1	1	12
23.4207283017077	NaN	-0.463246249893488	0.451879048591589	-1.03159688271331	-0.147375069407907	2	2	1	1	12
36.3053716983128	NaN	0.313381147478996	1.21406854642057	-0.448122791096603	0.442765914787852	2	2	1	1	12
47.4742539676066	NaN	0.902649364597965	1.38384299473253	0.206334594441037	0.864046266387776	2	2	1	1	12
61.4935485612863	NaN	0.946436924773878	0.835493847743148	0.642424160027488	0.964715880522101	2	2	1	1	12
71.616720538424	NaN	0.418132405134654	-0.0249568191676357	0.667340378001402	0.70851238595973	2	2	1	1	12
11.9950132694305	NaN	-1.02150163643583	-0.628345296867971	-0.933720628443399	-0.930569659025948	2	1	1	2	13
24.3055090588072	NaN	-0.85435627457167	-1.00639978642802	-1.16776985421995	-0.867055130861731	2	1	1	2	13
37.7675381710824	NaN	-0.343233605507575	-0.976040443591191	-0.810089020847361	-0.484492238709365	2	1	1	2	13
47.6737976453884	NaN	0.300234423711644	-0.550190480242959	-0.0731327101803871	0.0841982182390852	2	1	1	2	13
59.0256738651803	NaN	0.80961785384723	0.0898764397780079	0.605363168502106	0.641425748116514	2	1	1	2	13
73.5992488742786	NaN	0.974004875197309	0.671699859314747	0.822386922243386	0.993582632760781	2	1	1	2	13
13.2697532727709	NaN	-0.171047195786969	-1.31037907478639	0.304760622033453	0.220873790893838	2	2	1	1	14
26.4476291519193	NaN	0.381855742953166	-1.07917898017667	0.993466436689782	-0.484905609015214	2	2	1	1	14
36.1004089626783	NaN	0.833918184460473	-0.670023558682556	1.38902726300447	-0.438393136996626	2	2	1	1	14
48.1784591506142	NaN	1.04653120249489	-0.181381479920528	1.29119282741942	0.322093417607741	2	2	1	1	14
60.1354993418461	NaN	0.954504550248578	0.269149069976106	0.74949122065037	1.17005190748136	2	2	1	1	14
72.0122027106338	NaN	0.58605493913601	0.573141948912259	0.0381556016099535	1.40691927253505	2	2	1	1	14
11.1153687338284	NaN	-1.06282974404984	-0.859555817036989	-0.486846738268899	0.0966880019586496	1	2	1	2	15
22.7017739059695	NaN	-1.07865180793537	-0.57112878543768	0.112907835205776	0.928822470428699	1	2	1	2	15
36.7081783496604	NaN	-0.842511882988295	0.282160240089587	1.04189094026709	1.09416307904639	1	2	1	2	15
46.9183978482643	NaN	-0.415459750444133	1.01382293524332	1.49060767149897	0.45337345326139	1	2	1	2	15
60.5994646767516	NaN	0.0920978498210757	1.03522182488473	1.06805639934737	-0.45353809285993	1	2	1	2	15
72.2126228674548	NaN	0.548940919886363	0.329141068363859	0.142438763024259	-0.862296116455417	1	2	1	2	15
12.4451967080344	NaN	-1.02077631736392	-0.26280565766268	-1.2179734155716	-1.05883170305849	1	2	2	2	16
23.4700790630485	NaN	-0.896584086469757	0.244233647329976	-0.476598767264768	-1.01858839007472	1	2	2	2	16
36.8620696216164	NaN	-0.30493417510794	0.707839334791375	0.335770679011479	-0.478533366887733	1	2	2	2	16
48.3810028283798	NaN	0.430231016883936	1.00787548600025	0.610350470995384	0.263758615358842	1	2	2	2	16
59.7309211799093	NaN	0.90639105977614	1.06659258310136	0.141372273810128	0.799278580895404	1	2	2	2	16
73.5080844254115	NaN	0.862837003834809	0.868775039669289	-0.719714659738391	0.832950632572462	1	2	2	2	16
