age	diseaseAge	x1	x2	x3	x4	z1	z2	z3	z4	id
10.0412191656149	-37.5508119238741	-0.507777492513087	-0.858184670188894	-0.42485748944556	-0.690700014604003	1	2	2	2	1
25.9858096452775	-21.6062214442115	0.110682907204448	-0.887840018902855	-0.896690400381242	-1.10529233277149	1	2	2	2	1
35.8172436266467	-11.7747874628423	0.931825505306823	-0.283485778659178	-0.878699293667577	-0.875521791302191	1	2	2	2	1
47.592031089489	0	1.39303387856968	0.540416560629699	-0.380245189490842	-0.150619900268312	1	2	2	2	1
59.444160366899	11.85212927741	1.17830517203711	1.01884111125539	0.339319388405226	0.598603622246102	1	2	2	2	1
71.946391399454	24.3543603099649	0.434763523602006	0.823687995928934	0.905595096710635	0.885542630250928	1	2	2	2	1
12.1756564899438	-37.3897662996185	-0.629356906898393	-1.09172867029503	-0.234811893319395	-0.931340711053633	1	2	2	1	2
23.9842995646989	-25.5811232248634	-0.28499549298069	-0.866227989768066	0.484509418795249	-1.09168882168501	1	2	2	1	2
36.2059682700148	-13.3594545195475	0.310402837717952	-0.171524124990337	1.0104609800066	-0.675022538322625	1	2	2	1	2
49.5654227895623	0	0.917388676436549	0.568297297426315	1.07084223815975	0.0741922504287847	1	2	2	1	2
59.4542560229973	9.88883323343502	1.29185250402863	0.901608400606879	0.634403524993923	0.716377238376818	1	2	2	1	2
71.8234921285907	22.2580693390284	1.28319742175234	0.624937669254345	-0.0729810154311171	0.874750501962769	1	2	2	1	2
12.1007487825483	-35.5750434951616	-0.904249309144366	-0.591206793699169	-0.319205944014391	-0.609794516560272	1	1	1	1	3
23.0691838673735	-24.6066084103364	-0.949676131685002	0.0107299631547695	-0.569635236630401	-0.356195672799187	1	1	1	1	3
34.3180159562216	-13.3577763214883	-0.745693410548812	0.545746862924088	-0.578418928692967	0.113364014365386	1	1	1	1	3
47.6757922777099	0	-0.343865242274991	0.816912604737709	-0.343354312849492	0.659028147238085	1	1	1	1	3
61.7897122277277	14.1139199500179	0.154231600625391	0.724415346558392	0.0766108980287118	1.11827293584885	1	1	1	1	3
72.2814001827738	24.6056079050639	0.622684915637712	0.302301873428096	0.576161029024103	1.35431423208797	1	1	1	1	3
10.5124902811954	-37.4972790468768	-0.682944040573165	-0.85418830379651	-0.92590491126106	-0.128644200889713	2	1	1	2	4
25.1593160911658	-22.8504532369064	-0.866271904028993	-0.443425610107834	-1.12953190592315	0.368612730133374	2	1	1	2	4
36.7138528130178	-11.2959165150544	-0.365517390462122	0.450531359073565	-0.492572299050594	0.845229192085551	2	1	1	2	4
48.0097693280722	0	0.469033184056307	1.0946074942703	0.430099794361801	1.17970713745599	2	1	1	2	4
59.7975364172729	11.7877670892007	1.05359747028527	0.96063846587993	0.834717768490548	1.28678216490303	2	1	1	2	4
73.0892169584846	25.0794476304124	0.979262787894912	0.158483432161255	0.368807089812201	1.1391589377975	2	1	1	2	4
12.3318996304212	-36.5429643006378	0.0860419331938315	-0.690040829419353	-0.735635688325784	-0.224203745694586	2	1	2	2	5
23.2507349420685	-25.6241289889905	-0.356466681671123	-0.244914777802951	-1.14354851934033	-0.923991505083692	2	1	2	2	5
35.9330816778191	-12.9417822532398	-0.590254335630958	0.436415031592076	-1.31294379444659	-0.874766789198568	2	1	2	2	5
48.874863931059	0	-0.55008468419853	1.0288698696411	-1.19510468595037	-0.11681874877201	2	1	2	2	5
58.1075152719532	9.23265134089427	-0.247166707721554	1.2497753792839	-0.823920849514425	0.729491842156452	2	1	2	2	5
72.4952612538167	23.6203973227577	0.233973053881846	0.99373226440706	-0.306142009953567	0.971481758268676	2	1	2	2	5
13.4667381317029	-35.0606267899742	-1.14924425339989	-0.69880131165023	-0.583647980731367	-0.814928632871501	1	2	2	2	6
25.8607490029522	-22.6666159187249	-1.07711445476885	0.0044654358036563	-0.389734230352489	-1.11254540224707	1	2	2	2	6
36.0845199472494	-12.4428449744277	-0.544718072872733	0.598234003355292	0.0509467295049334	-1.18314429773061	1	2	2	2	6
48.5273649216771	0	0.17339497748745	0.782594300707879	0.602997057291459	-1.00937265119129	1	2	2	2	6
60.5435531559516	12.0161882342745	0.706903102292378	0.464426690939325	1.09680102276737	-0.633942203263205	1	2	2	2	6
74.0440661189522	25.5167011972751	0.780683075330069	-0.195563659341994	1.3806389076684	-0.149130884422301	1	2	2	2	6
11.9401895202304	-35.1308610527382	-0.860102175656193	-0.889938293578918	-0.45536971441579	-1.11416709098133	1	1	2	1	7
23.1585856333423	-23.9124649396264	-0.366685237365863	-0.197543270345291	-0.578201313057822	-0.992303017109467	1	1	2	1	7
36.4327776474834	-10.6382729254853	0.226695997058863	0.599329877902742	-0.158343212167515	-0.651654490552813	1	1	2	1	7
47.0710505729686	0	0.711073486891063	0.954831766136028	0.570911290842094	-0.177094402438805	1	1	2	1	7
60.5618428446515	13.4907922716829	0.915866483785045	0.62544749176879	1.20435341876828	0.313140168390443	1	1	2	1	7
72.2378164266449	25.1667658536762	0.768954083282111	-0.163198322262539	1.39001234520358	0.696906831426228	1	1	2	1	7
11.3996935678703	-38.5426942202454	-1.13020255238303	-0.443524546912928	-0.832927432174996	-0.166902666048775	2	1	1	2	8
23.6953003814509	-26.2470874066648	-0.478978725799705	0.444824432365278	-0.902241624641402	-0.537815176537734	2	1	1	2	8
35.7757092164404	-14.1666785716753	0.227564652302397	1.1147805167861	-0.723374701945664	-0.499257937602341	2	1	1	2	8
49.9423877881157	0	0.609148039461079	1.01553876013688	-0.3410051928207	-0.0676259107837995	2	1	1	2	8
60.6759301787181	10.7335423906024	0.460393591403473	0.228690854327515	0.149356190956497	0.573546224697233	2	1	1	2	8
71.635506271007	21.6931184828913	-0.138635280054836	-0.598855547267157	0.625223833574946	1.15162503364804	2	1	1	2	8
10.8601254391985	NaN	-0.617620523394152	-0.661184787100113	-0.458612548977739	-0.520497149050373	1	2	1	2	9
23.9615641299967	NaN	-0.916304627972018	-0.257831069926082	0.46704568647475	-1.05375950013775	1	2	1	2	9
35.4699317428821	NaN	-0.540943912651715	0.240076040270672	1.11397161110432	-1.27790151043486	1	2	1	2	9
49.2874625071894	NaN	0.255119607686187	0.706972559191337	0.912166231228928	-1.10352028830239	1	2	1	2	9
59.9496688428183	NaN	0.934599189959815	1.02511486363728	0.039437946650236	-0.600170780113747	1	2	1	2	9
72.266184175807	NaN	1.03889402855072	1.11427269679523	-0.735262385928099	0.0313774150825329	1	2	1	2	9
13.2723503402239	NaN	-0.555960950082649	-0.770502784933055	-0.592050363577483	-0.954914442556324	2	2	2	1	10
25.7688829875336	NaN	-0.949742136471732	-0.190565081726538	-0.358126803083213	-0.615552217911674	2	2	2	1	10
36.8346046302069	NaN	-1.14241189593017	0.531979565713235	0.0522171340181884	0.287767296920094	2	2	2	1	10
49.5372064372856	NaN	-1.08538620294466	1.01630303489459	0.540477790696483	0.977035997113774	2	2	2	1	10
60.9836935728069	NaN	-0.793044780263125	1.00713529080925	0.989447488420986	0.858602769914549	2	2	2	1	10
70.9662667933993	NaN	-0.339105076737312	0.509308332116238	1.29135040032309	0.0344714015007394	2	2	2	1	10
11.9871283114272	NaN	-1.19123223753067	-0.982826720435442	-0.417838853140278	-0.429410686976488	2	2	1	2	11
25.8388588113588	NaN	-0.988358919567464	-0.511971027769166	0.0761034218724466	-0.99812269550527	2	2	1	2	11
35.2911749504389	NaN	-0.45686340662916	0.0731246870593352	0.477821723423122	-1.21987823006286	2	2	1	2	11
49.7866859785391	NaN	0.184136853120411	0.571799482037945	0.687651468201428	-0.995814159555212	2	2	1	2	11
59.330202895187	NaN	0.670379344251543	0.813030819174843	0.65353479875174	-0.425822807392682	2	2	1	2	11
72.8438385728257	NaN	0.801402893994476	0.714087435659602	0.383935914070004	0.235982079574022	2	2	1	2	11
10.326124778465	NaN	-1.02298123556076	-1.28839857438131	-0.966666021005387	-0.742991533512788	1	1	1	1	12
23.4943085740455	NaN	-0.22010871906705	-0.786729916605302	-0.557087564889713	-0.898187833861382	1	1	1	1	12
35.4845751883806	NaN	0.564927987309415	-0.17594942598891	0.162059110588377	-0.665494955049064	1	1	1	1	12
48.4246680010466	NaN	0.716203105938226	0.316047299603417	0.799083715592927	-0.135365643629655	1	1	1	1	12
59.6308237631741	NaN	0.115028880793741	0.50568549043228	1.00702455138426	0.486127389915455	1	1	1	1	12
70.5129086099326	NaN	-0.76692412914777	0.322206977988953	0.672624602367206	0.957396383489073	1	1	1	1	12
13.9421466732985	NaN	-0.846742565766432	-0.912575716020027	-1.44741480404149	-1.4396297293928	1	1	1	1	13
25.6428652012755	NaN	-0.894736969493209	-0.835836030355085	-1.34789486531374	-1.41530100073418	1	1	1	1	13
36.0868162513661	NaN	-0.654048120738466	-0.127424220103949	-0.807757553128533	-1.08918290542066	1	1	1	1	13
47.443462100519	NaN	-0.195374987571094	0.69337476830997	-0.0986841650862443	-0.565284863877108	1	1	1	1	13
60.728872591838	NaN	0.346553640687635	1.02489315838276	0.42267158537524	-0.0106946042784706	1	1	1	1	13
72.3702192847035	NaN	0.812553842625882	0.624119036794825	0.494075256010577	0.397711421859489	1	1	1	1	13
11.4729938015954	NaN	-0.128032558197431	-0.370461070793348	-0.253945873831756	-0.897506580098246	2	2	1	1	14
22.5317733614728	NaN	-0.690187979755214	0.282543690503979	-0.511366585580885	-1.09604844079716	2	2	1	1	14
37.1360356411984	NaN	-0.797305035573416	0.832795673181369	-0.433789081381726	-0.485573929757776	2	2	1	1	14
50.2154676958421	NaN	-0.393253459309465	1.04362381632819	-0.0475466724602442	0.423390181103187	2	2	1	1	14
58.5322444597146	NaN	0.310240218479985	0.824347991786431	0.516252510446536	0.870696653998671	2	2	1	1	14
70.9142024806628	NaN	0.944539208788581	0.269281793436928	1.06622954240809	0.482272656180955	2	2	1	1	14
10.7443661044515	NaN	-0.90347033838719	-1.02326428207831	-0.603573367730504	-0.203821016167088	2	2	1	1	15
23.3748451716647	NaN	-0.722951986198313	-0.820572997616253	-0.607406375272777	0.320177068402541	2	2	1	1	15
37.2882058204528	NaN	-0.210276955742588	-0.168167459891297	-0.31692022344939	0.773347149835964	2	2	1	1	15
47.4040233748224	NaN	0.426583346768622	0.562921988677874	0.17909792787937	1.03125832072167	2	2	1	1	15
60.9899197749719	NaN	0.929280601629339	0.956916583571228	0.729040015405865	1.02309363541453	2	2	1	1	15
72.1522223793165	NaN	1.09389098032964	0.789747182205825	1.16481611218307	0.751094943593328	2	2	1	1	15
12.7147051504653	NaN	-1.38830814056984	-0.438541604777066	-1.11267231294119	-0.00539817422016342	1	1	2	2	16
23.4846536504372	NaN	-1.02896426889945	0.418482790215001	-0.955493116501386	-0.517662594748516	1	1	2	2	16
35.8596397838136	NaN	-0.35773116544649	1.16804564325564	-0.252713497274757	-0.247471295659393	1	1	2	2	16
49.0604051939243	NaN	0.290802472745003	1.18983649029977	0.526395904876582	0.591281128513165	1	1	2	2	16
60.3768288496324	NaN	0.593362921725083	0.465822033156265	0.861596372625448	1.33460360815423	1	1	2	2	16
71.2401976155973	NaN	0.399133265759798	-0.4048301706256	0.529062778322737	1.39405136015323	1	1	2	2	16
