age	diseaseAge	x1	x2	x3	x4	z1	z2	z3	z4	id
12.826818190213	-35.8608070465727	-1.05756140646697	-0.671152026494037	-0.62191791380709	-0.457351016830085	2	2	1	2	1
23.6187049226201	-25.0689203141656	-0.441091817303777	-0.897248755382495	-1.1060592193786	0.182623722466446	2	2	1	2	1
35.5033912472531	-13.1842339895325	0.208677787933284	-0.461866158262667	-1.06302561799009	0.84583172822623	2	2	1	2	1
48.6876252367857	0	0.596305558707649	0.344123241645716	-0.516751595152816	1.21117945888927	2	2	1	2	1
58.8721050963218	10.1844798595362	0.545542152184701	0.982250125654694	0.228935438391467	1.10178304737211	2	2	1	2	1
72.9727842554064	24.2851590186207	0.0794690339205388	1.02619158119514	0.759298279052613	0.570606994861299	2	2	1	2	1
12.469420399883	-37.1345581284361	-0.678638542202769	-1.08123749416912	0.071325443083045	-0.69331116206336	1	2	2	2	2
23.2711050721385	-26.3328734561807	0.153900204538324	-0.496875644281288	0.854970162736126	-0.304902979543695	1	2	2	2	2
35.3272936648011	-14.276684863518	0.692353941643217	0.441140957789944	1.29000338461017	0.18925966600821	1	2	2	2	2
49.6039785283191	0	0.563480387468552	0.902312698719097	1.1010163569176	0.664556577681529	1	2	2	2	2
58.8597884563085	9.25580992798932	-0.143388624832713	0.478328092683222	0.407652083419446	1.00112520565183	1	2	2	2	2
71.6247705406069	22.0207920122878	-0.938269676456828	-0.45542605949642	-0.351137697266198	1.11408813340615	1	2	2	2	2
11.3393260023024	-37.1742035743122	-0.703005423705495	-1.05832846698662	-0.547589037284528	-0.528677619160547	1	1	2	2	3
23.2889219061615	-25.2246076704531	-0.904649089556982	-0.411574345342029	-0.428845820103296	0.27460953308466	1	1	2	2	3
36.3394449081233	-12.1740846684913	-0.818901383652452	0.252636610103038	0.0910492011284372	1.06828001050431	1	1	2	2	3
48.5135295766146	0	-0.470561134975051	0.608640682530964	0.771421712999097	1.2204858031688	1	1	2	2	3
59.4158268151582	10.9022972385436	0.039629249856027	0.481888493497065	1.29730776995939	0.610054548074942	1	1	2	2	3
72.3959019717856	23.8823723951709	0.564119186614564	-0.0654731515942078	1.42525963636497	-0.277044092677891	1	1	2	2	3
11.1779764452828	-36.9673416594126	-0.677723756363387	-1.32561968317111	-0.480761555891526	-0.572914036445708	1	2	2	1	4
25.1889760608671	-22.9563420438283	-1.23663675225392	-1.08328671348758	-0.0719049036124446	0.337915459638326	1	2	2	1	4
35.6485802719822	-12.4967378327132	-1.4885974603853	-0.288121405725312	0.496233828236387	0.773151557349274	1	2	2	1	4
48.1453181046954	0	-1.32980764532552	0.469710846714164	1.03274950056108	0.366180039206833	1	2	2	1	4
59.1395915344512	10.9942734297559	-0.825682675724784	0.627752948397523	1.35736290810856	-0.540193097204553	1	2	2	1	4
71.8443901334517	23.6990720287563	-0.183902878685848	0.0687073032105123	1.360997932238	-1.18249882921363	1	2	2	1	4
11.5660874179137	-36.2476237217893	-0.535054236845487	-0.45858498487746	-0.473653026420845	-1.23997102600422	1	1	1	1	5
23.4008056510621	-24.4129054886408	-1.04471562399513	-0.745454988192087	-0.726510416576175	-1.44920711748536	1	1	1	1	5
35.2867017346021	-12.5270094051008	-1.35618341562115	-0.721302931937873	-0.570096680676718	-0.833055887739095	1	1	1	1	5
47.813711139703	0	-1.37303170099668	-0.393870580119709	-0.0686304246503059	0.0834562922261415	1	1	1	1	5
58.8390038018926	11.0252926621896	-1.09004449533871	0.131886035003243	0.572001933045756	0.519363580582306	1	1	1	1	5
71.4653497101373	23.6516385704344	-0.59483053304371	0.687439497154301	1.08877670918491	0.103226612035898	1	1	1	1	5
12.6932539301409	-33.7467994913897	-0.862752625364777	-0.18394132685322	-0.843009814918369	-0.392903213485183	1	2	1	1	6
23.7470728603757	-22.6929805611549	-1.39741750203633	-0.912969360957649	-0.731076824729823	-0.472430380117462	1	2	1	1	6
36.1330093047696	-10.307044116761	-1.13565168948067	-0.915883497527779	-0.258186802070695	0.215651168884645	1	2	1	1	6
46.4400534215306	0	-0.289009738908471	-0.190308499373928	0.380948896228605	1.10146851535492	1	2	1	1	6
58.7612230010607	12.3211695795301	0.458267133683611	0.672358257970926	0.923167646615926	1.45138286760166	1	2	1	1	6
71.5193889153479	25.0793354938173	0.502242830346484	0.968979459203214	1.14521215135186	0.975593237192186	1	2	1	1	6
12.5935676133069	-35.2428258829306	-0.611762097245068	-0.234352003479695	-1.0128571912141	-0.397716057643707	2	1	1	2	7
25.6168162359158	-22.2195772603217	-0.70844613206466	-0.580544182677244	-0.92657264393757	-0.603468027651111	2	1	1	2	7
34.9252456284159	-12.9111478678217	-0.198984990128982	-0.381238027668645	-0.240067948426631	-0.517496729942578	2	1	1	2	7
47.8363934962375	0	0.594658625241021	0.254220540749859	0.567884402595026	-0.165048944044688	2	1	1	2	7
61.8084289787414	13.9720354825038	1.17092802434948	0.977198023083054	0.933813592933335	0.350373675625715	2	1	1	2	7
71.9606323127372	24.1242388164997	1.16563988033235	1.39104516122217	0.602518410179628	0.877409435239738	2	1	1	2	7
10.8561329279059	-36.00987038829	-0.930396268802981	-0.2595921997946	-0.435565522858831	-0.279080206496281	2	2	2	2	8
24.8487504212922	-22.0172528949037	-1.35083417143777	-0.743042593670212	-0.965087808533951	-0.654179402347647	2	2	2	2	8
36.7474436172923	-10.1185596989036	-1.38319364788174	-0.904683936271095	-0.742823199135383	-0.38417529176953	2	2	2	2	8
46.8660033161959	0	-1.01395656099857	-0.682371003521038	0.0608564691519422	0.356306341374491	2	2	2	2	8
61.0040527788182	14.1380494626223	-0.397371314187128	-0.161575041813392	0.829908988074021	1.08835728584463	2	2	2	2	8
72.4378219302626	25.5718186140667	0.208984256363961	0.45747682120281	0.974834796157957	1.33852189782694	2	2	2	2	8
11.1141596602749	NaN	-0.77972644549906	-1.29472965081891	-0.561568933764219	-0.218720174997217	1	1	1	1	9
24.7476847869502	NaN	-0.849360621655338	-0.658840972177408	-1.19734221976198	-0.602509171065234	1	1	1	1	9
34.4842715703702	NaN	-0.586492703401233	0.213660613039381	-1.28183708845058	-0.338767228829219	1	1	1	1	9
46.7595827096361	NaN	-0.0798771189999872	0.643849933537097	-0.761509703597899	0.401156402675038	1	1	1	1	9
58.5872427869285	NaN	0.499433015438147	0.296981055260673	0.0339119322079954	1.13654425573194	1	1	1	1	9
71.2041159962638	NaN	0.955840077690381	-0.55703474989003	0.600374419463904	1.38962569096938	1	1	1	1	9
11.75608781986	NaN	-0.623170930630788	-1.1054256216568	-0.264050764901214	-0.927094803332713	1	1	1	2	10
25.1483646418166	NaN	-0.276300760388557	-0.545396175422112	-0.673522368834126	-1.12883996024775	1	1	1	2	10
36.9477245826099	NaN	0.417909356713163	0.225499814669988	-0.525077199296673	-0.875193139029409	1	1	1	2	10
47.2226343892879	NaN	1.08633161623942	0.748615268226435	0.0969780904343079	-0.281759499419835	1	1	1	2	10
60.4631563941742	NaN	1.36969881077217	0.712720942177099	0.839358851260545	0.380990426469027	1	1	1	2	10
72.6017117902212	NaN	1.11570520961087	0.13917228272587	1.2804438367825	0.810993672961273	1	1	1	2	10
10.6996901951337	NaN	-0.766542446631211	-0.751185751707288	-1.12440569479176	-0.915749550983759	2	2	1	2	11
24.0769366575811	NaN	-0.232388243290427	-0.719056021302023	-1.41456152828868	-0.436639942550565	2	2	1	2	11
36.0090605265717	NaN	0.305250525150168	-0.359483648956676	-1.36425591876783	0.0881223089589433	2	2	1	2	11
48.080229902869	NaN	0.678912721522119	0.201994207125495	-0.991016836369906	0.512513442412952	2	2	1	2	11
59.6941349422618	NaN	0.772211842480808	0.769349320451845	-0.424891875268302	0.718439617563456	2	2	1	2	11
73.7578672449243	NaN	0.556087526665248	1.1445015433333	0.136864194967386	0.64859847601012	2	2	1	2	11
13.39538626805	NaN	-0.385447380895979	-0.878782322553809	-0.330269759855222	-1.41591934965828	2	1	2	2	12
24.8715366293744	NaN	0.366082945940595	-1.21392243414978	-0.742202605697508	-0.988323205920221	2	1	2	2	12
35.6089707463845	NaN	0.938427641356821	-1.13217108151673	-0.523672051119806	-0.0654798173263572	2	1	2	2	12
47.8891462587497	NaN	1.00697358084946	-0.668351929032441	0.186326088594281	0.554135341233553	2	1	2	2	12
58.5403017182884	NaN	0.532843997028307	-0.0200382519746252	0.936199263972177	0.334410168730249	2	1	2	2	12
72.2531053193157	NaN	-0.215052029868415	0.536607449903116	1.24899250836233	-0.534541645310751	2	1	2	2	12
11.8315990418164	NaN	-0.396328325877498	-0.0507305477727711	0.145002707168126	-0.945355532516549	2	1	1	2	13
24.4771605025027	NaN	0.315475222738859	-0.766539888956383	-0.49709962007063	-0.292790780383475	2	1	1	2	13
35.5983656013008	NaN	1.02270053033363	-0.951842005144974	-0.362698064576047	0.419566862417414	2	1	1	2	13
47.0603513168251	NaN	1.30761711522781	-0.483210104349659	0.43825841034736	0.802831375456377	2	1	1	2	13
58.2035674362232	NaN	1.00193583255051	0.327207558846489	1.25053680724059	0.647773289864887	2	1	1	2	13
71.4097598638985	NaN	0.286210726510519	0.939604670317923	1.40964208120318	0.0390409876046186	2	1	1	2	13
13.3608661459234	NaN	-0.457857902580446	-0.050748666510569	-0.672697263473994	-0.828380899851216	2	1	2	2	14
23.4962988857931	NaN	0.462090356819923	-0.677175300576363	-0.617574425909508	-0.807494228072275	2	1	2	2	14
33.6616887972858	NaN	0.791807123988329	-0.449097049138045	0.0433361988532218	-0.502407572673395	2	1	2	2	14
48.2236112743243	NaN	0.236921835269799	0.432705254967976	0.855251093945063	-0.00431663264858198	2	1	2	2	14
58.9636718235002	NaN	-0.707164876220465	1.19196732569532	1.25947821001235	0.53789056089914	2	1	2	2	14
71.4285547147273	NaN	-1.19757401531564	1.16029895073582	0.977862192047832	0.96213886262946	2	1	2	2	14
11.9537122980024	NaN	-1.32175453788969	0.208252976202277	-0.69199343206831	-0.818596824645743	2	1	2	1	15
23.7946544679532	NaN	-0.86522850010796	0.716864922224122	-0.187347231062482	-0.202174692840953	2	1	2	1	15
37.720447978111	NaN	-0.22240369160274	1.15647178054363	0.548233473941348	0.542030262639001	2	1	2	1	15
47.6109384518445	NaN	0.336601509612863	1.41333465732718	1.11521894090382	0.991166254803117	2	1	2	1	15
59.8147462601088	NaN	0.576890166993468	1.42099576439569	1.20565172094866	0.890037513332863	2	1	2	1	15
71.1702186514948	NaN	0.397491718221287	1.17747295377528	0.770413362439727	0.2961046459976	2	1	2	1	15
12.2590374047932	NaN	-0.636620290847924	-0.606069640487155	-0.554252525976476	0.211817637014526	1	2	2	1	16
23.2984063586196	NaN	-0.905165901779019	-0.328955702351651	0.379939701474738	1.02038699056627	1	2	2	1	16
36.4328502185519	NaN	-0.641734814380683	0.145929150855211	0.883232428839932	1.38886121108723	1	2	2	1	16
46.635259426185	NaN	0.0135327777366724	0.681766776862142	0.516007943476869	1.06031860231166	1	2	2	1	16
61.6080181022967	NaN	0.712047313132645	1.12417804975208	-0.400969357467917	0.263838214119496	1	2	2	1	16
72.436248858047	NaN	1.08221270116795	1.34570072669306	-1.06673526039137	-0.445227418683927	1	2	2	1	16
