age	diseaseAge	x1	x2	x3	x4	z1	z2	z3	z4	id
13.6546567236844	-35.2371024870283	-0.441434430815299	-1.30147765042091	-0.262686624021652	-0.416722259548995	1	2	1	2	1
22.2416619875712	-26.6500972231415	-0.700523178331272	-0.94126958937022	0.231144330176134	0.358354303618347	1	2	1	2	1
34.729238654923	-14.1625205557897	-0.120361159046014	-0.245362748804634	0.692067293417442	1.08213593398553	1	2	1	2	1
48.8917592107127	0	0.802546505728397	0.415246760238102	1.00610303525782	1.26195569169401	1	2	1	2	1
58.9157375936027	10.02397838289	1.27837151488533	0.68838024876821	1.09559529848822	0.775413054211312	1	2	1	2	1
71.9007790683356	23.0090198576229	0.899900803726356	0.428427045741721	0.938414009089322	-0.0463099447354711	1	2	1	2	1
12.3432965003472	-36.0977111320851	-0.377590957685924	-1.05866396755472	-0.33761317009516	-1.04973769232992	1	1	2	2	2
24.6681995898727	-23.7728080425597	-0.513106104311027	-0.224363877980531	-0.650214379383496	-0.844528843657182	1	1	2	2	2
35.5425552007065	-12.8984524317258	-0.0030483123664396	0.508882638324414	-0.57874071069162	-0.339793204240019	1	1	2	2	2
48.4410076324323	0	0.812394260852948	0.572715838300369	-0.15122537498832	0.274154942792909	1	1	2	2	2
61.7834117755625	13.3424041431302	1.38935401692127	-0.0823431645257199	0.46465270739801	0.765821935500743	1	1	2	2	2
71.8538717576188	23.4128641251864	1.3430218629279	-0.948539940700321	1.02733548396249	0.949821120063542	1	1	2	2	2
11.9840029514112	-35.7154577977188	-0.436114206426883	-1.12290569047662	-0.629303290679592	-1.33056994464325	2	2	1	2	3
25.0360070223048	-22.6634537268252	-0.816715441964293	-0.743735391000914	-0.436234141823344	-1.29629772321446	2	2	1	2	3
35.2537708125825	-12.4456899365476	-1.00025932540663	-0.250986947707791	0.0152174625232235	-0.755539530150562	2	2	1	2	3
47.69946074913	0	-0.941974709367573	0.230295422752783	0.580165493974967	-0.00937486807759219	2	2	1	2	3
60.0091256758281	12.3096649266981	-0.656078734108619	0.577977236100193	1.07729909720882	0.52675200674423	2	2	1	2	3
71.408688224909	23.709227475779	-0.212308895673852	0.70382767073526	1.3470713514566	0.554340184136869	2	2	1	2	3
11.4548054341046	-37.059428860524	-0.26954939555322	-0.769917923245022	-0.47609873054632	-0.517386387805084	1	1	2	1	4
24.1896250417603	-24.3246092528683	0.482224714653414	-1.07170819106607	0.268818882193196	0.0201520833837689	1	1	2	1	4
36.2853799839812	-12.2288543106473	0.943655563324082	-0.744050210171532	0.85064860114986	0.455293848698583	1	1	2	1	4
48.5142342946285	0	0.848868907180141	0.00677974952395032	0.944063653886087	0.661365098626828	1	1	2	1	4
62.1435079480874	13.6292736534589	0.252480363161344	0.708098547498959	0.496831545887402	0.57837657830915	1	1	2	1	4
72.9991690703722	24.4849347757437	-0.501873848271847	0.918392672401354	-0.240980437719247	0.230487016813635	1	1	2	1	4
12.5037375762099	-36.1814177226738	0.323689706430287	-1.3258021367873	-0.340040627108909	-0.888167386481723	2	1	1	2	5
25.4499429182248	-23.2352123806589	-0.40286315682015	-0.928074373860464	-0.92587582984456	-0.249453736610712	2	1	1	2	5
35.4435619938795	-13.2415933050042	-0.469460777641686	-0.255906254612087	-1.0962711576542	0.371087706326074	2	1	1	2	5
48.6851552988837	0	0.17479649167724	0.366914896080633	-0.765135949328797	0.696043570884827	2	1	1	2	5
58.8833282723632	10.1981729734795	1.03751166098255	0.640372477482102	-0.0997732019679732	0.580142170566982	2	1	1	2	5
71.6090536008436	22.9238983019599	1.45932336493757	0.432740368977765	0.563648718778315	0.0751972860365127	2	1	1	2	5
11.9086770941504	-36.6278040911735	-1.1023662440266	-1.33328299076575	-1.08468756109347	-0.499221757690688	1	1	1	1	6
25.5851552335355	-22.9513259517884	-0.54204338216776	-0.653034747079019	-1.47337977269881	-1.29212982090962	1	1	1	1	6
35.5122016098204	-13.0242795755035	0.106859952954836	0.144544716217874	-1.28165084093101	-1.43026808135953	1	1	1	1	6
48.5364811853239	0	0.566828937854661	0.518953012517419	-0.621879008424999	-0.802532501036533	1	1	1	1	6
60.5818580795692	12.0453768942453	0.64114981757832	0.216461720981094	0.11922309676975	0.08619175974645	1	1	1	1	6
72.8366242867049	24.3001431013811	0.298037972288749	-0.557937339359633	0.507272664365172	0.521107412219311	1	1	1	1	6
11.852354803169	-36.6315037083786	-0.169602028233667	-0.777307520155391	-0.0210039254852579	-0.663018136198481	2	1	2	2	7
23.4811562479123	-25.0027022636352	0.639163775473412	-0.352829161258064	0.833572650722971	-0.760421537725035	2	1	2	2	7
35.4477160710264	-13.0361424405212	0.872069163551565	0.234753623820656	1.28469653957569	-0.561699008125277	2	1	2	2	7
48.4838585115476	0	0.350319363504535	0.77635937156055	0.997373680852172	-0.125973576937352	2	1	2	2	7
61.129973044556	12.6461145330084	-0.525553298777158	1.07926677482998	0.184963316694973	0.417119693369825	2	1	2	2	7
71.4295838143436	22.945725302796	-1.08316655390695	1.03569132258648	-0.549257596877141	0.906002145725964	2	1	2	2	7
10.908349571148	-35.5736159324022	-0.869138235528734	-0.186644052129416	-1.02318846067186	-0.330741366075171	2	2	2	1	8
23.6144664831748	-22.8674990203754	-0.378025928719431	0.593826619276263	-0.446584592435595	-0.920990341916198	2	2	2	1	8
35.2369865986444	-11.2449789049058	0.121255408839729	0.885763729664281	0.468912970715676	-1.07460189127118	2	2	2	1	8
46.4819655035502	0	0.497538794149088	0.487031234258216	0.953047351197577	-0.711174315970192	2	2	2	1	8
60.7897848377797	14.3078193342295	0.651970229089641	-0.32629014038377	0.598490500033512	-0.0209289524861456	2	2	2	1	8
73.0215874837672	26.539621980217	0.543978789259352	-0.991060046726746	-0.29645001310508	0.634853425625373	2	2	2	1	8
12.3542635946281	NaN	-0.418607108990126	0.0111985613505329	-0.784714982425055	-0.870757959345908	2	1	2	1	9
22.6680498083786	NaN	-0.618067733853994	-0.538952510649801	-1.20105636959102	-1.45363030246795	2	1	2	1	9
34.2031274204476	NaN	-0.433230347309683	-0.540756616346532	-0.99828478328189	-1.21462342716007	2	1	2	1	9
46.9880494640793	NaN	0.0648669444977082	0.00685951360362075	-0.303316790734093	-0.354695852392325	2	1	2	1	9
59.3140433697885	NaN	0.684791612968141	0.778116959912503	0.448860864796867	0.403119782610057	2	1	2	1	9
72.1882501558934	NaN	1.18828950820207	1.31419173327519	0.78745339529567	0.42164721475317	2	1	2	1	9
13.0524655148425	NaN	-0.452421496272711	-0.773669716217983	-0.456409811710451	-0.6310957953512	1	2	1	2	10
24.7901990573416	NaN	-0.860952474140366	-0.27157077959587	-0.458461759719194	0.228880110016923	1	2	1	2	10
34.3122698602844	NaN	-1.03995014600202	0.546605798265828	0.183457420789081	0.729984274813082	1	2	1	2	10
47.6875656064836	NaN	-0.939191221458231	1.1307034235219	1.01411363608214	0.500311170429376	1	2	1	2	10
59.9962211956107	NaN	-0.586946709148761	1.08796438508779	1.44442489444793	-0.289682233718295	1	2	1	2	10
73.8269749654248	NaN	-0.0820496176224711	0.447127178351111	1.16922449940322	-1.0536848765638	1	2	1	2	10
11.718892683357	NaN	-0.468751361411756	-0.227060842832095	-0.577736075093631	-0.731645625221287	1	1	2	1	11
23.4284313956032	NaN	-1.12174811141762	-0.881567694819225	-0.894407488705409	0.161309842841887	1	1	2	1	11
37.6510299577955	NaN	-1.01287073844641	-0.943189621823173	-0.975892639699615	0.697483595604234	1	1	2	1	11
47.8594693073424	NaN	-0.230275787149903	-0.37033192910746	-0.801224064891974	0.449346550510918	1	1	2	1	11
59.7478636800066	NaN	0.592380135176078	0.450327426073709	-0.415346847736888	-0.385244156220437	1	1	2	1	11
72.0163078602457	NaN	0.789003591755198	0.964844790526718	0.0824464873531197	-1.14081059449839	1	1	2	1	11
11.2069068054864	NaN	-0.447620190868129	-0.151563524604936	-0.275854661485388	-0.641991085848663	1	1	2	2	12
23.9891165623152	NaN	-0.0542097765347483	-0.550192781754463	-0.672021902958647	-0.179751471685905	1	1	2	2	12
37.5869298981519	NaN	0.469207007888699	-0.741274997140237	-0.849524057446683	0.581988628914405	1	1	2	2	12
49.6136676996321	NaN	0.973196945023048	-0.675287409120381	-0.76094229145698	1.19287893287333	1	1	2	2	12
60.4102908494925	NaN	1.31387309796835	-0.369332015315302	-0.429940791061273	1.29175344525209	1	1	2	2	12
72.4589318659233	NaN	1.39397390550997	0.0972967506728689	0.0550550098165095	0.820156316602854	1	1	2	2	12
12.5856501405124	NaN	-0.437140186466526	-0.533900249070287	-0.380630983302772	-1.17109661370431	2	2	2	2	13
24.7170968703785	NaN	0.416287364964998	-0.587256442486595	-0.682390772003108	-1.27311495291097	2	2	2	2	13
34.2445321544918	NaN	1.07309715849165	-0.30777178364141	-0.694279603490659	-1.09283226292267	2	2	2	2	13
48.114059062238	NaN	1.0381117806086	0.209557036269673	-0.412689422855785	-0.68129129999117	2	2	2	2	13
61.0008046908921	NaN	0.337707161001067	0.788890218544515	0.0769220161424906	-0.155010100650623	2	2	2	2	13
71.2598210681064	NaN	-0.500072582593517	1.23331271373702	0.625966102576113	0.337007329336847	2	2	2	2	13
9.49785715422244	NaN	-0.525780265455201	-0.693592071369377	-0.762259683478263	-1.17087936704026	1	1	1	2	14
24.2046055096068	NaN	0.299058693687529	-1.23110972081527	-0.53922804929957	-1.22799855279423	1	1	1	2	14
36.4857320850431	NaN	0.830986286604743	-1.3301425880729	0.314915224720122	-0.975467014217183	1	1	1	2	14
48.5605113679587	NaN	0.707960240569036	-0.941156651863067	1.08189070751896	-0.492800661135224	1	1	1	2	14
59.4205282112523	NaN	0.0137149395539145	-0.258713961887956	1.11672146117582	0.0680208589826033	1	1	1	2	14
73.3943288273379	NaN	-0.779230142067433	0.375842939087056	0.390117067231563	0.530408777567028	1	1	1	2	14
10.8412059249511	NaN	-0.393027377739982	-0.43840827447565	-0.589787794979043	-0.594689576410953	2	2	1	1	15
24.3852110636539	NaN	0.0952444774698408	0.363350349878829	-0.652206613281054	-0.0638157943948842	2	2	1	1	15
36.425558483005	NaN	0.610659845053812	0.522098003497164	-0.105687071564074	0.43404642829254	2	2	1	1	15
47.2836676090523	NaN	1.01251395313468	-0.0896880401088328	0.697340246427587	0.755041816827948	2	2	1	1	15
60.019374663754	NaN	1.19110345532114	-0.980557214396442	1.23903221736608	0.806420052487543	2	2	1	1	15
72.7451444376402	NaN	1.09767467303625	-1.43487017944464	1.17007138239588	0.573335601961217	2	2	1	1	15
11.6977049804747	NaN	-0.0814910529228825	-0.588196824007489	-0.717708200331766	-0.968628701694295	1	2	2	1	16
24.5188484007949	NaN	-0.583422400009724	-0.284797074853284	0.0647280052726538	-0.567578826792361	1	2	2	1	16
36.379908601008	NaN	-0.320474147364079	0.439141074651456	0.652380008779556	-0.0631628911952118	1	2	2	1	16
48.6987859441429	NaN	0.503889031036465	1.14657383409223	0.683063784538307	0.413328471758186	1	2	2	1	16
60.7202914219805	NaN	1.25178959219705	1.41042177014878	0.137868185543286	0.737872905897342	1	2	2	1	16
73.771333475396	NaN	1.344515404308	1.07139903478826	-0.647189663048701	0.825997179316286	1	2	2	1	16
