age	diseaseAge	x1	x2	x3	x4	z1	z2	z3	z4	id
13.0865128114892	-35.8163990342695	-0.551609630870987	-1.38093363364101	-0.104545849686361	-1.19665619468607	1	1	2	1	1
24.2461194766156	-24.6567923691431	0.259613521371128	-1.30900435559002	-0.654018869893556	-1.0838250450123	1	1	2	1	1
34.5559349002463	-14.3469769455124	1.04584275109121	-0.889161027365181	-0.722823400279914	-0.477671891659352	1	1	2	1	1
48.9029118457587	0	1.17993982519564	-0.282181425630367	-0.273869911554427	0.273559860088559	1	1	2	1	1
58.7956867971007	9.89277495134201	0.554941788177374	0.279493383419903	0.450830300269664	0.738277135215327	1	1	2	1	1
72.1371127790195	23.2342009332609	-0.33061969794159	0.580771671666422	1.06062287591226	0.649493404839019	1	1	2	1	1
12.3003089966026	-36.7850260596601	-0.511118742275116	-0.714343318383613	-0.858754872955377	-1.38352676259141	1	1	2	1	2
24.9314423882658	-24.153892667997	-0.759278527956977	-0.910602223983187	-1.37446695269841	-1.37459554045365	1	1	2	1	2
35.4582441845443	-13.6270908717184	-0.160861050656256	-0.688107625434545	-1.05050618887749	-1.06354978404625	1	1	2	1	2
49.0853350562627	0	0.765677708244672	-0.140051300168305	-0.160788230736098	-0.548782966243258	1	1	2	1	2
60.1077121937871	11.0223771375244	1.2176045737363	0.504013569775084	0.542411648407164	0.00686811521543562	1	1	2	1	2
73.1074727807555	24.0221377244927	0.803379867501747	0.974320660169453	0.464523139569011	0.427633694998784	1	1	2	1	2
10.2217461725095	-38.7930991475262	-0.830202097991224	-0.989114746299654	-0.839716548142351	-1.06977813241145	1	2	1	1	3
24.5088984562447	-24.505946863791	-0.229843776147298	-0.728735396568078	-0.0780493197597253	-0.795294083945657	1	2	1	1	3
36.4228374690456	-12.5920078509901	0.328512711299845	-0.0154604248036215	0.469472735264625	-0.22688071718253	1	2	1	1	3
49.0148453200357	0	0.635433177063824	0.712739912864316	0.48516040115517	0.402948832824242	1	2	1	1	3
59.8101221751041	10.7952768550684	0.575794684895203	1.0087307792032	-0.0400887906158539	0.836558747171487	1	2	1	1	3
72.7730763886475	23.7582310686117	0.171967063781601	0.690765722039448	-0.80150902780542	0.896578108019315	1	2	1	1	3
13.2578155626787	-35.5706196602358	-0.283978699875606	-0.491572604094488	-1.20118054497865	-0.413886226853666	2	2	2	1	4
23.0759451531815	-25.7524900697331	-0.896987065191461	-0.844368001542369	-0.824942726079109	0.0300754356834	2	2	2	1	4
35.7975599076361	-13.0308753152785	-1.08474442037492	-0.435600374982071	-0.232568480027811	0.632336618683101	2	2	2	1	4
48.8284352229145	0	-0.748211124962271	0.423230150852089	0.349841389997748	1.17046346411981	2	2	2	1	4
59.8901468736656	11.0617116507511	-0.0649042543787165	1.07765438970346	0.699989341069151	1.44570892716245	2	2	2	1	4
71.4711327904661	22.6426975675515	0.60474042190688	1.02897034369921	0.684228892948729	1.35641626489481	2	2	2	1	4
14.0378053456198	-34.6728602984084	-0.926831872913594	-0.0661538698864754	-0.0652358442595283	-0.0599483287589675	2	1	2	2	5
24.7740409332704	-23.9366247107578	-0.251873947580456	-0.478278456656768	-0.585427286596819	0.746362739229315	2	1	2	2	5
35.0465528569176	-13.6641127871106	0.525664952293046	-0.716333127075562	-0.867549731021867	1.05693334394484	2	1	2	2	5
48.7106656440282	0	0.90413194162237	-0.723394450768135	-0.815177324130758	0.647776519760059	2	1	2	2	5
60.918685148289	12.2080195042608	0.639347523874027	-0.497773930017302	-0.446210286657734	-0.186019292489172	2	1	2	2	5
71.9553959632612	23.244730319233	-0.0978545753203841	-0.0934217519018309	0.113243153678007	-0.843111302780207	2	1	2	2	5
12.2265472801069	-35.2012881438161	-0.836751481926674	-1.05872107182166	-1.05259224452972	-0.945081292539894	2	2	1	2	6
25.0186221843331	-22.4092132395898	-0.293752185177733	-0.820874264442749	-0.391075668127574	-0.990336203434691	2	2	1	2	6
36.2965875164281	-11.1312479074949	0.219556422025725	-0.202238577920186	0.362654420472976	-0.537018961812578	2	2	1	2	6
47.427835423923	0	0.546691431646445	0.488035144997826	0.753462793834047	0.177743493943249	2	2	1	2	6
62.3235546321106	14.8957192081876	0.587925239455968	0.904996382031221	0.545362245680548	0.780064143347656	2	2	1	2	6
72.1615986646833	24.7337632407603	0.330687656556362	0.840277073220837	-0.135987001918311	0.954873453622301	2	2	1	2	6
11.573086769195	-36.1730301307192	-1.27455741188767	-0.222230942484158	0.0117496390125781	-0.406530244227182	2	2	1	1	7
24.8912016411361	-22.8549152587781	-1.34312156901722	0.318839667741849	0.66569827470437	0.427515672462814	2	2	1	1	7
37.025458391927	-10.7206585079872	-1.02760333644095	0.712451252581439	1.04233728251212	1.07415492884723	2	2	1	1	7
47.7461168999142	0	-0.451884135967317	0.837632810330252	0.966282393942005	1.06989956764037	2	2	1	1	7
60.5295528393414	12.7834359394272	0.157992318432697	0.655911544406457	0.472949035226401	0.417799679992447	2	2	1	1	7
71.7445317799833	23.9984148800691	0.562571204507869	0.223136937946442	-0.207939083534812	-0.414742791068673	2	2	1	1	7
11.9661183391085	-35.0248750602812	-0.312909361000526	-1.25169371445145	-0.535413560590189	0.293523443468963	2	1	1	1	8
23.4087563242478	-23.5822370751419	0.621134986657919	-0.984530143238798	-0.45895452262692	-0.211851365488378	2	1	1	1	8
36.9310158707854	-10.0599775286043	1.05547622479182	-0.187826444052221	0.26961791050652	-0.516608581862032	2	1	1	1	8
46.9909933993897	0	0.606390399016223	0.556684893824743	1.0967777965291	-0.52678552350343	2	1	1	1	8
60.0608425820981	13.0698491827084	-0.329372254229846	0.705380896976526	1.39409831813923	-0.23924443786294	2	1	1	1	8
70.2541220876743	23.2631286882847	-0.925101042652805	0.149687579681316	0.93569305087265	0.257360066790653	2	1	1	1	8
13.2170628838704	NaN	-0.805219084526223	-0.777064720016733	-1.43766514635378	-0.314580082036558	1	1	1	1	9
24.3860019566296	NaN	-0.414849234920816	-0.744009999828376	-1.37323707148234	0.376366023052017	1	1	1	1	9
36.4341294206439	NaN	0.346346852185189	-0.22843243936778	-0.87634219801474	0.703519967823316	1	1	1	1	9
48.3156653137504	NaN	1.0100164636717	0.49754112302341	-0.185254574379705	0.489101844125849	1	1	1	1	9
59.6025968948203	NaN	1.16781348686122	1.05073479800539	0.368631263686551	-0.150370620083296	1	1	1	1	9
70.5501869757953	NaN	0.722647743303051	1.13916759705539	0.519712614183149	-0.867399380628059	1	1	1	1	9
13.1177953447569	NaN	-0.455775145978345	-0.983968733600959	0.314340672275747	-0.479262714761078	2	1	1	2	10
22.3214199226405	NaN	-0.820565941960068	-0.391565403849524	0.890838079716566	-0.889036346168206	2	1	1	2	10
37.0267729297621	NaN	-0.670453872362933	0.2118711172174	1.33190557956692	-0.826127021785133	2	1	1	2	10
46.2575390866278	NaN	-0.0837329130454669	0.586636105623483	1.48886272448126	-0.321368684477366	2	1	1	2	10
59.0876890608073	NaN	0.63358079253513	0.583860649783725	1.30880047326324	0.377839891629581	2	1	1	2	10
73.345582094988	NaN	1.10735782161864	0.204647251540079	0.852416419977784	0.92879343194917	2	1	1	2	10
12.7939086003558	NaN	-0.813059752625139	-0.220860795908963	-0.0638660361548728	-0.746641407061942	2	2	1	1	11
23.2214608230875	NaN	0.0752530368947739	-0.715803521783925	-0.794536218364719	-0.601104360495413	2	2	1	1	11
36.2249166847652	NaN	0.755239526275215	-0.778632583188695	-0.70210979604132	-0.190701483444979	2	2	1	1	11
49.1414116426949	NaN	0.664025909982181	-0.37928182585174	0.13104125083632	0.357327543313479	2	2	1	1	11
59.4100566185821	NaN	-0.122883730475066	0.291143850518308	0.962398715593896	0.873073973228715	2	2	1	1	11
71.7055826320737	NaN	-0.954107594350549	0.911819633921195	1.05104286206771	1.19663782807604	2	2	1	1	11
11.7187899754644	NaN	-0.623770369635343	-0.234284564363681	-0.701664436545641	-0.626497806825016	1	2	1	1	12
23.864310896074	NaN	-0.35804966509657	-0.886792407488179	-1.23390481557818	0.202290984063326	1	2	1	1	12
35.1348698660513	NaN	0.0728232966030312	-0.711912766044238	-1.14105107008521	0.923611531946124	1	2	1	1	12
46.8369544132787	NaN	0.564628327518067	0.139159368663932	-0.483886609282815	0.992164147790166	1	2	1	1	12
60.2219916562868	NaN	0.998406900865439	0.930615969218197	0.307399174563074	0.356124826010291	1	2	1	1	12
70.9639985100978	NaN	1.2692360150657	0.978190571835687	0.71481912486507	-0.503677146889085	1	2	1	1	12
14.098804487445	NaN	-0.833827568846923	-0.0850684810972661	-0.818338270731843	-0.117967359169998	1	1	1	2	13
24.0006591809061	NaN	-0.0286594563070691	0.751941822952372	-0.811932544864505	-0.804918674827377	1	1	1	2	13
35.771166545853	NaN	0.768361252120522	1.03110783450245	-0.272901997177869	-0.976186047303699	1	1	1	2	13
46.7383352587227	NaN	0.917199532609155	0.533499459081163	0.48726776272815	-0.522727613277466	1	1	1	2	13
60.3051741838591	NaN	0.298333130101234	-0.350644362560627	1.02930303862252	0.266750425537945	1	1	1	2	13
72.6805140109299	NaN	-0.591266962696988	-0.927952366048974	1.03998190076264	0.889606175598355	1	1	1	2	13
12.0702736058494	NaN	-0.0760532118620253	-0.604855010404596	-0.84945394442119	-0.782696682642121	2	2	2	2	14
24.7631032798478	NaN	-0.805737377497538	-0.223160595157497	-1.21309187026142	-0.906955673098341	2	2	2	2	14
34.9078021880446	NaN	-1.04788409735345	0.417320759469761	-1.13994333468374	-0.414495281358667	2	2	2	2	14
48.5067075021423	NaN	-0.645489379641384	1.03187879339019	-0.662839535455109	0.380885574131862	2	2	2	2	14
59.8267272967854	NaN	0.140540590359977	1.34732682222662	0.00408141701485831	0.972365113609167	2	2	2	2	14
72.7926982597223	NaN	0.800556774129903	1.22344017013938	0.561485933713861	0.983048782945405	2	2	2	2	14
12.2415455735789	NaN	-0.54666669597355	-1.02350900035065	-0.596725343890086	-0.885122784811282	1	2	1	2	15
24.7897833779065	NaN	-0.387009684184399	-0.302806069359244	-0.0424412796504793	-1.30874697847449	1	2	1	2	15
36.3317718343546	NaN	0.232071717793062	0.40404757992989	0.52423726318657	-1.36442822457353	1	2	1	2	15
47.851713484467	NaN	0.966479120377791	0.673190803377779	0.908283028726797	-1.02982479760162	1	2	1	2	15
59.8125119611175	NaN	1.40801353112936	0.343233255553516	0.977523389758765	-0.439194072218339	1	2	1	2	15
70.4660144092058	NaN	1.31126089109054	-0.387967722240736	0.708128685216454	0.170477345369525	1	2	1	2	15
12.062838607731	NaN	-0.909493527909481	0.016943794229815	-0.550282482519434	-0.269084203134717	2	2	1	1	16
23.2305664815429	NaN	-1.25258779935356	-0.480450514236482	0.333434140419719	-0.53341418001473	2	2	1	1	16
37.6959347863145	NaN	-1.28427303545799	-0.56025860768534	0.891602475517749	-0.478885476542059	2	2	1	1	16
48.5315225533677	NaN	-0.994057020553703	-0.185178530995749	0.687970211570698	-0.1232146540121	2	2	1	1	16
59.9399416306902	NaN	-0.478041579760526	0.469478922367139	-0.118308073498282	0.418039627144252	2	2	1	1	16
70.68021573284	NaN	0.0929004780361206	1.09772971131574	-0.897062692128662	0.969022009329742	2	2	1	1	16
