age	diseaseAge	x1	x2	x3	x4	z1	z2	z3	z4	id
14.0337404370721	-36.0065180800105	-0.531149819221129	-0.412267933604936	-0.429700933803808	-0.399201880392162	2	2	1	1	1
24.1778116211407	-25.8624468959419	-0.887062234701366	0.503383463038863	-0.75646741178917	0.31246582563373	2	2	1	1	1
37.3270406565536	-12.713217860529	-0.91056051476578	1.20837982767516	-0.629394897063922	0.84714768926207	2	2	1	1	1
50.0402585170826	0	-0.593356024221587	1.07132161090452	-0.106873920065318	0.934030188058358	2	2	1	1	1
58.930660326436	8.89040180935342	-0.0473374756224964	0.214959085850849	0.570994211087356	0.529107798107369	2	2	1	1	1
72.1316102921413	22.0913517750587	0.534895989927318	-0.593743633110016	1.09272530305698	-0.162528441985091	2	2	1	1	1
13.2139000951506	-33.9533128984064	0.164610760020663	-1.42002659915927	-0.128967988531627	-1.00829616385257	1	1	2	2	2
22.5205120937293	-24.6467008998276	-0.371396260685204	-1.30354575009151	-0.537383690106907	-0.416648874693296	1	1	2	2	2
34.9157619129225	-12.2514510806344	-0.572345363974183	-0.966910587513137	-0.226975262046941	0.178988178473432	1	1	2	2	2
47.1672129935569	0	-0.353963925917084	-0.494016851190428	0.578673211357039	0.545966644286058	1	1	2	2	2
60.1050377926154	12.9378247990585	0.192164779406806	-0.00271845019146183	1.29926119731196	0.540949343496601	1	1	2	2	2
73.074926868197	25.9077138746401	0.837009130321077	0.384543921879152	1.4157563808838	0.165895970772721	1	1	2	2	2
10.7135857736683	-38.0643588696354	-0.874015348725758	-0.737477729849172	-0.617354271524975	-0.387480090097695	2	1	2	2	3
22.6388624650489	-26.1390821782548	0.049222822591393	0.0314041614415204	0.176149692912048	0.160532596882888	2	1	2	2	3
37.4720111961627	-11.3059334471409	0.509116253745298	0.837743806267673	1.02417399180185	0.584535313656776	2	1	2	2	3
48.7779446433037	0	0.110622013386899	1.06062423364386	1.19554409518082	0.754773033687014	2	1	2	2	3
61.5991542368594	12.8212095935557	-0.803958134264397	0.528417717280875	0.542503087413435	0.619148921254754	2	1	2	2	3
72.2784414396397	23.500496796336	-1.4490108318373	-0.349053330889575	-0.371890929832244	0.219167215864867	2	1	2	2	3
11.9369584453456	-36.529910749488	-1.06297434165187	-1.12172671579254	-0.263868780940435	-0.374377704254143	1	1	2	2	4
24.4676933803768	-23.9991758144567	-1.25278212855398	-0.55929330607259	0.340859206607339	0.253002794987571	1	1	2	2	4
35.7945719423035	-12.6722972525301	-1.03346038687379	0.107135313081208	0.757871953815775	0.653788301338971	1	1	2	2	4
48.4668691948336	0	-0.494766723774061	0.578084420634803	0.828305388162371	0.660464646022721	1	1	2	2	4
59.3264621888058	10.8595929939722	0.142838026250863	0.641922420116643	0.525327374905564	0.270241353054921	1	1	2	2	4
73.2544105806697	24.7875413858361	0.618413583229586	0.269962267578238	-0.0356403838772888	-0.353782040472531	1	1	2	2	4
12.8823864251594	-34.9329902250479	-0.965590652735397	-0.708908335176509	-1.17852405142357	-0.629027645329252	1	1	1	1	5
22.8817404479266	-24.9336362022806	-0.742351044740639	-0.934583983536804	-1.13294975750687	-1.13132753909334	1	1	1	1	5
36.8217306358935	-10.9936460143138	-0.271203235380595	-0.90071581837776	-0.813246604542774	-1.26085390755182	1	1	1	1	5
47.8153766502072	0	0.296154801312933	-0.616262475179791	-0.31299624625198	-0.961533950202585	1	1	1	1	5
61.261872799222	13.4464961490148	0.777047771075132	-0.156466111317775	0.221370932274851	-0.362945207545567	1	1	1	1	5
72.8560885525821	25.0407119023749	1.01663999858333	0.357050268250231	0.633438068091653	0.275779392126273	1	1	1	1	5
11.703482242956	-37.0736477200351	-0.0905066227456445	-1.32157615433576	-0.276442430688986	-0.241678016860132	2	1	2	1	6
24.7041014867021	-24.0730284762891	-0.575390804372242	-1.37791326604375	0.402485085472571	0.337422362941096	2	1	2	1	6
35.9458645391451	-12.8312654238461	-0.638641894651287	-0.967155238266403	1.01098791471692	0.822568399463441	2	1	2	1	6
48.7771299629912	0	-0.250766979837368	-0.288645696684919	1.25615747808593	1.0510471076868	2	1	2	1	6
61.6819250209903	12.9047950579991	0.407374426721244	0.328330127660837	1.01997909272369	0.946229081556342	2	1	2	1	6
72.5548604462422	23.777730483251	1.02890211710586	0.584349729389185	0.416139453107823	0.543269207707566	2	1	2	1	6
12.0434682270206	-36.5714224570797	-0.714041127556725	-0.37894451206255	-1.0991907989036	-0.524022567979293	2	2	1	1	7
24.5153584357578	-24.0995322483425	-1.0755822277278	-0.882204456948047	-0.951855030850013	-0.508288374688658	2	2	1	1	7
36.2326254184715	-12.3822652656289	-1.10365673459017	-1.01011808869136	-0.169526295351292	-0.0858657776211932	2	2	1	1	7
48.6148906841003	0	-0.788299915792504	-0.706996609326679	0.634922780774477	0.559702344749511	2	2	1	1	7
60.0258098411685	11.4109191570682	-0.241444148629747	-0.104807742648389	0.831290600608716	1.14791624583488	2	2	1	1	7
71.1438766313581	22.5289859472577	0.34281022592766	0.534278063388378	0.265743543956416	1.42319662350269	2	2	1	1	7
13.550297872582	-35.8680626532988	-0.745696427580107	-0.473439058420334	-1.18494401725625	-0.314403071185768	2	2	2	1	8
23.4785739515295	-25.9397865743514	-0.466931370341997	-0.34633037081886	-0.4161267535158	0.343393587607279	2	2	2	1	8
35.2067092243659	-14.211651301515	0.0952070479687616	0.452250176238614	0.329773518615735	1.02291663352004	2	2	2	1	8
49.4183605258809	0	0.716959582823521	1.26781267304869	0.534387010704348	1.37493196034516	2	2	2	1	8
58.4404169096162	9.02205638373537	1.15083758560627	1.43194937181246	0.0555158223502741	1.21852479444177	2	2	2	1	8
71.29419787493	21.8758373490491	1.22413588094043	0.810139323392422	-0.774044408921277	0.634079042017669	2	2	2	1	8
11.108843618767	NaN	0.160581687030684	-0.434915318696282	-0.438489257223947	-0.376841345118372	1	1	1	1	9
23.0334404910644	NaN	0.649792130291435	-0.785043417094109	-1.05196563669113	-0.878058612359219	1	1	1	1	9
36.731021065653	NaN	1.02929237039482	-0.68740652792049	-1.180605340126	-0.936031122399998	1	1	1	1	9
49.4870849118752	NaN	1.20441135867597	-0.186610244582215	-0.750856173348685	-0.522351141466418	1	1	1	1	9
60.3164274271135	NaN	1.13146348835584	0.48855572461185	-0.00843538631729951	0.160269549325801	1	1	1	1	9
71.6072805011029	NaN	0.82864651177101	1.0296405578579	0.62216383237376	0.777332636220569	1	1	1	1	9
12.2753842876682	NaN	-0.565016874734533	-0.922600623768276	-1.34815648220241	-1.14150565339927	1	1	1	2	10
22.8949473884538	NaN	0.16245443494228	-1.26472827275826	-1.31940257965359	-1.22686862787126	1	1	1	2	10
35.5584092126224	NaN	0.808818211286139	-0.9118718112981	-0.604559678467518	-1.06824257135364	1	1	1	2	10
47.8900967020744	NaN	1.01179812877739	-0.109267018141323	0.240784287691043	-0.704444030552496	1	1	1	2	10
59.7019574666431	NaN	0.657627263348963	0.585274551649068	0.559613761117392	-0.224496230028885	1	1	1	2	10
73.4357269033327	NaN	-0.0551874073041671	0.689045448025493	0.104129109139142	0.254155332141485	1	1	1	2	10
11.6486225000293	NaN	-0.0591853772140689	-0.474116569383844	-1.26957979527535	-0.77104354054015	2	1	1	2	11
25.3684760570396	NaN	-0.767177603468117	0.362575535607937	-1.28967066001381	-0.245142709314449	2	1	1	2	11
36.7494353112108	NaN	-0.732802907222627	0.816946175527265	-1.01724295385794	0.453153981150561	2	1	1	2	11
48.3643698535843	NaN	0.0158524786288471	0.565386529646617	-0.534366252289231	0.983336832534934	2	1	1	2	11
60.6693439883623	NaN	0.867091235399544	-0.212939272149816	0.0134915461923987	1.08687332528873	2	1	1	2	11
71.9386869716956	NaN	1.12539914530731	-0.963697228646926	0.461286813756061	0.713276065738044	2	1	1	2	11
10.9849838874901	NaN	-1.12161704032543	-0.564049810427729	0.0344297410704207	-1.36981732161333	1	1	1	2	12
25.5324466783184	NaN	-0.679663598300229	-0.694925993162519	-0.460557752053151	-0.741466027242376	1	1	1	2	12
35.6240041544216	NaN	-0.169887196283413	-0.437681219128914	-0.732237709742086	0.0878045291165672	1	1	1	2	12
48.9861120867522	NaN	0.275230312148105	0.107271781154262	-0.694506424135442	0.536096795006212	1	1	1	2	12
60.5335186849559	NaN	0.540010774095835	0.727216465753636	-0.359322096422326	0.288844950735491	1	1	1	2	12
70.5835649265089	NaN	0.555642439445401	1.18016409540284	0.167085083734096	-0.480454860707721	1	1	1	2	12
11.4495734253742	NaN	-0.507198442998834	-0.625305213317935	-0.248721655216153	-1.15359171086548	1	2	2	2	13
23.2887751647214	NaN	-0.780055500426809	-0.337853367205561	-0.676434175069975	-1.18119030305098	1	2	2	2	13
36.5087806541581	NaN	-0.324611046636781	0.176515825893852	-0.749982371397782	-0.945985650612439	1	2	2	2	13
45.5755308303536	NaN	0.525101796717057	0.747621062048637	-0.440632576995644	-0.511163628176352	1	2	2	2	13
60.7446544184853	NaN	1.14588467643663	1.186509668597	0.130759028301138	0.00646425772614209	1	2	2	2	13
71.7609572686532	NaN	1.08244158121556	1.34797342478005	0.740962276392431	0.467841358501103	1	2	2	2	13
13.9555817805222	NaN	-0.884412561169231	-0.628723928400636	-0.567946080848607	-0.590817344030238	2	2	2	2	14
23.1682291466851	NaN	-1.19674373286868	0.282738776372023	-1.15498704539911	-0.810290500599263	2	2	2	2	14
35.913640152486	NaN	-0.847591123356706	0.981329397933166	-1.38787962976674	-0.512425359686241	2	2	2	2	14
48.0056953316387	NaN	-0.0679844340766838	0.850214652152416	-1.15910422497193	0.148417945170755	2	2	2	2	14
56.9364681484397	NaN	0.626220815749103	0.00516468644046369	-0.574279660117674	0.829776175498124	2	2	2	2	14
71.7990505490037	NaN	0.775678119067929	-0.807668275687988	0.0965978830561991	1.17855481644859	2	2	2	2	14
13.4490243658016	NaN	-1.16602742947632	-0.514875926785173	-1.21073168585107	-1.29822832850079	1	2	1	2	15
25.4172939896743	NaN	-1.03560865246873	0.326760373386497	-1.20818353037617	-1.16375983222785	1	2	1	2	15
36.6196249977674	NaN	-0.415252217075362	0.768576144850849	-0.874974313416909	-0.788539177984563	1	2	1	2	15
48.7640847852482	NaN	0.335728772941826	0.490842731091128	-0.326543917504071	-0.276940923010837	1	2	1	2	15
59.781751360207	NaN	0.782362912445076	-0.305452630708056	0.247104688482225	0.22872442621208	1	2	1	2	15
71.0258286302852	NaN	0.6659577953353	-1.04405516952588	0.647231720890995	0.587796710548918	1	2	1	2	15
11.54011839467	NaN	0.00388309208206139	-1.04421653941849	-0.575350944233179	-0.145570311644979	2	1	1	1	16
23.1166567557897	NaN	-0.546027462336484	-1.24943800044318	-0.494861461706731	0.597162232597232	2	1	1	1	16
37.5280201063906	NaN	-0.767789820504948	-1.16638368975106	-0.157508591229485	1.25146118438807	2	1	1	1	16
48.2466596752831	NaN	-0.567877648750887	-0.8191638069676	0.341773362628422	1.43465683591105	2	1	1	1	16
61.1936760851597	NaN	-0.0306021558613646	-0.308574332675632	0.862481711963774	1.03960637996823	2	1	1	1	16
71.8324569403702	NaN	0.617445421323331	0.217163478270519	1.2580841775104	0.297356866435865	2	1	1	1	16
