age	diseaseAge	x1	x2	x3	x4	z1	z2	z3	z4	id
13.1805563233764	-35.046209179836	0.12735387213415	-0.85879416222472	-0.687754490579921	-0.602003483746771	1	1	2	2	1
23.2697894244583	-24.9569760787541	-0.368450592755917	-0.918410652809993	-0.607429903493136	-1.22517960813155	1	1	2	2	1
35.3536608192961	-12.8731046839164	-0.522140198855258	-0.423851535566373	-0.0939841054243279	-1.15689711579073	1	1	2	2	1
48.2267655032125	0	-0.271348448855772	0.336780687238219	0.602953172449611	-0.44770547004508	1	1	2	2	1
59.5754022008013	11.3486366975888	0.282154580539194	0.920384192070592	1.14454136316486	0.377381436743673	1	1	2	2	1
71.7854211301462	23.5586556269337	0.913760042518787	0.986984192879617	1.2674683216706	0.707552562075998	1	1	2	2	1
12.3518726307161	-32.9570917150149	-0.355636284617683	-0.0462440895089583	-0.661649814661415	-1.38593177142076	2	1	2	2	2
23.1866687522515	-22.1222955934795	0.503242395496203	0.613903441914143	0.00961973667347182	-1.15885561392007	2	1	2	2	2
37.4581482423577	-7.85081610337332	1.07895005284248	1.04885101401707	0.929186667008271	-0.681227759804935	2	1	2	2	2
45.308964345731	0	0.945668916846567	1.06267932516914	1.28648548423437	-0.109288271864976	2	1	2	2	2
60.9307728981981	15.6218085524671	0.201979361532028	0.649159502656926	0.766570008730825	0.36987187365607	2	1	2	2	2
73.1188147442812	27.8098503985503	-0.602054315010402	-0.00544114216218855	-0.172272788370217	0.599511375811282	2	1	2	2	2
10.6647951046811	-37.6480026444321	-1.31684811135508	-1.36188587571617	-0.651903123672122	-0.706889100700265	2	2	2	1	3
24.819194190264	-23.4936035588493	-1.35219594644684	-0.989824230228722	-0.268871914636512	-0.579180346929603	2	2	2	1	3
36.6211118267411	-11.6916859223722	-0.959169658463288	-0.459272047749258	0.472436097566053	-0.0885023404601157	2	2	2	1	3
48.3127977491133	0	-0.313355560965149	0.0688940953027273	1.13566136526564	0.558917563986153	2	2	2	1	3
58.9195032754245	10.6067055263112	0.296725908376552	0.434521128822428	1.33040654612572	1.09097486502953	2	2	2	1	3
70.5843511518589	22.2715534027457	0.598518028933772	0.526741870765331	0.942037887870339	1.28405087932161	2	2	2	1	3
11.5970115042787	-26.5276705104126	0.0114895841341205	-0.0824392791893397	-0.188934017281647	-0.44173256653209	1	2	2	1	4
23.9030564681825	-14.2216255465087	0.724912198600039	-0.745621863615213	-0.743106191383817	-1.10087322769812	1	2	2	1	4
38.1246820146913	0	1.13233403907339	-0.608838453272853	-0.825420325977451	-1.23489366232438	1	2	2	1	4
46.1621153544183	8.03743333972702	1.01492104585728	0.212317280615589	-0.391928677180137	-0.759819500896124	1	2	2	1	4
59.9267381503306	21.8020561356393	0.435737982335034	1.0238985671098	0.32592636603617	0.0266778358817846	1	2	2	1	4
72.287037447226	34.1623554325347	-0.294124855128797	1.14004986154794	0.944880012761428	0.631795752904139	1	2	2	1	4
9.87856460173747	-37.3805419990105	-0.933000233288429	-0.413770601747263	-0.673479409773611	-0.0766470108823208	1	1	1	1	5
24.006366782834	-23.252739817914	-0.253387970739988	-0.8876033281205	-0.25172113301156	-0.601887060761294	1	1	1	1	5
37.967105678783	-9.29200092196498	0.436121272091385	-1.18268022807763	0.481234511118399	-0.361577064700617	1	1	1	1	5
47.259106600748	0	0.761604855998138	-1.21787388625267	1.11460063158954	0.457260935982495	1	1	1	1	5
61.7418091991691	14.4827025984211	0.546552194677788	-0.983508280817317	1.29340554410732	1.21736358601257	1	1	1	1	5
72.2836342536008	25.0245276528528	-0.0924130994590348	-0.544019075228841	0.9174375718783	1.3271785090858	1	1	1	1	5
12.385099417355	-36.3908008468835	0.153845569422661	-0.922144909234961	-0.657101069688195	-0.178490898433728	1	1	1	2	6
22.7635122779231	-26.0123879863154	0.736254195953402	-0.365780766927232	-0.246865263519118	0.49742855557529	1	1	1	2	6
35.6315274351678	-13.1443728290707	1.12752092465966	0.156801575352903	0.254614147298357	0.929151270130374	1	1	1	2	6
48.7759002642385	0	1.18616248197171	0.478429576340502	0.719645475267033	0.912131008109294	1	1	1	2	6
59.7552796184179	10.9793793541794	0.890973897246689	0.496215392499822	1.02981780714406	0.454431812551421	1	1	1	2	6
73.0740128567372	24.2981125924987	0.348696286514105	0.204469393995973	1.10615197126662	-0.227092662498851	1	1	1	2	6
12.4066417695831	-36.2928117069036	-1.20975247749968	-1.43306353000128	-0.469266186464118	-0.797665569588497	2	2	1	1	7
23.8204905672087	-24.878962909278	-0.858753919028822	-1.28131258628699	0.138878152829363	-1.08996965738293	2	2	1	1	7
35.5366816948515	-13.1627717816352	-0.280484204208148	-0.906336835165345	0.529115604497115	-0.650833977862488	2	2	1	1	7
48.6994534764867	0	0.307780134398373	-0.406910837832888	0.546759384518759	0.197087154715426	2	2	1	1	7
60.1940436643166	11.4945901878299	0.685007228014593	0.085408675470909	0.184815649587234	0.830784897445927	2	2	1	1	7
72.8690764544939	24.1696229780073	0.709459418953335	0.440936935131978	-0.413244203296461	0.784650737601338	2	2	1	1	7
11.2677477321922	-36.7296634052699	-0.49620205995565	-1.11003703678815	-0.375866516308781	-0.17581070111191	2	2	1	2	8
21.8159271852722	-26.1814839521899	-0.573311567091686	-1.31744846334657	-0.924877855163969	-0.690849940528804	2	2	1	2	8
37.1522780815415	-10.8451330559206	-0.346787734550943	-1.21076545828383	-1.02600238066952	-1.04078586721612	2	2	1	2	8
47.9974111374621	0	0.113901221477883	-0.823643769860381	-0.627406912161679	-1.12257017046607	2	2	1	2	8
60.1790074828148	12.1815963453527	0.667475508779555	-0.278210348700378	0.0666013278768491	-0.912119200531378	2	2	1	2	8
72.0162677568249	24.0188566193628	1.14417012808028	0.253464568661364	0.700296027671414	-0.47140606530036	2	2	1	2	8
11.9480882570357	NaN	-1.17328531738708	-0.605982655630333	-0.886803629501951	-1.19675710078592	2	1	2	1	9
25.0599898782677	NaN	-1.06799784787177	-1.13142363762401	-0.301607853173408	-1.17036408330879	2	1	2	1	9
35.361014284429	NaN	-0.471819784484419	-1.44427921277465	0.44461109858254	-0.909421304668281	2	1	2	1	9
47.0976737795185	NaN	0.2767520123716	-1.44166713289417	0.93268192822775	-0.478069364266326	2	1	2	1	9
61.7768433157414	NaN	0.752694854705082	-1.12444637788224	0.888442096106154	0.0176640020282886	2	1	2	1	9
71.1459438492231	NaN	0.685778809958659	-0.596934681031056	0.336742308286852	0.455925890589226	2	1	2	1	9
12.9489778747923	NaN	-0.778376149637818	-0.651069464967986	-0.461911269947552	-0.393984538036022	2	1	1	2	10
22.0443619331474	NaN	-0.471162105646062	-0.160495101436571	-0.997064309387135	0.442329693066236	2	1	1	2	10
37.672013274058	NaN	0.0444651429259674	0.335033535135776	-1.19616408602413	0.710705069101893	2	1	1	2	10
49.1700773975719	NaN	0.603608600912532	0.706628868545889	-0.975653528882359	0.199419504605594	2	1	1	2	10
58.3145410499574	NaN	1.02745483992345	0.857638519260413	-0.428075264504717	-0.6881723872591	2	1	1	2	10
71.7269698278785	NaN	1.18045832504225	0.748784701037745	0.216766150446566	-1.25184687820661	2	1	1	2	10
10.7577523108605	NaN	0.472074697729196	-0.510761444995882	-0.620026199403259	-0.336662050846978	1	2	1	1	11
22.8374343256092	NaN	-0.309110138855335	-1.007479962923	-0.747933417742276	-0.92205854859049	1	2	1	1	11
38.262960075104	NaN	-0.465527275062807	-1.27778700289775	-0.372871441790327	-0.868300774600594	1	2	1	1	11
48.227368874854	NaN	0.124171131048925	-1.23517206152831	0.313202475077582	-0.212114957220286	1	2	1	1	11
60.1160712322085	NaN	1.00249921371471	-0.893273851406969	0.959154725249179	0.598205970716679	1	2	1	1	11
70.4012516525872	NaN	1.48805326018978	-0.361515294959699	1.23438602726003	1.00906707359941	1	2	1	1	11
12.9959525657222	NaN	-0.565044222875803	-0.670382735411896	-0.762711756698803	-1.09575448505167	2	1	2	2	12
23.3742551999942	NaN	-0.239659934744954	-0.0846987296950855	0.0258353110086287	-0.994070931264108	2	1	2	2	12
36.5159536162545	NaN	0.557427005127516	0.53020302408157	0.707729309940251	-0.532471074480167	2	1	2	2	12
48.3263333024573	NaN	1.26845671876244	0.926625229975944	0.829149804151988	0.101282446836854	2	1	2	2	12
60.7720611173234	NaN	1.39588768781551	0.944879437193479	0.309287897096797	0.649400919044465	2	1	2	2	12
69.8554662112828	NaN	0.850550364782669	0.577612409644702	-0.50587308000354	0.888928964189973	2	1	2	2	12
11.7516711711217	NaN	-1.03012985281526	-0.690690805097857	-1.32769935238672	-1.19881305355704	1	1	2	1	13
26.124985920961	NaN	-1.15236698705084	-0.0711533459423521	-1.12043179182478	-1.1632263762868	1	1	2	1	13
36.2623788265436	NaN	-0.870435537434836	0.483093550833574	-0.333068878736631	-0.640142188673692	1	1	2	1	13
47.1236794934973	NaN	-0.299288479290322	0.754340262056627	0.442254810964915	0.0907956124198888	1	1	2	1	13
60.2534948373099	NaN	0.328198239097594	0.63604037378948	0.622458773277017	0.638823360451957	1	1	2	1	13
73.7603485951502	NaN	0.756177086874739	0.174662389953223	0.0720210080803477	0.710962183803937	1	1	2	1	13
12.5792317952864	NaN	-0.201751537529723	0.0303820668207785	-1.34716582860126	0.435067595411584	1	2	1	1	14
24.3629430453795	NaN	0.304533661203388	0.684229148745946	-0.85297670194022	0.9197059230967	1	2	1	1	14
36.2001231481045	NaN	0.794581292030645	1.04027064721069	-0.065182745391475	1.28510083686172	1	2	1	1	14
46.9720207467843	NaN	1.13759729310964	0.929104763835398	0.523930227925112	1.44004097931686	1	2	1	1	14
59.659238197931	NaN	1.24203044934253	0.403623368369631	0.546230479148366	1.34584956494837	1	2	1	1	14
71.573664257424	NaN	1.08000747691878	-0.286153544914128	-0.0122172310250347	1.02603903587124	1	2	1	1	14
12.0349424189785	NaN	-0.399669345892601	-0.350566125364294	0.100277232384703	0.10485170622838	1	2	2	1	15
25.1018655576051	NaN	0.443796038848307	-1.0973353720157	-0.631897577365468	-0.524246679172344	1	2	2	1	15
36.0423414306511	NaN	0.68142843683631	-1.33941795479822	-0.547091756537359	-0.577474671739376	1	2	2	1	15
48.161866517339	NaN	0.119175319622645	-0.91399502945556	0.279466611901521	-0.0202593825318013	1	2	2	1	15
59.861613499138	NaN	-0.783822892768735	-0.107195685607722	1.11456840490709	0.785474167782115	1	2	2	1	15
70.4853750240977	NaN	-1.29017059358176	0.53834650434141	1.21742594591319	1.31638224205332	1	2	2	1	15
12.0310443200457	NaN	0.162627378584553	-0.632647963856405	-0.845282031057194	-0.860486304282039	1	1	1	1	16
24.1626619886529	NaN	-0.503071570888014	-0.276373405165991	-1.07782406237623	-1.19178502327845	1	1	1	1	16
36.9147571604619	NaN	-0.823476063846352	0.511801325576584	-0.537297397739544	-1.00898290034513	1	1	1	1	16
47.2778438800716	NaN	-0.634620060287378	1.20274315034158	0.350376340410963	-0.406639158270554	1	1	1	1	16
60.638815227949	NaN	-0.0331500546109068	1.33259531222316	0.885732234824139	0.303668004683092	1	1	1	1	16
73.7211086595128	NaN	0.673133478536703	0.814182884869034	0.646923101909951	0.754513461322532	1	1	1	1	16
