age	diseaseAge	x1	x2	x3	x4	z1	z2	z3	z4	id
11.6783543464523	-36.0692959020748	-0.854790953348452	-0.355555858336394	-0.616920700953538	-0.603698771782476	1	2	1	1	1
23.5337211295853	-24.2139291189418	-1.36667281090686	0.344412821961076	-0.939482644092721	-0.894164043925479	1	2	1	1	1
36.2444784173475	-11.5031718311796	-1.10291512289497	0.800181300278064	-0.601760441440907	-0.60490318705738	1	2	1	1	1
47.7476502485271	0	-0.270639999636776	0.78350036518646	0.173241669757843	0.0963916606541656	1	2	1	1	1
58.938953911599	11.1913036630719	0.476588368194241	0.302723842064011	0.873775414402418	0.803161403132307	1	2	1	1	1
72.760491626496	25.0128413779689	0.551990813682808	-0.401375009207264	1.03726536167564	1.1056730035894	1	2	1	1	1
11.3863796815144	-36.0826705740702	-1.05554932069551	-0.495940108737543	-0.711829239026369	-0.483209303636565	1	2	2	1	2
24.2960760448108	-23.1729742107738	-1.01644371550502	-1.02299462616837	-0.890217473101826	-0.982134391777175	1	2	2	1	2
36.1198360788495	-11.3492141767351	-0.697219865928621	-0.779385487926869	-0.551097123945725	-1.0438516008655	1	2	2	1	2
47.4690502555846	0	-0.193005364135914	0.0440797670045328	0.128770372269686	-0.638478200989951	1	2	2	1	2
58.8517437617809	11.3826935061964	0.345945629489461	0.802419674198077	0.795014198998242	0.037708886051485	1	2	2	1	2
72.2203807742582	24.7513305186737	0.759027601327426	0.901662380018663	1.10036467470507	0.65730801021276	1	2	2	1	2
11.8935531913551	-35.3289432405065	-0.146636669931809	-0.514132555411649	-0.875899993296479	-1.00942233356858	1	2	2	1	3
23.2990303810842	-23.9234660507774	0.556421580951131	-0.972899393589506	-0.669157673494106	-0.849269169226853	1	2	2	1	3
36.3303035712532	-10.8921928606083	0.963881164503439	-1.24366644720034	-0.157435578183377	-0.426518675274442	1	2	2	1	3
47.2224964318616	0	0.86305559037584	-1.25265263219506	0.462452096345061	0.126642557697573	1	2	2	1	3
61.3870732968166	14.164576864955	0.306573974103413	-0.997409310670581	0.952089429475726	0.637250811184433	1	2	2	1	3
72.7349767768888	25.5124803450272	-0.415090403805812	-0.547487518128571	1.12315627815228	0.945647929556174	1	2	2	1	3
12.3716765210078	-36.6503528313161	-0.628367115711731	0.0320531636883756	-0.440085345893895	-0.854515934277949	1	2	1	1	4
24.6439987738306	-24.3780305784933	-0.200456340139261	0.952121978094901	-0.536310145647405	-0.871929362570099	1	2	1	1	4
35.1482079721076	-13.8738213802163	0.359420204051026	1.38958728222268	-0.317746582469713	-0.503041660755895	1	2	1	1	4
49.0220293523239	0	0.872324244243704	0.969108000576124	0.146358571885949	0.103168656943733	1	2	1	1	4
60.1123950152014	11.0903656628775	1.17433006516831	0.0514513627107276	0.708964414416749	0.701878268980983	1	2	1	1	4
72.7852488784574	23.7632195261335	1.16891567375902	-0.576041952828035	1.19182239445694	1.05129307917852	1	2	1	1	4
10.5746008838459	-36.3622708058125	-1.0240880309224	-0.244700795269962	-1.26836918511422	0.0835813943180878	1	2	2	2	5
24.1291799299287	-22.8076917597296	-1.04683070466723	0.527768548625675	-0.490043602204679	-0.395703307304855	1	2	2	2	5
35.3084999129312	-11.6283717767271	-0.76431157054653	0.824252774139527	0.383104018169093	-0.687987451004901	1	2	2	2	5
46.9368716896584	0	-0.265398299384253	0.44370783123807	0.577479886293739	-0.710402027568538	1	2	2	2	5
59.6229428620955	12.6860711724371	0.292973683934693	-0.355821197214379	-0.0791296773308954	-0.456592009561658	1	2	2	2	5
72.9186698350848	25.9817981454265	0.735165947821094	-1.03217880961951	-1.00497988083448	0.00148185805559381	1	2	2	2	5
11.1739107150112	-37.550864664471	-0.8080578082099	-0.8352260913082	-0.319663765253079	-0.186613396211848	2	2	2	2	6
24.2131014041334	-24.5116739753488	-0.705401297544518	-0.511376441018129	0.275807726271705	0.52748995237701	2	2	2	2	6
36.0417091187929	-12.6830662606893	-0.271403771031659	0.294922657155697	0.781771800690592	1.20756257883591	2	2	2	2	6
48.7247753794822	0	0.331872224367595	1.00756317903469	1.01840488626908	1.46700465578687	2	2	2	2	6
60.7735529266304	12.0487775471482	0.879152491538692	1.11735700331352	0.901605741850555	1.15833154958701	2	2	2	2	6
72.184857607652	23.4600822281698	1.16607265377208	0.545855445979588	0.47288569281716	0.457014180444464	2	2	2	2	6
12.6203849292489	-36.3412913996875	-0.975289760183398	0.165618940614162	-0.256577861530056	-1.25881942782578	2	2	2	2	7
23.3837134057571	-25.5779629231793	-1.19006869172965	-0.438018028758619	-0.783381900496126	-1.34383336140993	2	2	2	2	7
35.3683543996253	-13.5933219293111	-0.740427580025367	-0.689898287007453	-1.14673226612207	-0.708412689751214	2	2	2	2	7
48.9616763289364	0	0.071132597938174	-0.471537235793172	-1.23667979231113	0.158907505928768	2	2	2	2	7
59.2224407352617	10.2607644063253	0.698625853934328	0.11434797814983	-1.02600651967053	0.591299152291501	2	2	2	2	7
72.8864845338578	23.9248082049214	0.719899235189697	0.792156659755101	-0.578461800993149	0.256323445412121	2	2	2	2	7
10.3942510791089	-39.2315860806085	-0.289628373434975	-0.847737048630366	-0.0326353189372885	0.136594789052426	1	1	1	1	8
23.3895004705534	-26.236336689164	-0.934926750065431	-0.954583864976311	-0.722854502855696	0.822747791463348	1	1	1	1	8
35.6141352379144	-14.0117019218029	-1.19243692383633	-0.564952562110351	-0.812318669720497	1.35399684708872	1	1	1	1	8
49.6258371597173	0	-0.927663636958925	0.123200633872397	-0.238413823444487	1.48017011143589	1	1	1	1	8
58.6841564832557	9.05831932353838	-0.278895606157211	0.760252351723183	0.597196699035914	1.14185101155632	1	1	1	1	8
72.5203433816116	22.8945062218943	0.415021435718626	1.02254185636873	1.10968753334794	0.498358255592186	1	1	1	1	8
14.2747361120553	NaN	-0.94175976114885	-1.0897707528281	-1.23866015880755	0.202307742948003	1	1	2	2	9
23.4999911981164	NaN	-0.841343119291384	-0.585312015240359	-0.906936130920569	-0.433686686136738	1	1	2	2	9
35.9086541065999	NaN	-0.343101623396827	-0.0391533805797399	-0.35886567622015	-0.59739591313409	1	1	2	2	9
47.5223345322679	NaN	0.328000494803419	0.382459615977263	0.215462135158155	-0.194723331391791	1	1	2	2	9
59.9015098618213	NaN	0.868949588958662	0.551191956357486	0.616851308098062	0.542883362287651	1	1	2	2	9
73.4507390711086	NaN	1.03549824416032	0.415683108202921	0.706086721637922	1.19146341631903	1	1	2	2	9
11.7955882121579	NaN	0.0637088004124504	-1.31575715932331	-0.155278246840408	-0.208543337490181	2	2	1	1	10
24.139195454901	NaN	0.58918661762113	-1.01634272610586	0.661962246443416	-1.01864538840119	2	2	1	1	10
35.1356084072425	NaN	1.06191414992935	-0.467263226265944	1.04954685944129	-1.0823774049094	2	2	1	1	10
48.8053761009433	NaN	1.35061111903566	0.129574690015402	0.735042691571466	-0.343741718352486	2	2	1	1	10
59.8101989351889	NaN	1.37510402993756	0.55470272276973	-0.0604855403933711	0.548264845119286	2	2	1	1	10
73.5919909521976	NaN	1.12859100218625	0.651793460362654	-0.777861707007554	0.809887263734742	2	2	1	1	10
11.3774760641173	NaN	-1.35506029597353	-0.503223090163595	-1.20127774297482	-1.23720521185632	2	2	1	2	11
23.6156394118458	NaN	-0.766664194433274	-1.13978141134011	-0.981349777696183	-0.458714808939305	2	2	1	2	11
36.5349863016542	NaN	0.0984543318634915	-1.13906550104926	-0.389796498090408	0.383830691944675	2	2	1	2	11
48.2169433865684	NaN	0.589455857154809	-0.501577569627516	0.291422717210487	0.586714360183667	2	2	1	2	11
59.0705199637497	NaN	0.336953827974102	0.325485251355286	0.737609902223731	-0.019517765028769	2	2	1	2	11
71.6223325936223	NaN	-0.469091339064772	0.761939239288581	0.736093323434898	-0.928524115260708	2	2	1	2	11
13.1105928513082	NaN	-0.457891600998563	-0.540903714757229	-1.14768986401195	-0.115590380242969	2	1	1	1	12
22.4914902865769	NaN	0.206386184241337	-0.0670141223025507	-1.33198475959206	-0.810816255541003	2	1	1	1	12
37.492190019168	NaN	0.621431120443809	0.477188125653327	-1.18100871871185	-0.937447296238244	2	1	1	1	12
49.3930381669694	NaN	0.594897165388888	0.930320726388161	-0.745402493465399	-0.409460195612959	2	1	1	1	12
60.3183775784308	NaN	0.1390810628604	1.1580079348186	-0.171278187036331	0.414471564287123	2	1	1	1	12
69.487547522143	NaN	-0.534776389690473	1.09272947491688	0.348790024543487	0.974632655297555	2	1	1	1	12
13.2184863864407	NaN	-0.44699545300783	-0.881632419470193	-0.361739360319561	-1.1642425849796	2	1	1	1	13
25.5368040493784	NaN	0.24076297770812	-0.900937781272453	0.514273366157513	-0.820062407540441	2	1	1	1	13
35.2515552457655	NaN	0.626308775470063	-0.59892587434134	1.05648133040117	-0.147476076727686	2	1	1	1	13
46.6777946850847	NaN	0.513269968157846	-0.0759847808235789	0.848790340520714	0.511662666879588	2	1	1	1	13
58.3667103182895	NaN	-0.0407788223629438	0.494061049816543	0.0505839177778362	0.822335053586123	2	1	1	1	13
74.0252465326245	NaN	-0.753641150749302	0.921729658886742	-0.725588734688297	0.626636421009144	2	1	1	1	13
9.78164294788469	NaN	-1.26201076979463	-0.702155398366829	-0.359173384353425	-1.32535790321379	1	1	1	2	14
23.2651943269715	NaN	-0.993940885402	0.0843637323606568	0.47649147029819	-1.40447218107795	1	1	1	2	14
36.4976943932523	NaN	-0.362327318297498	0.733023673869285	1.09006637968363	-0.950524880226231	1	1	1	2	14
47.7475627769868	NaN	0.318921726730565	0.8266441143707	1.04736646085843	-0.2149284331154	1	1	1	2	14
59.0106161880227	NaN	0.71122950612227	0.305013836771232	0.378607517913128	0.394917244608599	1	1	1	2	14
72.7061444564785	NaN	0.619621375305166	-0.496384931768498	-0.442975610309863	0.541257561229575	1	1	1	2	14
11.5216548412205	NaN	-0.657890049175299	-0.67511179568853	-1.23703500476509	-0.676211602148269	2	2	1	2	15
20.5217193315756	NaN	-0.834680162198456	-0.627808997187688	-1.03016366400268	-0.178690752933722	2	2	1	2	15
34.9677394679038	NaN	-0.20197566528515	-0.162263869374034	-0.581198444882284	0.696526600140287	2	2	1	2	15
47.6152642037803	NaN	0.706799890611348	0.508767875448618	-0.0280788887189731	1.27661707145378	2	2	1	2	15
60.2040949547356	NaN	1.12547163805958	1.07862243968305	0.459255208217406	1.11563608106419	2	2	1	2	15
72.075279031339	NaN	0.701063786153715	1.28687434257587	0.731075896108595	0.337337773692205	2	2	1	2	15
13.5322731514989	NaN	-0.456998037562535	0.412322570636633	-1.22260786953538	0.26746114374158	2	2	2	1	16
25.0146716045422	NaN	-0.948898100522533	-0.0811940009947942	-1.16053896591686	-0.17472039245412	2	2	2	1	16
35.632954728183	NaN	-0.673603169876276	-0.438881547563122	-0.700501732594779	-0.461021426969568	2	2	2	1	16
46.8164132707993	NaN	0.155670164606273	-0.566363190960874	-0.0440240996035958	-0.522235403722283	2	2	2	1	16
61.2171459623624	NaN	0.896647699217618	-0.43000253642027	0.521311605132346	-0.343565280423056	2	2	2	1	16
72.9055224537799	NaN	0.975440540852802	-0.0657787310927938	0.747849483138749	0.0317996337127265	2	2	2	1	16
