age	diseaseAge	x1	x2	x3	x4	z1	z2	z3	z4	id
10.6501483144211	-38.9111679774982	-1.42639115820915	-0.285872235221993	-0.190408211366556	-0.693091963175903	2	1	2	1	1
24.6883893309029	-24.8729269610164	-0.980912257106739	-0.6925540507602	0.462650572047527	0.127985488473622	2	1	2	1	1
36.1927909330106	-13.3685253589087	-0.283534223132456	-0.46072566737765	0.970334162028769	0.53421583202467	2	1	2	1	1
49.5613162919193	0	0.317002828988994	0.260528654742556	1.11607342902142	0.240465408916487	2	1	2	1	1
61.0428483735826	11.4815320816633	0.520386371115957	1.00738448889198	0.837698496319691	-0.547081939160429	2	1	2	1	1
71.917305111063	22.3559888191437	0.224909730025212	1.29955358100527	0.253959345319621	-1.27564560334255	2	1	2	1	1
11.5890294694492	-37.5659288033644	-0.617523785325069	-0.49305547388477	-1.21047392528772	-0.597442408409698	2	2	1	1	2
23.1123254761462	-26.0426327966674	-0.884558700362757	0.0181970328092703	-1.34415410886741	-0.333721200550957	2	2	1	1	2
36.246483508649	-12.9084747641646	-0.764606741201771	0.887633188170473	-0.961459599894832	0.215974329751808	2	2	1	1	2
49.1549582728136	0	-0.304448546322154	1.45684031234237	-0.263448441020893	0.836160174438048	2	2	1	1	2
58.7678943499064	9.61293607709283	0.316456588164034	1.29476526161975	0.3831619101968	1.28371969131531	2	2	1	1	2
71.8311194661671	22.6761611933535	0.855958898051448	0.524145361597065	0.638658684106363	1.38320681392343	2	2	1	1	2
12.2299582340896	-36.6528429694466	-0.279784582849189	-0.256861785294843	-0.268971304319617	0.326896650185794	2	1	2	2	3
23.6451744208317	-25.2376267827046	-0.637433646085996	0.412187866087447	0.493540678946439	1.13624075939798	2	1	2	2	3
35.3935354125036	-13.4892657910327	-0.321070091567934	1.09051330812902	1.24039296792023	1.43352535548653	2	1	2	2	3
48.8828012035363	0	0.455991966923597	1.42391926127987	1.457550662245	1.00093554716817	2	1	2	2	3
61.1021247937953	12.2193235902591	1.16980373063149	1.23831404703171	0.995550962633743	0.155421836785951	2	1	2	2	3
73.8348034734627	24.9520022699265	1.33906410906178	0.630613521214304	0.172373706680361	-0.483523614517106	2	1	2	2	3
11.5989927630642	-34.6421531217645	-0.449547326709762	-0.896555255585986	-0.0777363812275396	-0.999726724046339	1	2	2	2	4
25.8005949714448	-20.4405509133839	0.122302923933741	-1.38483969216914	0.557310169874426	-0.220837915655026	1	2	2	2	4
37.4951534429433	-8.74599244188536	0.582640999242141	-1.35451972128564	1.14199489798469	0.560119360124024	1	2	2	2	4
46.2411458848286	0	0.780450891303707	-0.82226796860946	1.42970222382429	0.75878868629759	1	2	2	2	4
58.3219919273954	12.0808460425668	0.650840161654435	-0.0807639446448604	1.29907938168295	0.226514433153493	1	2	2	2	4
71.0051724328949	24.7640265480662	0.236328202071872	0.462247268173571	0.805222094662382	-0.638425689282774	1	2	2	2	4
11.9339675313241	-36.3602873837615	0.0904479256804534	-0.594645733639002	0.222510417599942	-1.13056213748643	2	2	2	1	5
25.1722130633938	-23.1220418516918	-0.393123185632082	-0.32222266654731	0.720077876624615	-0.595223570056522	2	2	2	1	5
34.9145859946141	-13.3796689204715	-0.705055388036875	0.217688958915687	1.11624288228589	0.159934330018663	2	2	2	1	5
48.2942549150856	0	-0.759099360245057	0.823421339677736	1.31048313619187	0.70424155538185	2	2	2	1	5
61.1939295422693	12.8996746271837	-0.54031193227682	1.26872130259545	1.25351241547122	0.727277203691362	2	2	2	1	5
70.5836103618781	22.2893554467925	-0.109187875186005	1.38726039502112	0.959786383057424	0.215903939264228	2	2	2	1	5
13.5432458749475	-36.0755940694657	0.0919765108091852	-0.707772798149843	-1.11373327891187	-0.829111225153024	1	1	1	1	6
23.8342464692459	-25.7845934751672	0.743108579757485	0.165622320889709	-1.03272576781546	-0.165299324415343	1	1	1	1	6
36.116845107142	-13.5019948372712	1.14428911685635	0.680851627412253	-0.544995581151999	0.568310683812767	1	1	1	1	6
49.6188399444132	0	1.11473439403732	0.444383164002523	0.127591610830716	0.946752751606842	1	1	1	1	6
58.7246590450584	9.10581910064525	0.667762637084465	-0.363168542769379	0.679079744247917	0.750802729739079	1	1	1	1	6
72.8244740408733	23.2056340964601	0.00479244209315971	-1.12499579222177	0.85860002381065	0.0939706650325612	1	1	1	1	6
10.5886259182572	-37.6314691605017	0.00587645856208213	-0.545826470900839	-0.361457842142182	-0.775596800677186	2	1	2	1	7
22.5805288217947	-25.6395662569642	-0.680063026269734	0.0858366769233205	-0.727200820659176	-0.323701798329329	2	1	2	1	7
36.0066912568813	-12.2134038218776	-0.924091401773376	0.634104829332038	-0.64630549368495	0.431889227797685	2	1	2	1	7
48.2200950787589	0	-0.58311440993734	0.877256214516613	-0.155841308521508	1.04941504011442	2	1	2	1	7
61.4260318926231	13.2059368138642	0.14292460435042	0.716959467242697	0.519441592326274	1.16783513170702	2	1	2	1	7
73.3050719264609	25.084976847702	0.828288208619234	0.218039215139307	1.07010180051974	0.717914421151151	2	1	2	1	7
11.0531547763622	-36.093710337377	-0.233819359563666	-1.29292498230625	-0.662117339150881	0.161177678915607	2	1	2	2	8
23.6865224786651	-23.4603426350741	0.40984514277738	-1.17094829932491	-0.231732712223721	-0.520358956950809	2	1	2	2	8
37.6448697513725	-9.50199536236671	1.04366273380562	-0.618979896926526	0.396424594796463	-0.65761462027492	2	1	2	2	8
47.1468651137392	0	1.37519119487141	0.0871393733040841	0.966168153015765	-0.160880084518917	2	1	2	2	8
60.7113345875454	13.5644694738062	1.25146393105539	0.594533259801566	1.24513488087121	0.645182848260538	2	1	2	2	8
71.0097881960012	23.862923082262	0.729568464146128	0.64963659265357	1.11955154196038	1.23373775842742	2	1	2	2	8
12.4288852290002	NaN	-0.732421510948344	-0.567773685958959	-0.789377592003891	-0.177464458916484	1	1	2	2	9
24.6258976871471	NaN	-0.344126983971016	0.257975120815973	-0.193664602496181	-0.685699429214812	1	1	2	2	9
35.6999155365023	NaN	0.278022087541116	0.79240357926043	0.682737426728541	-0.811269226937283	1	1	2	2	9
47.7946958625664	NaN	0.875041797890634	0.671016315131651	1.16191203443293	-0.498511093536944	1	1	2	2	9
62.0316705833699	NaN	1.19840891776714	-0.0233971128037781	0.873207004467843	0.113935100740212	1	1	2	2	9
70.1008374887676	NaN	1.11351442255827	-0.817227041184656	0.0399420984596695	0.754583335741509	1	1	2	2	9
13.4643453741603	NaN	0.28882180940655	-0.960318868593343	-0.0129388155505554	-0.609754147277117	2	2	2	1	10
23.5405833906826	NaN	1.15079703495555	-0.6456221963994	-0.528777917620708	-0.992044569492351	2	2	2	1	10
35.3724361385665	NaN	1.464937887547	-0.145321575288622	-0.864652436079626	-1.04942526882505	2	2	2	1	10
48.0787617931564	NaN	0.978179972779176	0.39260322372217	-0.918764966488908	-0.761670265465944	2	2	2	1	10
58.4705655585574	NaN	0.0826438821154475	0.809043886105695	-0.674714993654568	-0.230209603935966	2	2	2	1	10
71.0099041203361	NaN	-0.500247823261269	0.980824882467674	-0.206469586891023	0.357623470709751	2	2	2	1	10
12.1699011153767	NaN	-0.906068109787699	-0.425495961472619	0.106457137187949	-0.481437889945444	1	1	1	2	11
24.5413269470325	NaN	-0.449980797610405	-0.437730914912212	0.98018864211048	0.412240044537151	1	1	1	2	11
34.6643475244297	NaN	0.0367013211374644	0.237222407257497	1.44573876114034	0.713325600986055	1	1	1	2	11
45.5718536801506	NaN	0.437028061564509	1.08757406756997	1.14392128647297	0.162219613816668	1	1	1	2	11
61.5408007465549	NaN	0.654800519896804	1.46853662849266	0.307597664692968	-0.765908479734559	1	1	1	2	11
70.3599381723743	NaN	0.637687763303403	1.09124151374394	-0.4179827574043	-1.27081677672397	1	1	1	2	11
12.0219733575819	NaN	-0.737698148129981	-0.881244010584128	-0.363076108855309	-0.47082715893373	1	1	1	1	12
23.0815320707314	NaN	-0.727663861639679	-1.35079862357655	-1.02962440515309	-0.932202721330913	1	1	1	1	12
35.2192420711189	NaN	-0.142369325387142	-1.09410868384136	-1.26039185607566	-0.867968170097518	1	1	1	1	12
50.0683638494248	NaN	0.649305440652928	-0.299382546693302	-0.924158593617654	-0.313385564744599	1	1	1	1	12
59.2913615516171	NaN	1.14840993306369	0.450676393443281	-0.21211485774735	0.427102634116676	1	1	1	1	12
72.4384300601161	NaN	1.04038513287883	0.60611530375438	0.47085432697298	0.946999635676576	1	1	1	1	12
11.2823119724442	NaN	-0.523383188756778	-0.979377683793108	-0.717306960020767	-0.987345499410783	1	1	2	2	13
24.6040774641426	NaN	-0.483134532683381	-0.45555082443953	-0.659523974090287	-1.0991135007499	1	1	2	2	13
34.4671429105462	NaN	-0.013489288269902	0.269680336717099	-0.362229111088925	-0.700404767060074	1	1	2	2	13
48.2175859190981	NaN	0.66586486191544	0.814694937124051	0.0981891458705419	0.000474502034151711	1	1	2	2	13
62.0577522708205	NaN	1.23714392948433	0.892703118525065	0.603428543289709	0.637348487935777	1	1	2	2	13
74.2561900042908	NaN	1.43311860476776	0.462656521353039	1.02367025151229	0.877481064161784	1	1	2	2	13
11.294530528303	NaN	-1.13262892183841	-0.171246197690857	-0.856543049643491	-1.38171014513848	2	1	2	1	14
24.3538475247279	NaN	-0.715073807362193	-0.828919986548544	-0.583005282351202	-0.964944600870652	2	1	2	1	14
34.6373187855747	NaN	-0.180461347613786	-1.09908206784287	0.0901197531153083	-0.188409460634508	2	1	2	1	14
48.9591738106292	NaN	0.315379547324854	-0.838283627941496	0.792581488000199	0.45997507002953	2	1	2	1	14
59.35140726507	NaN	0.62792110818192	-0.185001638230571	1.13799278296599	0.572809638434575	2	1	2	1	14
71.2041223387747	NaN	0.666063679692006	0.513888699772225	0.936361108129808	0.0791969175240393	2	1	2	1	14
11.0310858393268	NaN	-0.595719024604557	-0.395260258556767	-0.269030958659264	-0.797960291906597	1	2	1	2	15
25.0837522617343	NaN	-0.0467707245009937	-1.04504893354345	0.614354563515099	-0.279017587164719	1	2	1	2	15
36.3660582634728	NaN	0.852699234784948	-1.35739686203858	1.16728072521488	0.260499372226984	1	2	1	2	15
47.3137503267242	NaN	1.37472563423247	-1.17788435533369	0.958078842287492	0.656276907525271	1	2	1	2	15
61.4119219462436	NaN	1.09681847483132	-0.595259450075605	0.150072533293315	0.787778191005364	1	2	1	2	15
70.3220184903817	NaN	0.243895491823629	0.102437664267411	-0.625928801976793	0.614953583314991	1	2	1	2	15
13.1269385620155	NaN	-0.61447338957544	0.326749937817087	0.0293473363907417	-0.539671345194081	1	2	1	1	16
24.6386487466997	NaN	-1.03519398745605	1.14394624238424	-0.501267412711648	-0.169831365720465	1	2	1	1	16
36.1639759800255	NaN	-0.859521996387471	1.41318052666067	-0.855253899226502	0.673742034488461	1	2	1	1	16
47.0592331579188	NaN	-0.193792141621897	0.929952950304004	-0.922120127415136	1.35684815734225	1	2	1	1	16
59.9664522332136	NaN	0.559027518198684	0.0613042952100012	-0.680994727093846	1.36592602536526	1	2	1	1	16
72.8515159630485	NaN	0.943253232895691	-0.532973868027954	-0.207141663752089	0.694150873532985	1	2	1	1	16
