age	diseaseAge	x1	x2	x3	x4	z1	z2	z3	z4	id
10.8997610873229	-38.5548440514696	0.1476654116545	-0.445582327741085	-0.514332548503874	-0.469694941473041	2	2	1	1	1
23.0269932229699	-26.4276119158225	0.978770356219453	-0.767267799657116	-1.10445956907318	-0.949307577458191	2	2	1	1	1
35.6020850126028	-13.8525201261896	1.11041856353924	-0.384469184619697	-0.984155333321756	-0.797392085583709	2	2	1	1	1
49.4546051387924	0	0.42905008880878	0.432920946672842	-0.243064347710107	-0.112351439274715	2	2	1	1	1
59.4445890607445	9.98998392195209	-0.477585580473306	1.10860081273045	0.566590639888153	0.66208057446589	2	2	1	1	1
72.9077721947053	23.4531670559129	-0.827423130558359	1.16618160529798	0.841496526545353	1.02426707892876	2	2	1	1	1
11.6428102525842	-37.1180579323644	-0.49600249467102	0.0874680853826402	-1.00096050273467	-0.257750511060295	2	2	2	1	2
25.0757033871217	-23.6851647978269	0.268733776550786	0.632843017234729	-0.647867130364285	0.398772402988188	2	2	2	1	2
36.3449698387229	-12.4158983462257	0.785434189609026	1.09602938422968	-0.0212260642589924	0.98975441365903	2	2	2	1	2
48.7608681849486	0	0.751327152210438	1.3392579318866	0.603387129892981	1.2506151757536	2	2	2	1	2
60.0652581765549	11.3043899916063	0.186398408048267	1.29018323282047	0.951288675963504	1.06456834173924	2	2	2	1	2
72.4236895589623	23.6628213740137	-0.57832003461986	0.963401970323312	0.869483230129892	0.514906354833889	2	2	2	1	2
12.1647482893411	-36.4580178252917	-0.518853434513129	0.189733435934642	-0.125204155933036	-0.819899717923977	2	2	1	1	3
25.0119302257052	-23.6108358889276	0.146480616642482	-0.595168239159189	-0.52132758464721	-1.30281452395509	2	2	1	1	3
34.7252764211691	-13.8974896934637	1.00197602725544	-0.769492556694105	-0.408058307084572	-1.21672628257927	2	2	1	1	3
48.6227661146328	0	1.3959875430611	-0.199119838336587	0.155588001676548	-0.612649091198782	2	2	1	1	3
60.721523429011	12.0987573143782	1.02838996032937	0.677122983457408	0.875939764199353	0.151453498055661	2	2	1	1	3
70.695801185779	22.0730350711462	0.17918854535929	1.18508208400689	1.37767856693045	0.622790217868167	2	2	1	1	3
11.7359335349946	-38.2159361316849	-0.687564264606013	-0.587643753565705	-0.690004547102113	0.0711034994745819	2	2	2	2	4
24.1037888407043	-25.8480808259751	-0.490266842582979	-0.141697597670282	-0.479744785252008	-0.584239822675325	2	2	2	2	4
35.0733798512599	-14.8784898154195	-0.0947141403085198	0.554150591547754	-0.00272584431440276	-0.521073041951731	2	2	2	2	4
49.9518696666795	0	0.399972073626959	1.15356579220137	0.579362267464221	0.211653959514623	2	2	2	2	4
58.8249653156723	8.8730956489928	0.869828109579505	1.35820925762935	1.06921536881032	1.04612848104588	2	2	2	2	4
72.0971841566846	22.1453144900051	1.19711248582318	1.06622658887481	1.30079319339708	1.33569053772366	2	2	2	2	4
11.6369686195217	-35.6223501519128	-0.266548239824783	-0.468263623801325	0.270176852431356	-1.09151617387829	2	2	2	2	5
22.9096757617568	-24.3496430096776	-0.794150144053465	-0.690019609414041	-0.496023268285793	-0.89410152795068	2	2	2	2	5
35.4152424734206	-11.8440762980139	-0.5802226815216	-0.372101867994235	-0.55930822371966	-0.431397288372115	2	2	2	2	5
47.2593187714345	0	0.213322362186773	0.313492269192768	0.132174466917054	0.14332895181786	2	2	2	2	5
57.7205097056001	10.4611909341656	0.985887506750266	0.995848107670687	1.01185897948534	0.639703083294423	2	2	2	2	5
71.335144254902	24.0758254834676	1.15275398555595	1.30580291160926	1.35897646814952	0.893304593187839	2	2	2	2	5
11.7496536257821	-36.2684587727398	-1.34684245752038	-1.25145905920135	-0.505778199908831	-0.722840404573933	2	2	2	2	6
25.1401954347626	-22.8779169637594	-0.675459779743273	-0.665327357015383	-0.626968551582229	-0.683761909575639	2	2	2	2	6
34.838819451637	-13.1792929468849	0.207183061994513	0.0131659367183103	-0.273943423899204	-0.349996826899311	2	2	2	2	6
48.0181123985219	0	0.583858062144867	0.464232027207448	0.383168823096295	0.173603581257792	2	2	2	2	6
60.7665556645245	12.7484432660025	0.148482345140853	0.475273556775265	1.02769546505781	0.722551875880026	2	2	2	2	6
72.6689309923898	24.6508185938678	-0.745161514226496	0.0410864099710041	1.34902897860248	1.12439765828985	2	2	2	2	6
12.0430909441795	-36.4975808658188	-0.442073581310667	-0.685925718712192	-0.228180246380879	-1.12615067821263	1	2	1	2	7
23.5607444806739	-24.9799273293244	0.166864723493143	-1.24318080633333	-0.822047531972138	-0.52130060763062	1	2	1	2	7
36.9727569762628	-11.5679148337355	0.526270586482797	-1.41869809541164	-1.09665743171858	0.198596677354846	1	2	1	2	7
48.5406718099983	0	0.487937428586289	-1.13083177522638	-0.930521901787303	0.651417147825705	1	2	1	2	7
61.2632354887786	12.7225636787802	0.0676725216984341	-0.513489332693195	-0.397139678244017	0.596802094057983	1	2	1	2	7
71.9454395821886	23.4047677721903	-0.561221384927459	0.146158523948085	0.26751973084423	0.0637413800511258	1	2	1	2	7
11.1659481161087	-37.2877340860044	-0.431807032027612	-0.511710665478845	-0.951811827964931	-1.25211638636923	2	2	2	1	8
24.5346748259477	-23.9190073761654	0.0773366375240482	0.291055927057354	-0.716930531934231	-0.647455147418441	2	2	2	1	8
36.0467958089168	-12.4068863931963	0.63634277554624	0.775882523123089	0.0459051646621708	0.215190774695226	2	2	2	1	8
48.4536822021131	0	1.06763218539349	0.627449221903339	0.802791687274447	0.687704592105701	2	2	2	1	8
59.7254470643998	11.2717648622867	1.23419737875209	-0.0577064223545361	1.02398924822053	0.415080699718312	2	2	2	1	8
71.0496605880558	22.5959783859428	1.08312567503792	-0.833975172155343	0.554683161981969	-0.39785512528512	2	2	2	1	8
11.792283445532	NaN	-0.783866708058758	-0.709560218759455	-0.507629506770965	0.300077957802529	2	2	1	2	9
23.4666840484711	NaN	0.0881706825757149	-0.2162301741586	0.236916731892441	-0.244484833726114	2	2	1	2	9
34.7015875144024	NaN	0.816616587597843	0.420584353274946	0.584010961452895	-0.504565513246904	2	2	1	2	9
49.0015323616557	NaN	0.794133174823743	0.942283060504952	0.321796438292803	-0.379282017852865	2	2	1	2	9
60.6799613089292	NaN	0.0394658680112748	1.13701235755915	-0.389678325469711	0.0827697418069114	2	2	1	2	9
74.5934147983436	NaN	-0.818185548779261	0.925695758178367	-1.11614875906462	0.702365631243995	2	2	1	2	9
13.3592833129353	NaN	-1.23364101342553	-0.76872860084862	-0.307519951463673	-0.995263161112518	2	1	2	1	10
22.5827689289104	NaN	-1.35012195829165	0.155840839618369	0.233484076171169	-0.113960130132643	2	1	2	1	10
34.7692819547018	NaN	-0.880123093146393	0.55388582797695	0.886254680297214	0.549605323456252	2	1	2	1	10
47.9990033817438	NaN	-0.108076107253696	0.0765746834593887	1.37130370963667	0.460567596637095	2	1	2	1	10
59.5161874189992	NaN	0.49879525764247	-0.857795030440718	1.48095414008291	-0.309304629461783	2	1	2	1	10
71.8170222951973	NaN	0.573227460533389	-1.43037678307789	1.16825839786573	-1.13945739105072	2	1	2	1	10
11.9668516322509	NaN	-1.14236914754204	-0.342907317233193	-0.1984855240058	-0.306676042334149	2	2	2	2	11
24.2385751415685	NaN	-0.377833102673891	0.091086063496201	-0.772640633587882	-0.490872523713161	2	2	2	2	11
36.0947980649889	NaN	0.46679944549592	0.586853427793661	-1.11891302055469	-0.0628523468379723	2	2	2	2	11
48.9156694364988	NaN	0.696566131596209	1.02254091347819	-1.1081955193246	0.711550983272989	2	2	2	2	11
60.3009487794794	NaN	0.122415278656018	1.29106159499181	-0.744484134944554	1.35137333767547	2	2	2	2	11
70.6331388103239	NaN	-0.783242671998658	1.32641620640005	-0.163388138307917	1.45923574161719	2	2	2	2	11
11.1079007468621	NaN	0.254599746341094	-1.40207380873647	-0.49402828106404	-1.11942859276398	1	1	1	1	12
24.6713422360884	NaN	-0.388817054504248	-1.14625163151213	-0.0125788317043809	-0.775455768597623	1	1	1	1	12
35.2223525571006	NaN	-0.67936117619118	-0.57695000513932	0.677400106054009	-0.207107752716474	1	1	1	1	12
48.4096482378036	NaN	-0.472114154008555	0.0651494335912665	1.24444017948345	0.37734370906485	1	1	1	1	12
60.7942133238872	NaN	0.129552723386045	0.50858857401042	1.41613330656208	0.763725745745149	1	1	1	1	12
71.5208261474248	NaN	0.825538254036363	0.565896217742795	1.10999749415499	0.810448241616796	1	1	1	1	12
12.2694704450046	NaN	-0.330415549370638	-0.959850209321034	-0.721015951182662	-0.734130328980049	2	1	2	1	13
24.9623781333022	NaN	-0.855451502165927	-0.915369776297564	0.13360212312094	-1.19316958817617	2	1	2	1	13
37.230433481017	NaN	-1.21492017967725	-0.273233873548502	0.791103041911423	-1.22486841125613	2	1	2	1	13
46.6532364939565	NaN	-1.30016666464334	0.534603061407466	0.754233219212179	-0.814558640898516	2	1	2	1	13
59.827700676027	NaN	-1.08542390043236	0.964722186309959	0.0508764967450514	-0.152105000059508	2	1	2	1	13
71.376846271541	NaN	-0.635601178833912	0.72778932148161	-0.787033796619613	0.455951975120164	2	1	2	1	13
10.9411863033019	NaN	-0.868533259561634	-0.609535515702786	-0.60679114979647	-0.132025534354741	1	2	1	2	14
21.7843152345956	NaN	-0.815332812015465	-0.782739647178155	-0.0657693556967902	0.689385439429511	1	2	1	2	14
36.8992385715764	NaN	-0.203298377069447	-0.137276513641644	0.63558282239851	1.35229515852958	1	2	1	2	14
46.2473009624682	NaN	0.583029226566398	0.775053179497575	1.15202850985135	1.38990995499179	1	2	1	2	14
58.5199580832058	NaN	1.04960090097965	1.17430687303914	1.2293500673286	0.775743041393902	1	2	1	2	14
71.1794232362282	NaN	0.903269980849753	0.719166127111236	0.829486369935648	-0.0577345864799819	1	2	1	2	14
11.8538731664855	NaN	-0.535264078059829	-0.950205554349818	-1.3965673987012	-0.886761666930342	2	2	2	1	15
24.191926209006	NaN	0.304818269257214	-0.337588953426188	-0.945561585578061	-0.259159691525993	2	2	2	1	15
36.288147525506	NaN	1.0566379566933	0.579882144720713	-0.183781247675126	0.319053878190492	2	2	2	1	15
46.3776332349086	NaN	1.11710636578893	1.01971934207017	0.435987198961351	0.61019533992049	2	2	2	1	15
60.520741219745	NaN	0.437717438627095	0.606796376182915	0.545366257868815	0.49458645686553	2	2	2	1	15
72.5721561509218	NaN	-0.436542126085226	-0.306714972559426	0.0793432874640548	0.0197500627712542	2	2	2	1	15
12.8608113779739	NaN	-0.805692888215771	-1.24250317749524	-0.832109758903374	-1.30281109562588	1	2	2	2	16
22.8510183569585	NaN	-1.20634825810158	-1.11365440314488	-0.761142513355254	-0.953314025609696	1	2	2	2	16
37.2801772892891	NaN	-1.33872016893709	-0.419262614798058	0.0615082007744294	-0.146839787339202	1	2	2	2	16
46.9109636769894	NaN	-1.16183629236114	0.370829695154023	0.902859337126165	0.550062570648108	1	2	2	2	16
59.4364102511754	NaN	-0.73044649356131	0.722026717318535	1.0132657444968	0.647818367469725	1	2	2	2	16
72.5135070216801	NaN	-0.178076415376207	0.396699944297685	0.29435514480747	0.0777540472324276	1	2	2	2	16
