age	diseaseAge	x1	x2	x3	x4	z1	z2	z3	z4	id
11.2677225518738	-37.9517402154171	-0.247318056582722	-0.504589782753392	0.00029929390591403	-0.971805965933614	2	2	1	1	1
23.6548663584224	-25.5645964088685	0.387711456860616	-0.797010555362596	0.63083578585139	-1.15214985337315	2	2	1	1	1
35.9311871934827	-13.2882755738083	0.978840137116039	-0.596064250731042	0.98226522135345	-0.568519562329037	2	2	1	1	1
49.219462767291	0	1.27478260562963	-0.00113128216782152	0.897855052085257	0.318177376820089	2	2	1	1	1
59.8332330588067	10.6137702915157	1.14973543293745	0.693557090810122	0.415251017411819	0.807694073724568	2	2	1	1	1
70.6079026485466	21.3884398812556	0.656855447961219	1.14443437289374	-0.250312321910384	0.513446872067132	2	2	1	1	1
12.2806197574283	-37.1268642826717	-0.587791107215867	-0.0915485573721116	-0.770236411913682	-0.943024370828447	2	1	2	2	2
22.5005138446943	-26.9069701954057	-0.978507939937412	-0.664455780170929	-0.115994760573222	-0.13142640364953	2	1	2	2	2
35.5752882142432	-13.8321958258568	-1.13216044820006	-0.694724592996174	0.416577098755805	0.459831392785476	2	1	2	2	2
49.4074840401	0	-1.00569209366964	-0.164231506286868	0.599037803370871	0.438757765620065	2	1	2	2	2
60.6075494309174	11.2000653908175	-0.634541865377111	0.609390080369932	0.353122662279023	-0.180675921783438	2	1	2	2	2
71.3851534181066	21.9776693780066	-0.122713558723571	1.16293327376473	-0.215685488811931	-0.987798404452521	2	1	2	2	2
11.5265591802132	-36.6199346273624	-0.705241407677174	-0.521423111556495	0.0743542798442794	-0.317358656207851	1	2	1	1	3
22.6579198414302	-25.4885739661455	-0.24611749266798	-0.0392961975721445	-0.489152373636838	0.459453244263251	1	2	1	1	3
36.061508526811	-12.0849852807647	0.260953097688059	0.338810122777746	-0.767236566876421	1.11678675284321	1	2	1	1	3
48.1464938075757	0	0.684944732595557	0.521519143136898	-0.648586589174403	1.23823139382506	1	2	1	1	3
60.9978617057151	12.8513678981395	0.916299152371752	0.464675694433946	-0.180695726066643	0.746853890472966	1	2	1	1	3
70.5049944046722	22.3585005970966	0.895235018155733	0.182017095620876	0.449148382014222	-0.0460658098929009	1	2	1	1	3
10.5841394510778	-37.4407037448855	-0.663383661359932	-0.385541276895959	-0.833526645068566	-0.907987941400212	1	2	2	1	4
23.7175986437979	-24.3072445521654	-0.906239650076017	-0.566036332874135	-0.716902831519616	-0.555443107813641	1	2	2	1	4
36.352067564318	-11.6727756316452	-0.688717815495833	-0.0813938518685423	-0.255169279926883	0.13234272876054	1	2	2	1	4
48.0248431959633	0	-0.110980109782599	0.739211361365457	0.369473095047948	0.794010953655239	1	2	2	1	4
59.2957380696371	11.2708948736739	0.560943454241202	1.33841471037926	0.910539255303836	1.08192499106057	1	2	2	1	4
71.9052466808547	23.8804034848914	1.01765324316874	1.30923031764286	1.15452349186414	0.844816506900021	1	2	2	1	4
9.50054912225571	-39.3046897058114	0.307717564656621	-1.09585682674832	-0.0894517296541544	-0.868814040693862	2	2	1	1	5
24.9324950954522	-23.8727437326149	0.896025903852993	-0.677898863501378	-0.492639108790541	-1.15812658286839	2	2	1	1	5
34.6335942035025	-14.1716446245646	1.26130493393874	-0.183047300759973	-0.555185112769905	-1.00220111712777	2	2	1	1	5
48.8052388280671	0	1.26414745382688	0.266968837179977	-0.253832468050553	-0.47085317635864	2	2	1	1	5
59.9851653398203	11.1799265117532	0.903468627791848	0.561449636418289	0.299363051299788	0.19800652064256	2	2	1	1	5
70.2048753752679	21.3996365472008	0.316920008448299	0.627955474522376	0.898699742582173	0.704896449477376	2	2	1	1	5
10.9444606920359	-36.9157727628358	-0.965343278013857	-0.419132949998828	-0.860208159474877	-1.22485502294	2	2	2	2	6
24.2598959569244	-23.6003374979472	-0.29767520705041	-1.10443056452536	-0.291226256983673	-1.15397517148126	2	2	2	2	6
36.3374412935423	-11.5227921613294	0.337377537115786	-1.25031867037446	0.528445936105022	-0.815448837414699	2	2	2	2	6
47.8602334548717	0	0.631811032294293	-0.761622953621914	1.04717699896665	-0.30785332169298	2	2	2	2	6
59.5798663657668	11.7196329108951	0.442823484189602	0.0428418387114709	0.915865967038864	0.221001911898798	2	2	2	2	6
71.1972052087878	23.3369717539162	-0.137925152027438	0.638259894939775	0.222883888800588	0.617116668173718	2	2	2	2	6
12.6123691658548	-36.2962595765669	0.0642315651695628	-0.618661850798305	-0.286167703597054	-1.09939785336832	2	2	1	1	7
24.856263815367	-24.0523649270546	0.91903838228335	-0.104352755636919	0.25815872628883	-0.743575200826331	2	2	1	1	7
37.8883096631196	-11.020319079302	1.34600667735323	0.539398892350617	0.787990893452137	0.0137553049263944	2	2	1	1	7
48.9086287424217	0	1.02506226948439	1.0457847969682	1.13713720115736	0.699217152975845	2	2	1	1	7
60.0395466043934	11.1309178619718	0.196799178531577	1.20492905210963	1.19608149321773	0.884356008616709	2	2	1	1	7
70.8743749140337	21.965746171612	-0.517880215953261	0.950872979926988	0.946334809122574	0.453449099753893	2	2	1	1	7
11.7622286199659	-36.0323002314535	-1.35019182674781	-1.29110753791884	-0.574325654101812	-1.13310874200525	1	2	2	2	8
25.201856603312	-22.5926722481075	-0.814132727395999	-1.13550896021946	-0.304753263544699	-1.39548567065263	1	2	2	2	8
33.8487783745569	-13.9457504768626	-0.10341682841355	-0.643882745246791	0.237665400761059	-1.06334253009668	1	2	2	2	8
47.7945288514194	0	0.422923097274255	-0.0124823757795482	0.847534680495856	-0.334382635669619	1	2	2	2	8
59.3672927794812	11.5727639280618	0.498995596709164	0.506641875511982	1.29391764364914	0.357491365621567	1	2	2	2	8
71.8660438471684	24.071514995749	0.0863710801569686	0.706259516827186	1.40778411369321	0.600451658761725	1	2	2	2	8
12.5218951628676	NaN	-0.602297462779902	-0.124789699585365	-0.767684349051783	-0.566355489799136	2	1	2	1	9
24.7696100461415	NaN	-0.958812514029139	-0.538603682534882	-1.05372326228976	-0.295714824101094	2	1	2	1	9
34.7862000327087	NaN	-1.03310242756741	-0.0837332749764815	-1.10316198688022	0.317211946101503	2	1	2	1	9
50.3750264618304	NaN	-0.802250238165128	0.844560239362533	-0.903537489427439	0.984167471170041	2	1	2	1	9
60.5462461164419	NaN	-0.337469268677798	1.43963285802249	-0.505173211706363	1.39148486408058	2	1	2	1	9
71.6578345591262	NaN	0.217864767963717	1.18439407950203	-0.00849300845881228	1.34760415739477	2	1	2	1	9
11.2569854060394	NaN	-0.650337163638066	-0.762021909698179	-0.473826046501205	-0.632325983732856	1	1	1	1	10
24.6076959664119	NaN	-0.953998852551012	-0.202349698950324	-0.911064359849404	-0.372599088449757	1	1	1	1	10
36.7047634046752	NaN	-0.882882241178463	0.390674505008146	-0.476022922969813	0.32989973007247	1	1	1	1	10
48.3030672723648	NaN	-0.464177119596329	0.798257939224165	0.451820092589319	1.05412089294118	1	1	1	1	10
59.5214581766352	NaN	0.142034301586564	0.870025112932324	1.06312529710533	1.36599532044966	1	1	1	1	10
72.5177719546823	NaN	0.703981118702778	0.579497953028477	0.824663067828815	1.07859800588249	1	1	1	1	10
12.3716238578498	NaN	-1.18657227743523	-0.061394156719395	-0.489695702006128	-0.792288470926278	1	1	2	1	11
23.5184719219482	NaN	-0.68403423271944	0.870156912745076	-0.0954142994511734	-1.32261069297268	1	1	2	1	11
37.6496371910426	NaN	0.184955765518939	1.45345126935049	0.643949140437802	-1.36903165676943	1	1	2	1	11
45.7153455710069	NaN	0.762210222609917	1.17941246324316	1.29891684652019	-0.906750325454401	1	1	2	1	11
59.9754613337395	NaN	0.610507000588713	0.287210822329468	1.48903442329655	-0.182746843360897	1	1	2	1	11
70.5696011474274	NaN	-0.155251354096594	-0.444475034668336	1.10386731487267	0.416169994969032	1	1	2	1	11
9.80719033297947	NaN	-0.492655044436273	-1.04394922465441	-0.343976963217129	-1.05693127877453	1	2	1	2	12
26.5704272140971	NaN	0.0306653691960918	-1.15749664073519	0.418396267313981	-1.18760993736884	1	2	1	2	12
35.8482178397045	NaN	0.478522501679691	-0.954358470720067	0.917715427828391	-0.750558091123136	1	2	1	2	12
48.7548140281282	NaN	0.728239092197272	-0.499087426154667	0.862147645808349	2.35860242004393e-05	1	2	1	2	12
61.5238715760669	NaN	0.711412641194042	0.0636416619693124	0.284170155713758	0.627577349687438	1	2	1	2	12
72.1606325351154	NaN	0.432652258961278	0.555006229181147	-0.478411397242137	0.767101676532265	1	2	1	2	12
11.8537879991877	NaN	-1.31498772990176	-0.130183102727277	-0.686628431346204	-0.609525025448625	1	2	1	1	13
22.0021024304374	NaN	-0.902154019979837	0.40677745046708	-0.706501092188357	-0.45728754929891	1	2	1	1	13
36.7177265027287	NaN	-0.36373976448571	0.874130533523358	-0.392692453198474	-0.0602933208315032	1	2	1	1	13
47.4620639169746	NaN	0.140122759565993	1.13701784021417	0.146310028917938	0.466826144219986	1	2	1	1	13
60.2803255610482	NaN	0.459577465611058	1.11958122774699	0.724166651624366	0.971865854148725	1	2	1	1	13
71.2897477733657	NaN	0.499613850194136	0.82685216399681	1.14110536422251	1.3089963149636	1	2	1	1	13
12.820038257738	NaN	-0.805318300862352	-0.284382511400242	-1.01407890770135	-0.782389660665905	2	1	1	2	14
24.1235666274049	NaN	-0.057127264124855	0.247236582966213	-1.09639810012115	0.124554398346666	2	1	1	2	14
36.0122503494047	NaN	0.683460237027428	0.704013428004178	-0.926513258755579	0.592272837760358	2	1	1	2	14
48.0497942154761	NaN	0.924237317335472	0.956854134859629	-0.547444212653022	0.233179417638184	2	1	1	2	14
58.9685294887856	NaN	0.505179487382709	0.934301075014074	-0.0551823724054039	-0.65515438148183	2	1	1	2	14
71.6693045915379	NaN	-0.29520038446145	0.642728175326215	0.42561711298004	-1.33658919027854	2	1	1	2	14
13.3868079611979	NaN	-0.195022565842693	-1.21151728763092	-0.932674432751806	-0.437082750643792	1	1	2	1	15
23.4816195627876	NaN	-0.77286032779555	-0.65185350373967	-0.852992320474528	-0.742306661438424	1	1	2	1	15
35.6312289536217	NaN	-0.905737757457554	0.248236699662005	-0.499844755560874	-0.477583539153356	1	1	2	1	15
47.296786417339	NaN	-0.524093659183775	0.758691428952286	0.020841346632947	0.20614514267204	1	1	2	1	15
61.6284625456045	NaN	0.172281680185624	0.465481573642601	0.552885742622242	0.919026718939908	1	1	2	1	15
72.0655860023495	NaN	0.818836497816303	-0.393570766451971	0.936701258944597	1.25458594618788	1	1	2	1	15
11.9876700740052	NaN	-0.549821850257572	-0.945925354767133	-1.31988190870524	-1.23961484746078	1	1	2	2	16
23.3898434305564	NaN	0.0186717670391794	-0.16261055833834	-0.826942200217884	-0.827704407193951	1	1	2	2	16
36.1744998926298	NaN	0.76601345749109	0.643329660131295	-0.166200266927966	-0.134714092059539	1	1	2	2	16
47.8940953151401	NaN	1.27334815076514	0.837888895538718	0.372971923295427	0.488967435463654	1	1	2	2	16
60.0108539121161	NaN	1.25633508098598	0.268013858578568	0.554443878584796	0.727995312007368	1	1	2	2	16
71.6067070743697	NaN	0.724509392024161	-0.617993684363629	0.298739945633762	0.461512642275661	1	1	2	2	16
