age	diseaseAge	x1	x2	x3	x4	z1	z2	z3	z4	id
11.6392691029507	-37.0196259967783	-0.662910513072403	-0.499456831218845	0.0986763645160962	-0.301021332633655	2	2	2	2	1
23.9311828013443	-24.7277122983846	-0.406773167555586	0.175617083379995	0.712007502756948	-0.839240829112364	2	2	2	2	1
35.1455042961336	-13.5133908035953	0.0482767677143237	0.611635270761012	1.19075365815202	-1.01184710090759	2	2	2	2	1
48.658895099729	0	0.575668840287223	0.603174577298688	1.35432167525888	-0.742291879929343	2	2	2	2	1
59.1662679287571	10.5073728290281	1.02871090042232	0.154221126469498	1.14101024534449	-0.150118825315218	2	2	2	2	1
74.0882737791087	25.4293786793798	1.28139097869431	-0.523707680917312	0.631284942463183	0.502052279372988	2	2	2	2	1
8.642883708951	-40.6599803527845	-1.18792608319899	-0.426257295215048	-1.38649883088561	-1.06330274125124	2	1	1	2	2
23.416709471265	-25.8861545904705	-1.0138610902839	-0.523804213060076	-1.19855851214592	-0.717672334843382	2	1	1	2	2
37.5465563458056	-11.7563077159299	-0.362161126730285	-0.0327726093916905	-0.76484468728933	0.0474016060188258	2	1	1	2	2
49.3028640617355	0	0.384041439740467	0.746389625634584	-0.21700885871044	0.741078713427973	2	1	1	2	2
59.6559580314324	10.3530939696969	0.786056457094621	1.33693588782135	0.278656349827029	0.918323928124379	2	1	1	2	2
71.8839137487358	22.5810496870003	0.607540555572603	1.37752817532163	0.57169442610499	0.465423918958159	2	1	1	2	2
11.7363574123305	-36.0672024419861	-0.00305876288648763	-1.45318729279049	0.260360837131644	-0.854302772333523	2	1	2	2	3
23.4463677025685	-24.3571921517482	-0.515950439199449	-1.18637430100151	-0.377428208317309	-1.41326410460439	2	1	2	2	3
38.6775974005748	-9.12596245374181	-0.786840673634432	-0.679573418217399	-0.623389270523724	-1.16940765067677	2	1	2	2	3
47.8035598543166	0	-0.723609262700581	-0.102638373754603	-0.349675308098682	-0.322348022179006	2	1	2	2	3
58.5508830760364	10.7473232217198	-0.347758976530566	0.351071719953953	0.301441077071294	0.434533588612524	2	1	2	2	3
72.4792192669399	24.6756594126233	0.212896773970292	0.52949645010559	0.991518902917388	0.481673391798593	2	1	2	2	3
11.6920825718095	-36.8635832636146	-1.09234103185988	-0.25618122585204	-0.522609276077966	-0.380637583978928	2	2	1	1	4
23.3603858468562	-25.1952799885679	-1.00918122293689	-0.713620894495809	0.18638511549751	-0.99821118404115	2	2	1	1	4
35.8717147295251	-12.6839511058989	-0.43845686677499	-0.950901383498768	0.796529682644467	-1.24929411774605	2	2	1	1	4
48.5556658354241	0	0.303922583769676	-0.898091743767456	0.991350658906983	-1.0110084157575	2	2	1	1	4
60.4490540245611	11.8933881891371	0.807032514211797	-0.570755952952175	0.669797028735219	-0.399969185084729	2	2	1	1	4
71.6738347042902	23.1181688688661	0.792389658266211	-0.0653659233460772	-0.00134567221674711	0.284785886836173	2	2	1	1	4
8.95223637391639	-39.4662566972587	-0.133310994496493	-0.385524844073674	-0.299799251784423	-1.25498025751057	1	2	1	2	5
24.6316922053482	-23.7868008658268	-0.706723198251835	0.116767205057862	0.235787211180348	-0.448658423731678	1	2	1	2	5
35.1796424858704	-13.2388505853046	-0.919892968355784	0.601138360881263	0.881696382319576	0.35638328188234	1	2	1	2	5
48.418493071175	0	-0.675184588303945	0.940859342258408	1.36738363740364	0.503789957721617	1	2	1	2	5
62.1253317837618	13.7068387125867	-0.0846790441073291	1.04704666543957	1.48941468289546	-0.126619864506018	1	2	1	2	5
72.1913714659045	23.7728783947294	0.581161150345065	0.891917827336083	1.19667576345277	-1.02086961196385	1	2	1	2	5
11.3218468917572	-36.8459728368756	-0.476649955790125	0.078050672646989	0.355490373603781	-0.474679242961294	1	2	1	1	6
23.0283073704126	-25.1395123582202	-0.501783101317759	0.749849325623858	-0.225200017697865	0.168169638951431	1	2	1	1	6
36.7554448687279	-11.4123748599049	0.132959926406318	1.28259269320866	-0.508491475809198	0.912260615202995	1	2	1	1	6
48.1678197286328	0	0.971241139392296	1.43563293444972	-0.375579011888896	1.32590997305222	1	2	1	1	6
59.9569751394145	11.7891554107817	1.41039214209229	1.13983957138286	0.117797381413076	1.16913940840932	1	2	1	1	6
70.2017138292267	22.033894100594	1.13469259376561	0.528826720149166	0.764728617279925	0.532899223795776	1	2	1	1	6
12.5712508936348	-34.8418851160332	-0.806871941591576	0.020250789167684	-0.416953147733225	-0.596238156001974	2	1	2	2	7
23.1910052127207	-24.2221307969473	-0.31765798768166	-0.411500143935206	-0.0394287103535614	-0.498217105104773	2	1	2	2	7
35.6937350315294	-11.7194009781385	0.227610475061553	-0.654747856682839	0.510289429099746	0.146096239046217	2	1	2	2	7
47.413136009668	0	0.665521330040092	-0.646493359674084	1.0534587417683	0.928042933198651	2	1	2	2	7
59.8528150798986	12.4396790702306	0.864836582426133	-0.388874494057342	1.41346606978685	1.35166939729271	2	1	2	2	7
72.132640556189	24.719504546521	0.765823220890171	0.0513877502711387	1.47325393296821	1.14828843941787	2	1	2	2	7
13.0833439195555	-34.4829584934609	-0.19196582336449	-0.763137900387707	0.118063611087619	-0.956763485291868	1	2	2	2	8
24.0783452355775	-23.487957177439	-0.83378367367517	-0.132940253692038	0.832460076335655	-0.700535415697079	1	2	2	2	8
36.9967555848394	-10.5695468281771	-1.14614787882717	0.610670156996622	1.1187022730205	-0.137276280711538	1	2	2	2	8
47.5663024130165	0	-0.978052960828384	1.04145503004213	0.805040809239612	0.499458443582389	1	2	2	2	8
59.1282794573257	11.5619770443092	-0.410760642442784	0.912488004519266	0.0796770273930475	0.945646618112857	1	2	2	2	8
71.7984045705447	24.2321021575282	0.281484312409308	0.297693120672469	-0.622160479799029	1.01627625629671	1	2	2	2	8
11.9948840974094	NaN	-1.42743486123887	-0.134582841442389	-0.419166507110709	-0.137787402589484	2	2	2	2	9
23.0255319022316	NaN	-1.24271919308697	-0.78981167278893	0.14806789697943	-0.743002901353737	2	2	2	2	9
35.8296338006385	NaN	-0.476569579112536	-0.721972289477194	0.899753166698885	-1.04651194907531	2	2	2	2	9
46.6112213070142	NaN	0.306962005053589	0.0161155060961462	1.40990516990088	-0.915021025612367	2	2	2	2	9
60.1738477841897	NaN	0.53102669078715	0.849775919276077	1.38941799071714	-0.406277628730301	2	2	2	2	9
73.1639577887363	NaN	0.0306643627896536	1.12992023285321	0.849901825058477	0.256290970692532	2	2	2	2	9
10.6332326801092	NaN	-1.04222638040922	-0.885371160396209	-0.202471974253202	0.0153902963823355	1	2	2	1	10
23.8712155500575	NaN	-1.36657278055212	-0.581615498247266	0.672047295641643	-0.697957989527259	1	2	2	1	10
35.2270321611731	NaN	-0.893931425603208	0.0229970904963075	1.11202334116918	-0.651202539424303	1	2	2	1	10
48.5484045671656	NaN	-0.00261947820753478	0.663515718957028	0.774774255967629	0.116686037335707	1	2	2	1	10
59.3339691165167	NaN	0.593928650025229	1.05925490054111	-0.0770284790712178	0.96567356960125	1	2	2	1	10
70.4278122028203	NaN	0.41821687693648	1.03679540930959	-0.779945597072479	1.18813000793954	1	2	2	1	10
13.718667117489	NaN	-0.599929463094206	-1.07498968658085	0.101365850276943	-0.440821499923209	1	2	1	2	11
24.043761008454	NaN	-0.852815482317527	-0.521185785283425	0.949736331648556	0.284276767582371	1	2	1	2	11
36.9993145514997	NaN	-0.740958903545316	0.105796533746208	1.08631135716303	0.861829845932715	1	2	1	2	11
46.4872347034343	NaN	-0.305465962758752	0.55470310695527	0.390317062690719	0.98567601288507	1	2	1	2	11
60.4816995997067	NaN	0.293623798438036	0.645641069518564	-0.522775897166925	0.590164236199076	1	2	1	2	11
71.2044466292482	NaN	0.836150552451769	0.34216833842106	-0.845515613423154	-0.115044119210814	1	2	1	2	11
12.3343765729795	NaN	-0.853020145585948	-0.0980972769718357	-0.486119273915337	-0.779409179275862	2	2	1	1	12
24.3609566039743	NaN	-0.0474681840766611	0.764952390971431	0.228354246319863	-0.975846858678443	2	2	1	1	12
35.5696570714741	NaN	0.625288770829957	1.27996598743781	0.973034965973709	-0.670763437565632	2	2	1	1	12
50.2244814490224	NaN	0.704421157503992	1.0627538746451	1.27581390191211	-0.0176804813601159	2	2	1	1	12
60.3786757677835	NaN	0.135724344100672	0.275351858071668	0.944736768509478	0.654762985825181	2	2	1	1	12
71.3353917928453	NaN	-0.691251919935412	-0.494854219244714	0.189698202036679	1.00818550306396	2	2	1	1	12
13.5708756779791	NaN	-1.35412468015373	-0.51242946147356	-0.468070213500678	-1.05388775046316	1	2	2	1	13
25.7937496936561	NaN	-1.36925072380713	-1.26062963423374	-0.66126572052878	-1.05549168542884	1	2	2	1	13
35.6403067867067	NaN	-1.13755355999435	-1.19591088843814	-0.262498041970103	-0.627986693045103	1	2	2	1	13
47.5333926111888	NaN	-0.717690006615348	-0.375971612962342	0.489687129263962	0.0339163993799586	1	2	2	1	13
60.818508160715	NaN	-0.215953380291341	0.468191715219548	1.14532721466594	0.628748132962969	1	2	2	1	13
71.0339785512205	NaN	0.240635886617894	0.583986267164667	1.31221360034315	0.885587276330118	1	2	2	1	13
12.0959289185909	NaN	-0.726375276669515	0.163659509464974	-0.872629199827779	-0.491183170031811	1	1	1	1	14
23.7706983934191	NaN	-0.529971854843358	0.79568623527107	-0.452956277356022	-1.21029187241186	1	1	1	1	14
36.0796357798969	NaN	0.0470640830032179	1.17944916082401	0.193354586953467	-1.31371747176887	1	1	1	1	14
47.1143147505256	NaN	0.730742757496412	1.14920477168309	0.784160200305183	-0.726199427500989	1	1	1	1	14
60.7278236584079	NaN	1.1964379939026	0.7180153284643	1.06154785957499	0.124738263433223	1	1	1	1	14
71.1374312465867	NaN	1.22302710867709	0.0721074021836958	0.904425619461809	0.619886903802666	1	1	1	1	14
13.3349895779806	NaN	-0.255896564669961	-0.270641216124306	-1.1714392412639	-0.298308139569459	1	1	1	1	15
23.8898513687187	NaN	-0.789335205660993	0.231368798899592	-0.285658109295973	0.208386379789182	1	1	1	1	15
36.3889677938266	NaN	-0.682767026282302	0.685133355294774	0.462045794854807	0.71830214965114	1	1	1	1	15
46.2509566465793	NaN	-0.00737251562473079	0.975851667186071	0.416798416405666	1.08984253842023	1	1	1	1	15
59.3372697634187	NaN	0.785729503806161	1.02997305679785	-0.381770474050002	1.21983586429911	1	1	1	1	15
71.1084110641474	NaN	1.16679938579367	0.833805008986471	-1.23423688739976	1.07218475952171	1	1	1	1	15
11.4048735049908	NaN	-1.20727274411571	-0.832186579010179	0.196791902837484	-0.941432345592402	1	1	1	1	16
25.1929631574972	NaN	-1.02279518156668	-1.33661156008167	-0.502672124108658	-0.504747104310827	1	1	1	1	16
35.3758699794644	NaN	-0.214590749823807	-1.11071192117169	-0.686394109819713	0.293218886163266	1	1	1	1	16
49.2337976539908	NaN	0.573852089502242	-0.322179378194079	-0.235887248827762	0.929806752075358	1	1	1	1	16
60.5419373826305	NaN	0.714778959153511	0.443635973455419	0.558305557353671	0.988058501461744	1	1	1	1	16
73.184658154965	NaN	0.0959845667685829	0.618247654511375	1.18398992890749	0.429819884527357	1	1	1	1	16
