y
-0.030429153712689
0.390249547333418
0.544044165249662
-1.55658477903841
-0.260903074382472
0.0533591308128233
0.219270097072154
-0.364306130536645
-1.29238536843162
-1.49191615719249
-2.34583615656613
-0.459101917458399
-0.139935383109109
-0.415128562476668
-1.24632150354538
-1.76987581435244
-2.38294165350002
-0.335846582554208
1.1090508557036
1.49291432797153
1.41247112294456
1.68555956926678
0.372756199921548
-0.12835049095152
1.2958888052064
-0.836121007416141
-2.5370259640397
-2.35006213931978
-0.713818317207995
0.012631173434126
0.590270208508554
-0.587921742502164
-0.420231706604286
-0.582951972692878
0.322791598926007
-0.687242850156529
-0.504384819714704
-0.308212655127791
0.480207803917514
-1.83221910817366
-0.890145480496084
-0.559198379312673
0.186071104633598
0.939079748844288
1.03116710900278
-1.59893129833914
-1.82916432748429
-0.147485530592082
-1.79148091929425
-1.14287962870681
-1.3239951918665
-0.0495136224305792
1.76796520233582
0.323872010488334
-0.121516387203052
0.0223087897517727
0.698670167640891
0.313206485240061
-0.257259683850534
-0.770906784147588
1.64857327921646
-1.26477804034882
-0.428168791426531
1.59273967939154
1.29209625159954
0.613269281326141
-0.609177813504154
0.0500032518308274
-1.49065535918504
-0.369766983828502
1.21402110852959
-0.572633388111497
0.525268134110147
-0.880173004479222
0.370370117635724
0.358241486688102
0.383847458063045
-0.472599752848523
-0.612825938054987
-1.1276002480991
-1.22368030904223
-1.00304829748144
-1.01505153839627
1.18868060623827
1.80619695242789
0.0686369222928464
-0.0551013992699724
0.00791462879270802
0.823469231964429
-0.904987433505568
-0.016219924983766
-0.311391787035665
-0.223634416556839
-0.536953908917898
-0.419672583963279
-0.24375780327006
