y
-0.338282661941244
-0.0987227245814748
0.633205010384474
-1.85091030082319
-0.0592119061350423
0.722953546390777
0.292951669343795
-1.00247607789601
-1.79151557715799
-2.61024516056615
-0.523430963406846
0.0473931841674887
0.312479321039045
1.14358606800538
-2.0324259004895
-1.70764485579246
-0.299016419349109
-1.75788706286204
0.288002944144118
-0.588539202262887
-1.23762537074289
-0.146374834238687
0.0677751135172169
-0.441674152527775
0.163588230768195
1.20939701736165
-0.801123883597435
-1.70728479930377
-2.11025371042034
-0.348780286318761
0.246151797706294
0.965251523886947
0.772667495288571
0.902338963559143
2.06356790116513
1.24910299245648
1.01503158554438
0.736200038652413
-1.77094817432079
0.282616079128555
1.65351524724786
1.60313535000434
-0.234908715583727
-1.67615289736384
-2.42987979595986
-3.65656301113526
-2.62033296709393
-1.43903319236282
-0.121871611947298
-1.72606735725824
-1.06985375645277
0.6658542842507
1.9274669196757
-0.700845715465676
-0.267376912921844
-0.0578512258833114
0.569579521575743
-0.00783243616127982
-0.964010191502628
-0.577866734284518
1.16725845271577
0.273816940635492
0.667581241223667
-0.555343055939712
-0.446254753901009
1.6082476587908
-1.55405070395162
-0.392901241654829
-1.06289357629395
-1.07468936805478
-1.31096799174361
0.442136444371162
-0.233858394434321
1.61062568862507
-0.497334602319747
-1.08805492358668
1.18674834731078
0.145536284132387
0.458669285818047
-1.55176752929021
-1.1411663739334
-1.02072194753169
0.586214086370578
0.484312433221268
0.491524721258624
-0.27613499876978
-0.92802572153381
-1.45155323249158
-0.401046915515879
0.405265270423939
-0.0351637792426448
-0.746904603977166
0.861708938430365
1.67974969497324
0.119672462649799
-1.41039994010904
