y
0.419319189683981
-0.419591618353599
-0.4842571963254
1.78000613519713
1.98156003419285
1.68423500807791
0.473278875223424
-0.457031138216526
-2.89936411187974
-1.43144679406412
-0.843012946410951
1.48994903830403
1.4626198735396
1.5753895192817
1.64029007033699
0.191812362494392
-0.887550696106707
-1.81902457133526
-0.779730626528717
0.139312810858217
1.40645229234829
1.07767120376759
-1.01065774747546
0.712643451254108
1.92580585228363
0.52564671058
0.0287022883697891
1.00604367238643
1.76145809271513
0.419633263591903
0.48867700294688
1.17395008025242
0.576583947224728
0.120005744427349
-0.731867136429962
-0.446019300745037
-1.45962271281882
0.018820464771802
0.893937774076243
0.359687815409343
-0.372447469599514
-0.357680056673943
2.0327426952153
0.968579980486804
0.712284021882701
0.643491937311105
2.99139105820095
1.36585380131335
0.108701576283112
0.822990346885034
-0.34226568181795
-0.342383840596282
0.853769062314357
1.63997292591999
0.685100424279178
1.54509334639354
1.11819763517393
0.0453827543708445
-2.40064849133775
0.549029762991812
0.126440722399222
0.568717440046739
0.652980285009263
-0.50945577805258
-0.460724055247567
0.421145696166783
-1.30195291869071
-1.0652102586713
-0.242139981574722
-0.820871579630773
-2.75023618344877
-1.07188917341902
-0.807256017657916
0.963717815505762
1.29157478860075
0.20976087605451
-0.845810030714404
0.908540714491596
1.49634431684031
0.511565396398101
0.289179734993242
-1.4847566587215
-1.55361464856782
-0.805799673897762
1.11746859960302
1.33687833492877
0.996312868803022
-0.480693749000682
0.326571840440755
0.564879139957299
-0.00797470930101329
0.469812297361333
1.03398251216072
-2.30054901005677
-3.84752838289054
-1.01587604214134
