y
-1.92497807289686
-1.34360229695235
-0.33789225507103
0.997520119773806
-0.835991269162391
0.963609450102079
-2.34370072878019
-1.72374435401463
-0.196055039407716
0.695965873041599
-0.658377539296444
-0.947094337430578
-2.08831376203884
0.18130224136727
0.316067999004811
0.626376901863131
2.00594222276219
1.12213449848407
-0.283734696420942
0.257224418443104
0.932363641021934
-0.0575028749721854
-0.87994734385458
0.123412765081145
0.103794830388264
0.615600755875778
0.593172032542455
-2.5564837454158
-1.91177724673826
-1.19336280889014
-1.53021035769878
-1.17367495882321
0.738938725869482
0.897814720257275
0.617933389959215
-0.580225433815673
-0.868599240898363
0.570213227647685
-0.58981554300438
-0.716142050529344
-0.249982872517428
-0.481670975653675
-1.27639184942426
-1.40909919668972
-0.195949734355836
1.73377602432806
1.7065236637312
1.21989409206916
-0.0890742693468405
-0.00757493808924659
0.214939677336881
0.700453401865897
-0.340077762505445
-1.58377741966523
0.77253229053973
0.963188349797727
1.4977570405883
-0.541063352562733
-0.636254556701463
-0.777106086988781
-2.61131828683774
-0.503716328186696
0.92670868992993
1.22903438195824
1.6658040585735
-1.67618967906392
-1.18756216850319
-1.23849098151779
-0.175669689794935
1.94354466855463
2.15532654972627
0.234877877712778
-0.162457397781511
0.0323622659797536
0.269461921569466
1.20503908817076
1.25598686481985
-0.0971444134823626
-0.516016311489192
0.401387660795365
0.404413157163638
2.03869125250531
-0.292254049332239
-0.682528958606976
0.909198890315213
1.00997333147946
1.98765150251331
1.75016873407716
-1.10971410407926
-0.615510297436155
-0.130321140857473
0.404664189971091
0.222489142184659
0.505028242085983
1.57482922226785
0.0330487314863286
