y
-0.246402003438848
-0.404010951883082
-2.39255256998936
-1.72985683919826
0.666438753046563
1.40366619536391
-1.34316390920951
0.488378776009454
-0.382279503861373
0.584311966858486
0.539662694301112
2.75158779273944
-0.917892468845792
-1.77685399834577
0.058127252182314
1.51202832578116
1.4104931054174
1.60794974982145
-1.77538027427824
-1.34043074114257
-0.0622802242333813
0.937641596030303
0.471995419362676
1.71450488839212
-1.28053657122272
-0.291907145930267
-1.03464130756918
-2.05939367074706
0.716300391862682
1.24994978728105
-1.17331491210571
-0.742269095673752
-1.06521765727515
0.0573071148096716
0.568378765787339
-0.0369866261142355
-0.18725018006481
-0.175944650707935
0.78549229415095
0.449589218613058
1.36956933794857
0.846720635524623
-1.1520474006116
0.696222468394247
0.483117221891008
-0.466052084374326
1.88875349556787
2.37655789770084
-1.11516555878868
0.0528908982211005
0.419434871314964
-0.192259577958713
1.07364854722215
0.178545099920325
-0.558775789415284
0.26752522887381
-0.785476449926036
-0.776001923916211
0.963660884498752
1.89590265083673
-0.900788434572665
-1.66143982582894
-0.19476675395473
-2.12546999154467
0.223553874655894
1.74863956338207
-0.278965991896208
-0.583701495273415
0.893141374519643
0.0201262571287588
-0.556027715319877
-0.0870085762705149
-0.32992876346486
-0.727870749824439
-0.194748652862304
1.02928205357047
1.47599112089562
0.733683798335154
-1.33651814029944
-0.387535349000647
-1.42990913124747
-0.422130775652243
0.64071173153261
2.23932104013256
-0.629296997287806
-1.03157155668995
1.06522238739336
-1.36154399567478
-0.537821318790744
0.0070112400586644
-0.881002912786228
-0.436454323912955
-0.362208264379438
0.222853061762704
0.483663225040588
0.65149974922793
