y
2.05389560343023
1.2296348219935
-0.10354818733761
-0.936044567579221
-1.06170078711824
-0.932143798995729
2.31177348883476
1.09087291544998
0.924753468018441
1.86451580911639
0.0375337823399806
-0.715652819561174
0.305115846555635
-0.488910946823969
0.49379946594634
2.21095022538051
-0.711328302625889
-1.36923911265304
1.15449682153613
1.24907749202863
0.882466318095939
-0.403896143866215
-0.025693552739547
-0.0831864770917707
1.60422525540327
-0.536492562041496
-0.549163148786489
0.964396084538784
1.79171081589915
0.622803456082984
1.93005273349157
-0.0734108046070848
-1.58522810635672
-0.623380292401058
0.0824027435212165
0.963948683024955
1.45539768527322
1.04390171543507
-0.638808776539401
-1.10834131379243
-0.430573037198671
-1.88461497915967
0.123095836109693
0.210847012650929
1.27332134446463
-0.179208088109388
-0.166592150280844
-1.67865703613562
1.61287743351809
0.807398306324324
-0.556076364577606
-0.980194551063192
-1.43421570495904
-0.629883440338184
0.267830247344176
1.1409408510781
-0.696618738362417
-1.87774493463822
-0.378117591210215
-1.61200162940887
1.05182193084423
-0.113549300555535
-1.38334346799543
-1.89446884754653
-1.66201289405536
0.564032662295593
1.76617900934874
0.0148838251286966
-2.19551128901308
-2.4030406279914
-1.54524522716294
-0.990965459356189
-0.253817778405939
1.46951332939878
0.665257948922421
1.83242786502874
0.189485809552062
-1.44097306987975
0.203146491120859
0.502447032033237
0.420705205689949
-0.820771730500118
-1.37021215923318
-0.0565218745969346
0.977350897999794
-0.351897033446717
-0.570109769531815
0.398408066049467
-0.596575067338465
-1.80013728665425
-0.0331782525023491
0.927097828743177
1.28608246156535
1.48274185983489
-0.103398664933777
-1.41922073938382
