y
0.841870267893527
0.0171114730043135
-0.633980684240149
-0.644815285758245
2.07858728001067
1.98558970730657
-0.895196557987108
-0.708612858932146
0.372571282506334
0.995623630757497
1.66128912572625
0.736044984403576
-0.166821749660233
-2.39224902114612
0.222453078392401
1.1785256990151
0.312549682691336
-1.43263677567468
-0.22803001575257
-0.417012966061547
-0.147293791207018
-0.188976996839642
0.0847735331567822
0.809349215936614
-0.152545433346112
-0.603444011397379
-1.50961630640816
-0.0827346700974011
-1.42644576286163
-0.672672445438891
0.545848945197968
-1.62948828246048
-1.09737824967389
-0.254371669326178
0.366145042562824
-0.796045062030073
-1.18484497795549
-1.99172835675216
1.46665088025316
1.95705241618673
0.845034785760498
-1.39151487172925
0.63575793359811
0.286434137892466
1.10671628688285
0.510073551281464
-0.73593728449544
-0.165360304467926
-0.0418440286141714
-1.69353553362457
0.689892847113087
0.862588505264853
-0.210060104712404
0.555539489525285
-0.288871234520118
-0.778168300803748
1.8008541520541
2.19303112783439
1.55934309148909
0.858672289514013
0.531998583336445
-0.536787456972329
-1.56665425683547
-0.322245280384567
-0.294681510984157
0.689884490171809
0.807101790125732
1.01407222408635
-1.13815540428506
0.110672767593748
-0.167267994907659
0.0611096727146623
2.26648042500783
0.152125040114454
-2.87710165458613
-0.573543553732992
-0.20775750211778
0.376901435687107
1.20167481670624
1.1127205771575
-1.56502221793853
-0.204777223267346
-0.621757588465538
0.23633499747584
-0.839468985821863
-1.40311784150499
-0.483426398670828
-0.996019116916358
-1.22152196922118
-2.21347738291482
-0.42875318616802
0.561462529031266
2.23974553825053
2.41031757571245
0.830225272144875
0.0849679411418489
