y
-0.350802112354986
1.35119166317497
-1.20643130385048
-1.22857818767169
1.22209707977678
1.47755415784486
0.0848946567176204
-1.73728138998519
-2.81449572090291
-2.72433803467926
0.316730184319792
2.31932277590969
-0.957873665456889
0.0357840336409333
-0.046835222589045
0.10359208540316
-0.203338923204957
1.82391474570358
-0.139048006812285
-0.633534501738442
-0.773185897572627
-1.96405544964406
0.102165073106627
0.585367348387496
1.7294871104607
-0.544253576512512
-0.356201420654471
-0.245026439510754
0.0630781212299605
1.42370478572888
-0.663284481363126
0.739795317704544
2.38560401837498
1.09197535378915
0.74028675060575
0.643369110624493
-1.03218348822835
-0.24716432432815
0.0626929801463103
1.56979723754926
0.777194422403122
2.01369253875072
1.082922999792
-0.14728925356853
-0.150188323657603
-0.664614149448983
-0.414207192602022
1.87326427359848
-1.66228527164903
-1.96993183063498
-2.01329709446889
-1.87754760251386
-1.57268110585609
0.937042775713521
0.34079642883362
-0.642571538720877
0.574469297656657
-1.29278794241292
0.483393587199139
1.15946523855546
-0.737994845926208
0.547018542075331
-0.676642198514548
0.0512725560478528
-0.14954945957043
0.270698733354168
0.808864888759849
-0.154513538401042
-1.89667113040756
-0.552836901117374
0.870801932509626
0.567082342850798
-1.44242576026358
0.636402855126583
0.372610868337825
-0.698168743452132
0.103487223545279
1.17968437311457
-0.116856677016852
-2.303107142844
-2.09597628658473
-0.798758064111591
0.462367756913695
0.981761511140606
1.10958387471821
1.51664385308839
0.535522748279834
0.324040146670415
-0.195118583347982
1.33125643080704
0.305501846227462
0.831216536521235
0.752268836548918
-0.0310853325326087
-1.20297119670559
0.655255304050297
