y
-1.53129557393764
-1.22105673900697
-1.1524555596678
0.434106956802514
0.166522847786163
1.39544564537096
0.621945462917493
-0.0881223280600572
-1.14240181937262
0.760868234485786
0.973282973418254
0.618770540526218
-1.21915989723711
-1.21433888940424
-0.514798312786581
-0.0449701501510447
2.35558499899867
0.667807860504503
-0.562661082108062
0.896612129444625
-0.203782072459048
-0.143971556742312
0.0678788940865948
1.00369967202939
-0.852422324436857
-2.03891880759027
-1.45000837093206
-0.440446197019818
-0.0981503108696039
-0.000907173563527985
-1.4088873638785
-1.06334988710976
-0.271677363068853
-0.265293840301317
0.535827805182649
2.14340716700811
-1.04591811752627
-0.88925491071697
0.264949344742662
0.748165090793468
0.0833320312684155
-1.84202676478904
-1.10058833169727
-0.982385181010689
-0.155542415789674
0.351038858587295
0.407798318337144
2.44086022110797
-0.943155122621174
-0.809775820563945
-1.34737642153729
-0.523482907495056
0.267598276769266
0.676936097266628
-1.20754135411876
-1.36690030258294
-0.28957101318992
2.04670190840788
1.26236563105062
1.14824131764035
-0.53917767488681
-0.582906478999463
-0.48918760230211
1.21277871486071
2.22823442092521
-0.623971092546044
-1.75314726181364
-2.15369958364511
0.531109333266218
1.81267062849802
1.25689018132161
1.75123975413921
0.296429256889186
-0.261909659252801
0.194895625429445
1.66587720270582
0.557825294843479
0.551794474044714
-1.27320676760083
-1.82779981455858
-0.0249397913927891
1.02735954320825
0.193548935150735
0.899727600008052
-0.413759487742252
0.638672675630082
0.867231920283638
1.53825133355965
1.6177262849683
1.72959971842488
-0.343386344166339
-0.0495545296360655
-1.42358197332866
0.76278271323563
-0.524586838614348
-1.9569847120976
