y
-2.01653999059679
-0.19006746761224
0.986906305927566
0.25191899335567
0.663128229307679
1.39824798132089
-1.05346457626959
-0.465353499431854
-1.26563514971868
-0.23563553284615
1.11869098309498
2.06295067865811
0.0546868739928709
-0.396846656050104
-0.304571731755656
-2.68762844908866
1.94236328935667
2.04528314788944
-0.756359105136642
-2.10541318294957
-1.24663780991198
-1.51589320875739
-0.848230728252402
-0.495307624828669
-1.4096783699951
-1.18107926464271
-1.69724615325352
0.64927445595232
1.39688160810694
3.03962695614663
-2.14872639598244
-0.207466656415988
1.23333014198757
2.21966555318127
1.55152303755356
-0.25551046368431
-1.15219454773682
-1.38905115384634
-1.512277270156
-0.425214022839748
-0.823747531479659
-1.28143934805809
-1.31016727012979
-1.9634119787437
-1.12989132828631
0.447896213162569
0.445651167947492
1.37808258492983
-0.395996003428419
-1.21984986816356
0.302391146462412
1.60711825490421
1.49178182466995
0.347636786815906
-0.211888868045047
0.424056853283678
-0.731552975041422
0.290771041435023
-0.904985821074365
-0.842994606194287
-0.72522962732982
0.589127778314337
1.32816670223624
0.265753066926192
3.69369298774735
2.34198868965289
-1.40183642777242
-1.4032506579842
-1.22354995379728
0.294165559364566
0.682294950043972
-0.0303812722561543
-1.55017199048968
-2.03228692580503
0.376974527017511
1.28086275071284
0.0550643493042258
0.287594546113783
1.26127933913328
1.62178356488372
0.663196723052759
-0.501962038950356
-0.257056393970425
2.02537202192772
-1.8016503032052
-0.382321307319069
-0.671920425060642
1.47010250468768
0.505710907572862
0.686343880118438
1.09963722609926
0.822353606731775
-0.211357402309497
0.86879111212588
0.428726131416372
-0.0279176979730933
