y
-0.73579697982433
-0.396113420092945
-0.92880089464436
1.81031179656786
2.78861497567935
2.41110648666144
0.115137130267968
1.44703369361017
0.549478378900987
1.35965444297284
1.70987630223391
1.6935458367438
0.382940167243102
-0.996954754047378
-1.17269383093988
-0.227659514474618
1.93179685592411
2.50311447384693
-1.383101753572
-1.14901998738908
0.996022978713698
0.548196750891148
1.48217826348273
0.649693978849302
0.211212636856305
0.970352959035506
-2.25408750276801
0.172293061097413
0.348928404482591
-0.156152010664309
-0.0135212441520486
-2.49510501494181
-0.397505667150935
-0.227427545422423
1.27715656494143
-1.25462524773392
-0.95592080156058
-1.83809067033081
-1.11108418599015
0.498411393619581
1.58194747043994
0.952632462028249
0.730115908661805
0.260833053865226
-2.45446589940976
0.381071358395797
2.29911133036817
1.92948870824001
-0.842950695843612
1.43281685991461
0.849101004810452
1.27867811206022
1.25104045403166
0.721050071519985
-1.31186077798526
-1.35727020135039
0.314109592907216
1.40068312705115
-0.472849998155316
-3.02696911038137
-1.06269755275237
0.161464035354598
1.11583016908433
1.73672469611322
-0.102108147835005
0.177160424769953
-1.29958611394246
0.32303630458644
-0.491941646723394
-0.331720959011893
-0.0518990340533201
-0.782217240436143
0.45817509722386
-1.03912211933588
0.425710447610334
0.755111450610523
0.285821248535346
-0.368439132428159
0.758337907786039
-0.145165575328065
0.255001465585144
1.79897180851108
0.208267183614135
-0.321997697860882
0.525965587472622
0.873520212209888
0.236746220226027
-0.861183377086189
0.116498521727454
-0.47098782325566
-1.07156983478321
0.12761075331941
1.39410677793042
1.41951348654396
0.662377235523875
-0.0189171424985024
