y
-1.4037964303906
-0.860718199441239
-1.13939199642449
1.25590443450387
1.93533167529803
1.07734675323566
-0.383092848297558
-1.24296659844121
-0.645490797330508
0.57210680510694
2.08569091496847
0.959188215737131
0.816263868773076
-1.85151824860831
-0.929084534001308
-1.12282534057887
1.79072014232896
0.987059984114569
-1.87058948434179
-2.48003394194992
-2.10896416991951
0.835983469692988
1.22657242730186
0.554261843136601
-0.209080245283964
1.03182103418415
1.08135178012325
-0.542722985267157
-1.2018743075486
1.45315116032835
0.704551648355012
-1.30351478017836
-1.27918928105405
0.0310198013984845
-0.566595904627696
-0.444853571854596
-1.71358661353821
-0.733274479151359
-1.27052755351747
0.776165245462961
1.57272410507023
0.60924521133715
-1.48654382075676
-1.11781796831439
0.982210077222537
-0.558981707674512
-1.01089399486957
0.691299869669106
-1.28355497669734
1.79623594300618
0.921720649053618
-0.864852709622375
0.136924749583818
1.23409389004298
-1.24231421471112
-0.878162706991045
0.998898967214081
1.28019784979652
0.44930691498073
1.68596046378424
-0.147657905775169
0.0744381277184794
-1.85425896739483
-1.16281478390932
0.747376952918587
-0.416358283168386
-1.59051789382089
-1.13001267803509
0.142877076257184
1.58911909104575
0.623219474112179
0.968181148514452
1.00819840469378
-1.88250478016846
-0.544207014054892
0.384661213432552
1.70120209936697
-0.412087917103443
-1.76362240848656
0.471586580639193
1.0934192981099
0.442803500479511
0.0644989944010189
0.923645160827792
-0.128131764515997
-1.34091771835295
-1.27225846079061
-0.178362594664109
2.16268420284491
0.8131303643255
-0.291170330565327
0.313704056599371
-0.552182276432485
1.01187572665724
1.16189811382491
1.18205070704158
