y
0.540461055388329
0.689165987423629
-0.489458579123975
0.592618374076362
0.83589860522186
-0.555389735156469
-0.285894725497779
0.579861817653009
-0.773842582959179
0.0743268186192235
-0.768429597948022
-1.62915945911551
0.35572400804691
0.618186521221966
-0.268777381218817
-1.35443163856249
-1.14121693436191
-1.82024135498893
-0.142020269245148
0.62728008959125
0.800788856819351
0.148831101886678
0.623996350831981
-0.458398203585267
-0.355135239409016
0.516978022766235
-0.408476094815581
-2.79817585790667
-2.14846480635972
0.293926800961656
0.314954516767106
-0.565987413798781
0.00819121610264698
0.990470696448055
-2.31216814036067
-1.37171865892353
1.79470230046686
2.55498591032049
1.04228336994389
2.114472884215
0.879566450982432
-2.39101622250707
-0.762732600591656
-0.784745989615074
-0.954371771315423
-0.0135191427536179
-0.30091780854536
0.605887620082137
-1.99600579307089
-1.48723419534958
0.119675115805254
-0.955088771960588
-0.236778295945024
-0.109597254083825
-0.0202538380425893
0.840677393185177
0.173293699490112
0.0299650099497385
1.05790656694921
0.683273809798902
0.374342139187285
0.193593585354035
-1.34782329428843
1.21371433048394
0.970424181910294
0.993081157343348
1.73560891390806
1.01072886454633
1.01341690262886
0.290911383081039
0.241005583377207
0.156055827844702
0.344152405551942
0.316929010051284
1.87091735023053
1.7454931222657
-0.768576173655808
-1.08202177269801
-0.686873961860508
-0.491663518838262
-0.66758027744687
-2.47486950591425
-1.00437139910288
1.44062428240814
-0.527583645947278
0.953758365540777
0.806199757838012
1.40981046079146
-0.374846155051538
-1.96020639498228
2.29265767822707
0.261068316717231
1.13625143662437
0.988589811706512
-1.26375412865435
0.0421327469250626
