y
0.679992919772029
-1.73078937527478
-1.97773683578643
-0.772333740969063
-0.993402704654076
-1.16758370445204
-1.68065233032006
1.14533821709624
-0.92667440685373
-0.643826701265519
-0.470475014316307
-2.94582344041287
2.99189175048122
1.46541373372
1.10408758168087
0.905609533501373
0.690315666255097
-1.38465390493014
1.17051831378558
-0.905120442571718
-1.48194920162758
-1.92827326306386
0.228881711617853
0.948405268454056
1.1196315360095
1.66836591531586
0.732056871992912
2.19630161532214
0.285915680764432
-0.627217175900676
0.220995965755971
0.224260549586404
0.358229944825627
-0.30499858016977
-0.0265342877281267
0.254284325663494
-1.07756986329403
0.121072438978714
-0.512862748288143
-0.150453339118639
-0.840680957325887
-0.538666752226421
-0.172292886216101
0.606837120063674
0.726423738073564
-0.129288054187332
0.5080835329811
-1.61293043711279
0.292323161729671
0.333430549118552
1.8144845800827
0.383000689057595
0.487468159270205
-0.415679418410017
-0.206854484718912
-0.489243042146968
-0.809798589778611
-1.33872827017004
-1.79516015658983
-1.08447216390632
-0.59555539596192
-0.182183453553036
-0.00978727440873661
0.578321692212568
0.295973671269047
-0.516575867647024
1.50747716231032
-0.0102467706804593
0.943086467773864
1.41585266978582
-1.12219947526257
-2.50079197696982
1.05837203005006
-0.0863399711162161
-0.58894211469604
-1.77251998558597
-1.84027675386174
-1.83446421478667
0.0850086321034773
2.79150888258942
1.98064750189237
0.821844542436746
1.10650203802136
-1.01621333813487
0.23524501280975
1.66290806210323
0.630255650854871
-0.362186335419025
-0.0611628361237391
-0.699657119834342
1.81287167786473
1.28955626902469
-0.687203638314949
1.48559720880051
1.18474777503387
0.4796347782508
