y
-2.35170059516319
-1.43321251483231
0.122259036789147
0.0880059799124507
0.262174283148843
0.827994724812418
-1.68662421651355
-3.15376028719983
-0.204546000563791
1.66642771940703
0.780469207686822
-0.0296492997586534
-1.07788565360396
-0.877288837862935
-0.883432294766811
-0.999179241213352
1.5164547168059
0.755649222405908
-2.14434475603667
-2.09255746900424
-0.228421726095271
1.70379677782874
-0.795338576975279
-0.988092561134071
-1.77464225376331
-1.1251058402309
-0.154899733634397
1.91172816721627
0.834303407893155
-0.625563886739074
-0.158855912475006
-1.71114426291177
-1.02935946227053
-0.365796546546755
0.558245518044472
0.309260563109825
-0.259722327895512
1.86403580779307
1.73890445176847
0.0149311243615925
0.903836282913207
0.792574877291918
-0.542144439393931
0.0226185286936085
-0.776359415956306
0.770249812662555
0.240086995105835
0.624209254822584
0.294726869009247
-1.34409615375914
0.522624751125502
2.2227138823228
1.68251980448785
1.93901194156075
-1.04270306160266
0.341929459798237
0.321891009770827
-0.123682447926012
1.62174935089152
0.934343446898445
-1.75001481085909
0.588090119513635
1.85262186844327
0.606710280742602
0.401993251471793
-0.818410542317905
-1.64134586466856
-1.43889393470831
0.034082488047417
0.467111649346683
1.39815039617107
0.587604634362957
-0.928390018818911
0.151458853458838
-0.685333034912134
0.474650585630446
-0.437889019458047
0.221973577775704
-1.58479002472369
-0.392778899980119
0.530987383665389
3.02882471350158
1.35648952301904
0.184736907966972
-1.12075664685501
-1.02509250202003
1.37612680512981
1.62499226545967
1.28157104132149
0.237533759138725
-0.444201117956669
-0.157008882914973
-0.291219349080581
-1.5240640759607
-0.65988101676738
0.28474243732522
