y
2.3925591331089
-0.332640204424908
-1.41475212931275
-0.100884560340791
-1.01641992391794
-0.994443407218012
-0.036484253022772
0.61142870755594
1.05368905973469
-0.28843159597546
-0.680775104201056
-0.459828369390893
-1.33997449080475
1.15328051255872
0.481607147681947
-1.28819137985862
-1.48876142238178
-1.27254097677051
2.18394822380373
1.82825489782405
0.0907117221702085
0.330478990764624
-1.58241133276737
-0.857207133611185
1.76456498760296
1.18968780186964
-1.67421789193974
-1.21494008744105
-0.552278898440086
-1.09829893297369
0.50593297839721
1.4228176824873
-0.276989970668783
-0.642888684685306
0.60564121262563
-0.503184756679685
0.175263874476646
-0.662725555165986
0.54721330133854
0.655696131120112
-1.41990078545849
-1.15626402476006
1.68782324066242
-0.278911978764814
-1.11284459030525
-2.18090868645918
-0.378880591784036
1.3048447179204
0.762580371147246
1.14751909451996
-0.910443408118966
-0.612208173910561
-1.12047010994861
-0.506622536216382
1.38627075130928
0.511185331265752
0.754211447840512
-0.284411569251305
-0.538690570267847
-0.760037826909664
1.24264670233092
1.68319251112283
0.105394755417573
-0.42747806894198
-1.03901390846984
0.130324334563578
0.343038430851759
2.21606137995558
1.43005029165716
0.082522792509663
-2.23250516267334
-0.314142999751591
1.76673175733427
-0.846436427571061
-0.305258713659046
-0.140911848029873
1.13660572261441
1.40997083162871
1.27869856350025
2.27387913904137
0.957680893169603
0.435213558648767
-0.504817416481394
-1.86712956498241
0.833043939479722
0.0293481207236002
0.150048825909228
0.193057198095911
-0.0625649909944334
0.3814064139894
-0.611751349184588
-0.413209087595252
-1.52871840975788
-1.64720254293976
-0.364661911318234
0.71954083416829
