y
0.0165116771526246
-0.410237691590392
-0.719737090379432
-0.0454704560344494
0.0879556996006771
-0.477705129913871
0.123032622718165
0.845299240606697
0.408063751806291
0.63357513956179
-0.527322754785961
1.53838961384256
0.151309863623206
0.0352833630429126
0.39266378673687
-0.889121042912096
-0.288182802287646
1.31634561286587
-1.88474527541574
-0.77591319949685
-1.45390346832322
0.714522150902114
-0.022710371147788
1.17545188002168
-0.558068102459253
-1.57845321818622
-0.465253922565657
0.289979705929529
2.15740226048295
2.20381970853086
1.98399811653754
0.167168121349445
-0.256525434980502
-2.19473579554579
-2.68515069587992
-0.492986292531284
-0.298074782073825
0.290917160338585
0.682274029205703
-0.464808218376891
0.685410865522302
0.909752669011026
-1.13726144018416
-2.68224884352382
0.0780943479538244
0.0145803544039398
0.365854627816074
2.13856618812538
-0.43243703536382
-1.13751124585003
-0.718714138769767
-1.20480035410689
-0.0615358610873116
0.0769737470671176
2.43892176477167
0.553197040132525
0.761269184064864
-0.554492944422311
-2.01377665466211
-1.70731163943629
1.06974647937771
0.485727096522146
0.132914142579847
-1.49453569492948
-1.33642277705344
0.430563446273188
0.0551357069964904
-1.38269781327422
-1.20910779062121
0.868841966694353
1.14934300196414
0.838632778029335
0.762168732037878
0.0103739347039202
-0.191839520776629
1.33397056534935
2.11184319020104
2.76922517262368
1.32724891867503
0.901463410986598
0.874627387582678
-1.28610420350866
-0.314393457182514
1.49632301610822
0.141342699614647
0.464871272887117
-1.4883536267459
-1.027136823923
-0.315288858535105
-0.710811183741125
-0.612710906816747
-1.6529271449112
-1.71497254053007
0.599264055019962
-0.0560148144683038
1.87230179135873
