y
0.326689495468341
0.456523493393743
1.46129470319468
0.280420172767208
0.14211338644025
-0.23573533141569
0.282368812801854
1.86521427741992
1.91060750608779
0.0924833099811253
-0.737873968061033
-1.28810971134865
0.474036990030023
-3.09646631142083
-2.35085799225293
0.66496270504915
0.584675650405089
-0.00221275443405944
0.363619575211179
-0.130452727024977
1.25207181383654
1.09242782185352
-0.999344819045128
-2.21777141226704
-1.22363407473004
-0.304468825372587
-0.832899758336935
0.389315031776545
-1.14656507278011
-0.506716384046295
1.94538097475245
-0.75120299255079
-3.0032944360611
0.234819107652843
1.50645059572472
0.0227172052116865
-0.47609476637698
-1.41240518136973
-1.62141852324315
-1.22251030331656
0.405109174647249
0.121968878626757
0.444826447736567
0.545506066038015
1.9534335852355
0.387725499321174
0.84952421019559
-0.0131517230807223
-1.6898361235823
-0.951508638828784
-0.65657642357022
-0.388443247789798
0.861694977905226
-1.15991031643651
-0.626447169520549
-0.0263888227079472
1.35352586299293
1.50166627898244
1.71283720105091
0.776851592369771
-1.05903031440422
0.605544681909859
1.38294657965747
0.400140574744061
0.196135377685145
0.92386830761034
-0.803275961595085
1.08611848382781
0.948295399183152
0.0969315354790395
-1.8730456175816
-2.35944773739173
-1.70695927895359
0.0844909899807765
2.44810382985477
1.65719783941994
0.655078266289688
-0.30035129150034
-1.01041689444794
1.57843328141832
2.30281204546854
-0.716401063373647
-0.224152445327847
1.65948825666213
-0.447347110102999
-1.48417394647859
-0.412747102285876
-0.428119387623432
1.35800337236853
0.0171738101985509
0.32424613118799
-0.871075623548831
-1.50735746825831
-0.158238888705482
0.620802464574496
-0.174235689130466
