y
-0.497771007784825
1.40112809265824
0.937930567377373
1.69024687963178
0.91935582640955
-1.49217586595177
-0.741531796108485
1.53691437187294
-0.0445268732923758
1.22497851400114
-0.531150009101691
-3.1193920061031
0.122821422185501
1.92250387755889
-0.285990042479299
-0.816488112409676
-1.51394975281077
-1.64737022269988
-1.64065932427031
-0.90650265025144
0.947965262823836
0.521796512371499
-1.69363818678546
-0.157833010903674
-0.578970494661981
-0.288758320024224
-1.49770760144632
0.114832887887584
-0.925518673662741
0.43097759884092
0.163387563198134
0.473928335064421
1.52981248327503
0.889118464166041
0.787293167303041
0.455895282024526
0.922029855207382
1.19854352638012
0.630640600075814
0.664532095084287
1.38606636466542
0.128928728227034
-0.267859891108755
1.24113763048794
1.83858457587918
0.797716398012132
0.547582082781053
0.645411366928993
0.898082154004901
-0.342189859691061
0.6577219568909
-0.733961286018536
-0.0671397839146393
-1.01509127144424
0.519696291140043
-0.619526949563295
-0.60042106414729
-1.30899309991858
-2.08110171361943
-1.66811088056816
0.492654047433573
-0.276687697208251
-0.206273007876595
0.851882284718424
1.44806921625762
1.01056011389901
0.760379144206308
-1.4577739156335
-1.62361971562391
-0.320039696574436
-0.255017751411907
-0.322621404406802
-0.0356792248430471
-0.00401518469832995
0.452063741848358
0.626639749715213
2.95597797128999
1.36350076180086
-1.04892226450576
0.486600205932869
0.211848373649169
-1.19292391219063
-1.26584837948783
-0.0924724287835733
-0.497012288587872
-0.0416146918918521
-0.629265195065523
-0.64207878549529
-0.91317243274079
-0.560218376779595
1.70729669833624
0.503946214257639
0.598360542627747
0.356156145379286
-0.829404962815668
-2.6745048784048
