y
-0.631348680493553
-0.688032180074412
-1.08748035806591
0.459971997026909
1.61280493376187
1.29753022657336
0.726575506155032
1.65238159189001
-0.303260884100125
-0.622437052113445
0.739428227346308
2.25319764637746
0.0323098950822476
-1.41908169072992
-1.00941180217637
-1.14452527099306
-0.736758848610305
-0.724264191865449
0.13617137972432
0.0123452403693494
-0.544944449861552
0.918705249803117
1.24076759625966
-0.287157657591553
-0.539377183567923
-1.25029884424621
-0.933135440829565
-0.0156417185720375
-0.213904707097566
-0.0723327917555883
0.14387801885081
1.8112876734595
1.65944264812451
-1.76980401285537
-2.32455052008808
-1.32340060177099
-1.49606522351149
-1.98117115348481
-1.35719598578245
0.545228504170638
1.13854848888029
0.364820073684812
1.44026138862784
-0.41656070434453
-1.77707838362435
-1.24582146690652
-0.14662229496994
-0.253891526503586
0.667486107871723
1.66358062874117
-0.299623564937468
-1.45872233673096
-0.0176055380043177
-0.751608619132001
-1.5929569458107
-0.854578014563445
0.45906535385186
1.5368097313549
1.19485693051214
-0.769420425877259
1.0964744110417
1.39877399055657
0.280722229097515
1.36947016159076
0.990356696662064
-0.406928828868432
-0.709880766198595
0.177884274432337
0.444801038230799
-0.176983951784521
-0.327584265333927
1.01999609384423
1.52958401015235
1.90690862973376
-1.01132351063752
-3.56095407905029
-1.97510548766649
0.273038690300237
0.513275084198679
0.163839983730155
0.109625944785007
2.78053721180664
1.24890362590033
-0.299087540923256
-0.603282982060536
-1.36373334209861
-1.63950903452541
-0.632505686214545
2.49614348477515
1.3152847071015
1.85567576929333
0.0243702732777471
-1.52644229323521
-0.886637612858813
0.925879933140458
1.5510291709478
