y
1.5609968331936
0.71578314586043
0.173637043497174
-2.85263480216606
-2.98428645170057
-3.75669434181351
-0.0354857803745681
0.055454821788696
-1.628740133501
0.437163794897762
-0.130408427975691
-0.498203992306505
0.674625058829953
-0.494385029920505
-1.78383835610798
-1.70187088140604
-1.17286803985266
-2.17004796320037
-1.04090754268166
-1.67147386831532
0.418541200596589
-0.570891460091415
-0.897084874448104
-1.12241031154816
0.183511598121924
1.04713852404973
0.762128902954973
0.831933774313221
-2.05388221335202
0.15439122921636
1.32800585694929
1.01742175600712
0.434308771841626
-1.18113103011027
-1.59515470109439
-0.173122372686618
2.30906620388861
1.90404410650777
-0.873530216120144
-1.74389101863908
-0.792836082996166
0.552363144896897
0.114499452664331
0.925581392398031
-1.15803320904543
-2.19374695118288
-2.05150621765409
-0.511467712703968
0.309422046815671
0.474128620337769
0.131245047624126
-0.0218667136360606
-0.909010112766693
-0.975645515714422
0.318579318901598
-0.579495207297313
-1.44087465752546
0.530770996907788
0.626875913207068
0.203832592027274
1.08550231160788
0.221569153911179
-0.537716489354729
-0.583761213098351
-0.351678562371825
-1.14560780156256
1.89150963644396
0.472412564033336
-0.469359252995086
0.786296387295455
0.561394441949806
0.348358106909391
0.666611455830501
1.77270003146628
-0.904562876273361
-0.201392147296335
-0.229860522576159
0.481224522742188
2.15226448741265
1.60447423128013
-0.0594489137405494
-1.36161357253928
-0.23448391699902
-0.979807239717017
0.520773522103666
0.1932349069612
0.27723082160057
-0.602450255504922
-2.41153913485296
-0.398918740018141
0.967845223446136
-0.137595788503375
-1.03816502388837
-0.322235085004192
1.14397702762844
1.43819193101702
