y
1.62496413694667
0.784930685263215
0.0197822448486007
-1.89510337460851
-0.369148635008938
0.728077983920015
1.93943289130061
-0.808830956105794
-1.84332002769318
-0.636490479248407
0.546210463488839
-0.101631808449154
0.639951077246183
-0.784880807710251
0.435815605034518
-1.61152843223013
-0.773931227491973
0.107377851165047
0.286963635673536
-0.372897212093111
-0.908593576688007
-0.026980956797928
0.545631618351425
1.50624109539111
1.99228251026133
1.32291964944003
2.93539802955193
0.713972368893789
-0.166719931526958
-1.05466803010893
0.152659094734723
-1.39985425181672
-0.856034999577082
-0.375291179730482
-1.18766471879258
-0.63392391220059
2.44491186477668
-0.819944117174284
-0.0235941714251241
-1.54503431958879
-1.96250547387017
-1.18751636250543
0.938806304333735
2.4636496572969
0.86842996350263
0.0964489978199398
-0.439282239539849
-0.502631643237788
1.46008885569707
0.233990946585899
0.000196624460813144
-0.774691945338521
0.246702210377404
0.0751258743859612
1.71971215471356
1.06766510020279
-1.0147383602558
-1.12425695054479
-2.64301499777316
-1.81541702003535
1.2753453059848
0.37550327482785
0.0357841468105989
-2.14280160063065
-0.86291715396566
-1.97442579712939
1.34531644947666
2.41408291130594
0.647686836112989
0.676227717554674
-1.20341423285404
-0.594591077533822
1.00622453477335
0.120109095105526
0.904039212600026
-1.5572798666192
-1.4448326675717
1.06636516933339
1.28180881649356
1.09051306160554
-0.67535235549307
-0.698081300435494
-0.82198842682255
0.627739576259667
1.82931056650762
0.778776050400398
1.50610320633902
-0.802114409976005
-1.42600749492855
-1.07945990322384
1.0349006630329
1.78239113486075
-0.649476600220591
-1.39884748861289
-2.01925709747891
1.31440236761392
