y
0.0900148039986002
0.969406185041234
-0.605782509656399
0.331486088000497
-1.3447591013846
-1.58376808161341
-0.832733889723719
1.15005741091307
1.97340076415201
0.756210564354164
0.331237484025925
-0.611636309829983
-1.2444442500818
-1.72554582873219
-0.740939556111603
0.170674598513391
0.488350678831515
1.45206397142277
-0.172082000890426
-1.13060336399323
-0.866902605434983
0.301489196834372
-0.643008892806043
1.24333528131746
-0.413435243124824
-1.90008722770261
-2.92122723088469
-1.6486828998502
-0.736908547341773
1.24409905769492
-0.00432970857776671
2.16445366252967
1.56217109847177
2.16949025543382
0.515512821785278
-0.827433855785785
-0.106726222986897
0.0532965826610537
-0.52080743705095
-0.122552416962538
0.594982743916624
0.480084364886377
-1.5468419638564
-0.543926892220356
0.917029391262796
2.07599829705097
1.37165356111434
1.9634512895463
-0.475494997026086
-0.988338023714945
-0.541152924503644
-1.34314110872288
0.536804244236361
1.4929629403709
-0.60602018626351
-0.634047007080165
-0.501295418685118
-0.677395030656848
1.75970173535163
0.636665645316226
0.563857844103784
-0.400961722035976
1.61953580907989
-0.88960539494359
-0.471787789932132
-2.34307113143075
-0.642173763828585
-1.44650829499785
-0.600688978320139
-0.065626217634398
0.788714092063347
1.28048590785627
-1.58388769226685
-1.1229615778721
1.31690186363257
1.01526420528494
0.848126950821531
0.267043653899177
-1.03843068039166
-0.771441693130818
0.679563226892978
1.85686297060295
-0.341896217504324
-2.37198142229816
-0.105772766699318
0.449396513482846
1.40412681973784
1.28904990657657
-0.227515259694855
-0.00659782089997971
0.334129220081371
-0.0501973032732526
-0.911405076416168
0.508005299288718
-0.29381889651426
1.23123143090271
