y
0.541397735279381
-0.541542074887421
-0.265723942555817
0.24446957416509
0.299502521537174
-1.09581081733459
-0.113574227614776
-2.34409850664929
-1.16137299213783
-0.912908483541212
2.06587829536381
1.53963941166816
0.459686037880457
0.941499395877858
-0.702959317753808
-0.601712283527324
0.567598095841134
-0.24465150589053
-0.902436399463191
-1.04944492068857
-0.607689540019471
-1.03258851677126
0.453413913316238
-1.62985084509312
0.360771927010356
0.116159529256522
1.05012880803172
0.228642263164668
-0.111302851312905
-0.845109848384482
1.19403964046321
-2.10483620364671
-3.14072730917869
-1.53972119768358
-0.216726694262169
0.720945310129228
-0.644127686695541
0.598095642894386
1.58097607903234
0.68736771439664
-0.0792372799194749
-1.65252557759848
0.879915736770507
1.27735306129442
1.17967930359934
1.10815264579641
1.62331591874866
1.38135323393626
-0.427473504658381
-0.674026627254132
-0.311807492273136
-0.666130920814761
0.585464031069975
1.67613040306124
1.53025917737149
-0.748703147339809
-2.37107349008883
-0.462903001192802
0.142254533350647
0.134867255463199
0.865746096086617
0.0582153218644638
-0.233477812821263
0.206204901698736
2.20218150500041
1.02238338274084
0.939688534660878
-1.11073575987409
-1.35291818808346
-0.694924559829933
1.00329134010188
0.517265455572413
-0.435783233973898
-1.71185070188861
-2.40038097236282
-2.04358040853006
-2.04678647852359
0.28026491093489
1.93332800047743
0.10512987615878
0.389937715800618
-0.341777148536016
0.0524180615939039
1.33557880214235
1.39749462991379
0.140762283448912
-0.890735857486876
-0.625204930913879
-0.422678622494178
-1.42569274172085
0.885051247471644
2.45928542712392
1.17317986243927
1.81344962481924
0.399768344288108
0.589742103161977
