y
1.03512037855078
-2.35323796182617
-1.41683811161379
1.63057399773964
-0.510133314419845
0.573811599080199
0.471807035173122
-0.996087407142134
-0.495408406792575
-1.49067327500531
0.176661994661348
0.0803388788701754
1.17741267071288
0.395843432881186
0.239214248235368
1.39302545276167
2.05495821459364
2.3807159593194
0.715802045031909
-0.880400509423292
-3.54425587726378
-1.84648235112349
-1.7996207333049
-1.0877587961711
2.27409984228142
-0.137306518181298
-1.92505118346413
-1.44830111842683
0.179255452030357
0.191270412606271
1.4073675833612
0.731611079544572
-0.0452774240442062
0.488285662614569
-0.689738870652016
1.20398050059154
-1.22554991261053
-1.25167086055754
-1.54333234061953
-1.33795621950086
-1.45723857721153
-0.682542136883863
1.55086587427521
-0.297862627589205
0.129455364264608
0.0933290072037091
-0.292755471988041
-0.867527798333971
1.34015571615048
0.738850050283234
0.304524971573643
-0.158614857592618
-0.72001822067357
-1.39316920571516
1.44171151859525
0.658897470462863
0.353591854259894
0.251829912831803
1.06965459978314
1.17258010981844
1.17727338480656
-1.66008518240885
-2.07550557282171
-0.935573022666311
0.297005635622705
-1.00070663937788
0.0332738554891928
-0.429525664837228
0.415660848670404
1.8787158965942
1.91285828849861
1.3897964324148
-0.066692497660147
0.129801327394953
0.503857229277142
0.638037580858107
-0.733203293410741
0.0820360593772707
0.932328954246021
-1.48516203945495
-2.07258938446855
-1.57788380039754
0.736090791706189
2.28663303317826
-0.0717191466284461
-0.222788451100408
-0.567463785624139
0.187416629826967
1.03137705056605
-0.220166234057425
1.19999964333572
-0.596662363403924
-0.320462833873427
1.65649941070067
1.35273924946505
0.182995808150581
