y
-0.670961073362091
0.9583833505172
1.33039043229991
1.6404208264301
-0.537972959512122
-2.04763213231878
0.199088986028794
-0.120693914914822
-1.01091234930654
-2.05475904699264
-2.00827251945192
0.431302497374833
-1.47058357202247
-0.159132227520812
0.703651184878871
2.63848435398505
1.80824266229676
0.432651832466649
-1.62564957620026
-0.810035501036997
0.0309388064805984
0.716723923831622
1.71600010204323
1.26356963158411
-0.813417847214593
0.815080673553474
0.591107944629766
0.629548064591183
0.998203801849752
2.05557694583356
0.227134739670034
0.51856224368281
0.507521510887655
0.359720687661463
-1.77820132004193
-0.123142196999214
-1.22337332273998
-0.326370808392248
-0.850954725186552
-1.36158702314516
0.397072516366954
1.03099612123911
-1.77121707672488
-0.384241287930161
0.305932869529612
-0.325135411756108
1.60646405759559
-0.833147097770669
0.256604452134412
-0.451130928697218
-0.10091524776179
1.14697311170271
0.690831506585343
0.0335850058481703
-1.7565930749379
0.930523021551961
0.796672533693772
-0.480308161868199
0.586358817384184
-0.00134421058023915
0.193912308231563
0.148747741460303
1.36457496411547
0.271444233935583
-0.812434051882704
-0.960768293510671
-2.4088280366166
-0.295450361555961
1.90385120742327
1.97154248385005
1.19586280130739
-0.145504540937419
-2.75213697868021
-1.63022547840299
-1.54627296951854
-1.26560339701221
0.67278845954845
2.31301837603086
-1.00586508075361
0.00770667424934202
-0.941475002999091
-0.0921967118907101
0.659542929839202
-0.250665329465208
-0.350386397060416
1.49063779195323
-0.0361257489616792
-0.873469094672098
0.14125336853379
1.43609301438201
-3.12422001000961
-0.4474564721434
-1.75933329048764
0.194298357505413
1.56750796089303
1.90899997147886
