y
1.46931813864785
2.00926609056731
0.259998321794265
0.119547499205161
-1.06272576849072
-0.729854115014591
1.31866949357268
1.71004012793565
-1.07191767588056
-0.532201183745699
-1.49920645773627
-1.63917577269986
-0.590583236031379
1.04407422562567
0.225710070946034
2.68628873470199
1.40692722315854
-1.10472942886685
0.240899663664271
-0.388063117956614
-1.20288703256725
0.183469481313493
0.887455191777612
-0.340887633741761
2.84060642613569
2.45675044092247
0.68782403978127
0.685231847061022
-0.103103785205394
-1.69785236012459
1.86173434517763
1.06735052815558
-0.0732583148475395
0.96505808119631
0.135941873183164
-1.85588133352798
-0.567935121363721
-1.46324388735822
-1.39857275067791
-2.1200467251757
-1.44918041554552
-0.141000290728133
-0.0237224382760921
-0.143445641897456
-0.121531399485808
-1.88192902560327
-2.258651891958
-0.967000598019432
1.07292187552842
-0.19163967164668
-1.07974108753933
0.187774454390388
0.398290138502245
0.0130875502810686
1.10404791266687
0.965364504234705
0.951791149605985
0.956364621041907
0.138159187242809
-2.47309211913386
1.52283278531118
0.129718276761781
-0.661075802046918
-2.14371820881331
-1.20757164805785
1.37325206537199
1.54840912128213
2.23468418967808
0.830276006949526
0.586124156404187
0.261133878564951
0.789911890505319
-1.68608605650876
0.0309805753583462
0.774975347998456
0.754600441908734
0.760647595227342
-0.596882017272511
1.64101117883066
0.254388551857568
-1.12111732949662
-0.308954017797487
0.0254183366552885
-0.796771175091513
1.26568382693779
0.214328493455014
0.861128595291359
-0.779842850721568
-2.7441513781629
-1.6442639884458
-1.29934029321218
-0.663891248365653
0.500893958056554
-1.61554739710082
0.149835759586167
0.882075421929577
