y
1.28382759882581
-0.920791429536287
0.968314903882375
-0.438503059441288
-0.79858800461453
-0.103147311764778
0.952301986613188
0.559571641909472
-1.67766824903909
-2.41490875639335
-0.153362195286772
1.29809530810312
1.74718260092919
1.90231389307704
1.40941925363897
-0.458036992400666
-2.58945624510865
-0.747090594126949
0.159833252179279
1.42840923623093
0.483790336725486
-1.17529354341638
-1.61632579492047
-2.2059325565694
1.59963103343741
0.721096537759042
-0.175578986736398
-1.35237914994375
-1.48395308162408
0.406591407789525
1.77927934598774
0.146761696325271
-0.372384604496635
-1.18386174370559
-1.02105098410156
0.815681741967921
0.941070439715455
0.299861708226103
0.0516977580242195
-0.410830357907595
-1.32530810199502
-0.356776410356741
0.16884419366139
1.79173689352999
0.816443352718926
1.03153968908252
-0.97783607656028
-1.32221004027896
1.73838276196231
1.21777366125768
-0.241140006460346
-1.12742093872801
-0.541625067001012
-2.05473610790763
1.19820514696593
-0.634182152047606
-1.86264950189302
0.00156363558973038
-1.19051185618943
-0.0634056548237453
2.22166967799152
0.807361684582827
-0.150441466237856
-0.756246445787301
-0.131926319342058
0.515999101795531
1.90334310358906
1.54000621507627
-1.18003874078646
0.0863401644438375
0.298775685799482
1.29537192559366
0.464802688330161
-0.671965611400242
-0.704726930178862
0.00317167588085088
-0.767961587445802
-0.633496547563831
1.52705445666825
0.953614844240033
1.51986075734743
-1.3581358046964
-0.630213051958506
-0.26810946082141
0.708311575059978
0.182846053567769
-1.14228297894215
-2.10595957312428
-1.77582838439998
0.567930559163316
0.818076284449524
2.04877212675503
-0.115896587367471
0.265546502044153
0.483279240154621
0.2588197067793
