y
-0.476393713597066
1.66033100442276
0.709150736921137
-1.70828556949117
-1.04141689715824
-0.171056779327465
-2.62729246196076
-0.090480789732945
1.67176997052496
0.347107970079988
-0.439348681695762
-0.613314884624853
0.00620427237392812
-0.578710950083307
0.462252297973859
-0.39079361768513
-0.616018397578247
-1.86706957374638
-0.250655025606563
-1.4758946201847
-2.46101526366885
0.653443328712403
0.700835003287139
0.324735861050178
-0.649931405888482
1.30784557393582
1.51425217141933
1.15411368773719
0.476229139597983
1.14778133731081
-0.995253843151497
-1.41649420063796
-1.17608328905546
0.362257216298441
-1.08104832928326
0.208395197707052
-1.79675172851272
-0.0169237173912888
0.23879457160923
0.614339210512428
-0.199162980684254
-1.10906159890357
-0.96395347381571
-0.42194908729794
-0.477038792700554
-0.212396016993551
0.148296967352072
-0.171678407639781
-0.797688112518112
0.539426172552783
1.44840110883287
2.29448868077618
1.15912506160662
0.0979605606054558
-1.81416911526642
-0.422515487190756
0.271717382918138
1.40186359188597
1.28690834931695
0.979026781356932
-1.12851761680147
0.9092525749963
0.751158690736309
1.64914948840864
0.806652928459889
-0.748818290634519
0.187693286341809
3.15931619704539
3.30650073476239
1.20754044032267
-0.403626175817013
-2.21974739791132
-1.74922079609312
-0.463520999777467
-1.58203467448014
-0.740538670035471
0.992585341478563
-1.08051517978464
-2.17755898088537
-0.126216339180864
0.831217752139762
2.00970196275873
1.96225856972596
1.5116625497209
-1.73171120943279
-0.0142555180666263
0.269041700716208
0.116356287405569
-1.5318220720154
0.65339894285392
-1.21214147476233
-0.427800686666093
2.69791620145253
0.10160655042196
0.124845124597094
-0.567015637605798
