y
-0.60982447231023
-1.39395433919181
-1.50039532728105
0.722531463144993
1.24366338800026
1.6122724074511
-0.250289938543592
-0.76864679701523
-2.06311858838733
-1.23939229881629
-0.475754305339764
1.47781696686399
-0.574815515472117
-0.184811499720403
-0.989241299613866
1.89170725267664
1.9975320059196
2.13405454586641
-0.245546170935518
0.186714707118545
-0.636173501716742
-1.04533014354447
0.770448984736053
0.455056958084673
-0.0830152661751135
0.480921505706418
-1.88180006619462
-1.23904289271245
-0.377230434303866
-0.796715655267222
0.939249615676864
0.40672195848292
-2.78677600464258
1.16644456399745
1.07643562473784
0.562002346102186
0.706399814066305
-0.833223615427717
0.418513762094423
-0.469654889190285
-0.558055333497528
-0.475312747848269
0.378047454933504
-0.230689788413445
-2.07385237906725
1.9264240033873
1.95966436394179
0.822162365055665
0.461690375524132
-1.22998298691777
-2.75513133662473
-1.37617345025212
-0.162065053113002
0.075749646362538
0.15940364360555
-1.94971811960239
-2.10773578523649
-0.345772980700913
-0.736733004302382
1.74424354154885
-0.784927018323096
0.264650131823239
0.690950683711966
-0.792248842735547
-2.27956035549547
-1.22557030906297
-2.27507889041075
-0.834067241408775
-0.197960317165077
0.393313765533261
0.413014321053867
0.697058055875573
0.139493226808346
0.240461579758308
1.30840582098652
1.34259041452512
2.65711123792882
3.12917966042931
-2.33775837584459
-2.89062688498245
-2.58716905437631
-1.19581466303517
-0.479952016291389
0.173829234313777
0.823105089427534
0.205120602062248
-0.548266917214699
-0.838497580988786
-1.33034803129901
0.385433471418557
0.60402704327789
0.592493709951004
-0.880333370837834
0.274547652826674
0.0459516542344813
1.32189411391911
