y
0.267291512622047
0.220045806583169
-0.819533489498945
1.56561670468435
1.91931226284181
-0.317573316390318
-0.162461610621456
0.958663054045716
0.750554799745478
0.0688992407819309
-0.826132801588418
-2.52073403293845
-1.67344096413153
-1.37428471770424
0.357024909864833
1.05765209890676
-2.6423586050866
-3.06274998503342
1.10163754819619
-0.157813308663189
0.430629337692914
1.36263615270768
0.962828890589304
-0.367565765335367
0.434647813814452
2.01253148784532
0.686234760819179
-0.509034550793531
-0.153935370236432
-2.0420024825622
0.786064897313645
0.480366695799477
0.196865151932143
0.211007680997559
1.74249252714292
-0.763461886836773
-0.222365259540624
-0.240891626629853
1.74857559458294
2.04479792473325
1.01058145720164
-1.20080904448991
-1.57962255065795
-0.968654150967651
-1.53446461547574
0.870444375478889
0.00117367753786141
-1.53205381602471
1.07262779390665
0.620652998852327
0.235010820274958
-0.213928304487436
-0.462443400190314
-0.982635630830731
1.49970893334687
0.101659892201459
-0.284594666760824
-0.559403339799752
-1.11468723747715
0.0308586809106123
-0.835280832226617
0.0842608717884476
0.145452769202201
-2.89833583217648
-1.03532116775211
0.230450416733243
-0.721598979028246
-0.146032444874554
-0.987979545953052
2.21606755484975
0.488222299249606
-0.13366525665275
1.11941464804606
1.62504536848806
0.740194565788211
0.990297258432272
0.860842888914975
-1.9428047924972
0.421083614736658
1.84967415762485
1.20744433894251
0.366927327711539
-2.18391014767906
-3.04034830079297
0.135615359153503
-0.105591506131544
-0.271426583841537
3.79447793007421
1.64933702885186
-0.877822191704235
1.0792403131849
-0.164369780122974
-0.559003547770712
0.645424851687422
-0.446521057737507
-1.81892054971953
