y
1.01691183547153
0.670902819818688
1.27118354626019
0.322468791652155
0.465901617365104
-2.55682047013366
0.888454471500714
-1.31393357392249
-0.776869037279982
-0.631848012823586
-0.722405585067321
-1.11564570379121
0.100147593858355
1.34975194873592
1.38156206902411
-0.109076961372791
-0.485394981858984
1.08095204542052
1.24807115790732
1.27304350077833
1.41432225193935
1.04488887647418
-1.31779543185261
-0.516581386704533
1.79648357195466
1.88343462707541
1.41846108663958
0.411746730962541
-0.164257143379551
-3.19964038487539
-1.14632873875829
-0.652283594975486
-0.0204313087016674
-0.207874598696362
-1.19189817632909
-1.62564879078011
-0.172540917227155
0.183930227015634
0.364708639596268
-1.18402363661435
-1.82394920906395
-0.161145794156762
-0.334617196022134
-0.143735970202226
-0.923378102728484
-0.961175871307954
-1.21604890219174
-0.00540824094917913
0.768247372507552
0.575525502209165
0.764724119909017
1.20805231341165
0.172290535828133
0.289403802175918
-0.0930157569913801
1.26784021434824
-1.04460035959248
-1.47165129322093
-2.38789749502089
-0.664579539936605
0.647826807631528
0.868891199822195
1.0367911429496
2.05568526396639
0.783499008653581
-0.89813921302233
-0.438098246198711
0.618475214375657
0.543826059996274
-1.33645850383718
-1.25644119188751
0.438745377844795
0.034702025775025
-0.0643234133364149
-0.0622504225134248
-0.816359007236025
1.06434749096985
1.54854221645613
2.10619181354275
1.07617765388191
0.404142516728436
-0.168229035558948
-0.853270918760294
-2.70397392235925
-0.551243882223146
0.80699806699054
0.751543583872111
-1.34373233383757
0.606314942894077
-1.83946259256471
1.5645877951248
1.61789099264881
1.25147920005154
1.07935919958906
-1.79588072846339
-1.06906326527708
