y
0.299874489144169
0.873852552034924
-1.3385987301706
-0.60424654154176
1.6046973599492
-1.79350144872949
1.80320301142586
0.0320979826147895
-0.0497979794722941
-0.418159727184352
-0.428305838318465
-0.454300652681467
-0.406149134580179
-0.779234788934179
0.34352978324098
0.293390765351694
0.782464448182365
-1.94982100303706
0.657098028918167
-0.477670988510616
-1.3616033099086
-0.0980891991097505
0.415085386227347
-2.59434424794365
-0.0161201165051205
1.06903047340083
1.33101243942424
1.14817564210837
-0.356487678004066
-0.939677804718014
0.087602971949284
-0.0295162451879891
0.59967226298065
1.35610777253396
-1.06206303621295
-1.0870674776221
-1.88501160516621
0.0936191530635585
1.30224162989134
1.15775468703225
0.20014235308774
-0.566200297946088
-1.37663088817218
-0.315322321055958
1.30051736082622
1.09369945283239
-0.472028613609034
-0.274714412890896
1.30598425701867
0.646433983020068
0.304163966586014
0.800766123497881
-0.216385557913033
-1.67293842565281
-1.16015853384228
-0.58191543400918
1.18383376789628
0.826037483631783
-0.814948578437385
-0.592641314511043
-1.80851673256961
-0.260404776863611
1.32106170475008
1.70900453869432
0.232283061613731
0.172486400112239
-0.167813811648558
0.380624786893568
-0.259731147974093
1.26635647883572
0.288133120933159
-1.56807453296613
-1.33928633971828
-1.18683451992199
0.88308325702279
2.00118830287707
1.48395330494689
0.295034121551194
0.515564202199174
-0.00456613971756925
-0.0471694202167761
-0.798905220852194
1.54239873159843
0.591489626888292
-1.2436893146135
-1.76878688294233
-2.0032028302722
-2.16612570286866
0.669099729191817
0.19772272843668
-0.871693899975258
0.109703402872145
2.0879860283344
2.69172676203137
1.25344013806329
-0.935976811017827
