y
-0.223661890259246
0.835261912207603
0.348687880535475
-0.105027658501556
0.776298758328019
1.55606173493718
-0.196366057768747
-0.834422625752447
-0.497139945774521
-0.052384443163167
-0.424647572600306
-0.333676876918734
-2.07591077151547
-1.62286676088916
-1.9494503888028
-1.24262754868257
-1.07019121478177
0.287582911678817
0.193437314041779
-0.546454521024634
-0.0877141715997687
-1.70584346014303
-0.53396590969527
1.71340525652316
-1.21438607455094
-1.42426187857116
0.122724466602273
-1.42188142046132
0.329886064333706
0.901434664951245
-1.72349405436405
0.199298206642965
-0.956995424600764
-0.221240349818601
0.741201509977217
0.938141241018122
-2.56684976101223
-1.31792971318534
-0.239173602832803
0.969993533064177
-0.00190940305393941
1.23091280577273
-0.837808350056467
-0.169505070047824
-0.905366753467623
0.177164002354721
1.59489005113988
1.83104180529516
-0.21591024216591
0.593202823789231
-0.181689191439975
-0.671164374187634
0.312229370404695
0.272821694078693
-0.632351656179051
-2.14362222032612
-0.76147018767635
0.361622818904491
1.16000746269496
1.5510874307993
1.28125732705392
2.13391817478557
-0.156679699002018
-0.87320874884615
-0.813318705606751
-1.2932280651136
-1.26349738135631
-0.571010770174
-0.493760734653307
-0.827479987665013
-0.0293711137223142
1.84170944367553
-0.355317923878937
0.849962919268578
0.354848735065563
-1.56841882196188
2.06588988970548
0.44936392820387
0.0196587724971853
-0.518908609262656
0.0793075833930231
-0.943719609065469
-0.996418755455169
1.00522994147296
2.00944453709586
1.44572392344864
-1.37402495103936
-0.230630746663702
1.32752445692576
1.67094558882328
1.08662053395619
-0.0807778227465976
0.609904602640486
0.795236993295767
1.9749077190192
3.49928320168207
