y
0.246457659504388
-0.809215552922122
-0.361097444758142
-1.02002626480029
-0.732695021838938
-0.643973227934327
-0.951277409990389
-0.646930950267153
-0.142924765105294
-0.485236023559838
0.774700501228577
1.22942237004101
-1.50976139201026
0.350377356574295
-0.180430015855399
-2.0261578040522
-1.83078696001491
-1.35739788721352
1.61164166811192
-0.333550201828847
-0.143954049863423
-1.20194539472023
0.224365831215473
0.276439728524518
2.13880614839087
1.21459475248103
-0.715694285796568
-0.546465487143348
-0.681417316593545
-1.61913652780462
-0.18548364445583
-0.673849926414766
-0.214378796820239
-1.77591262464419
1.15851940722667
2.42053514330323
2.04496944255633
1.11824246027746
0.232228871059061
0.384759303720081
-0.717608115711024
-1.78635257368582
-0.254711264663742
0.740422445938752
1.63036148662796
2.7715181961459
2.39732912750221
1.5204526831332
2.16448492430135
1.41657327053107
0.400574368647077
1.65037608469508
-0.381861589479375
-2.54840362499136
0.562026497229213
0.623978606622335
0.992974507514952
0.489993192153282
0.340693647524279
1.64778695816788
0.239832754680415
-0.391477083342249
-0.392870631218748
-0.900753162332745
0.617790999760253
1.6723179372745
1.55387613036663
-0.0375893761565526
-1.03509771142344
-0.568105843006281
-1.17828317400813
-1.62507970995878
-0.206795132808696
0.592859289302327
-1.03190747120633
-1.89017583389075
0.0140523822343679
-1.11983854404069
1.60522215344707
1.21958395927314
0.807539764364151
-0.306468599214585
0.422935195456045
-0.172172205690615
0.717958365837761
0.413723914178133
-0.715569339242287
-0.296535064140777
-0.863196846005917
-1.00978219847907
1.78104506477315
0.255336829110548
-2.7840936923768
-0.619968267224918
-1.54891378336147
-1.5163715669384
