y
1.15821694297248
1.32432183984011
1.05236703262309
0.345795638040653
0.805077011505998
0.269766295196288
1.40752928871636
0.955974113123874
1.22883170231413
-0.657779431933084
0.513184721537924
0.922361147394167
0.37890674258073
-1.3367017979635
0.140943383862104
0.00770864063785393
-0.854987158774033
-0.269194681079081
1.14340995987157
0.215472315888392
-0.720911313468897
-1.31072607621419
0.204385058381028
0.248199959631542
2.10250564854174
-0.335887880996239
-0.481900381896125
-0.939951722181536
0.344924713544744
0.777631931399814
0.217589599079646
-2.08216863108434
-1.30852935503267
-2.45477623500649
-1.4977240420377
-1.14111909803236
1.09612123776889
2.87386580207927
-0.106267017001359
-1.75908288533924
-1.60720145237981
-0.0763145153426598
0.731279694404263
-0.247918364483141
1.85410293011613
-0.947749344863626
-1.20550790307924
0.547799431174272
1.4868994337131
1.02289577982106
0.531888118432706
-0.447651539358577
-0.851752639911882
0.419191639703947
0.627766573594288
-0.220042904056299
0.811793595594399
1.34159460167058
0.351053207053678
1.76208528778627
0.267074561993078
1.4278284796546
-0.61378138484748
-0.092081329258479
0.779293145322542
-0.675036857215983
-0.885968378148746
-1.6548836148263
-0.467717810324756
-0.542024118339927
-1.11677139838624
-0.137811635308263
1.00776468053956
-0.477839043909784
-0.972842120007184
-0.0850443801955413
1.98503633460033
0.880714013912929
1.96832915977531
-0.351563942420048
-1.16848906153361
-2.39951742862366
-1.61649337494935
0.634212855573117
1.98309516629247
0.4314755965131
-0.297404788548286
-0.170401115307416
0.0696075777286382
-1.97120948865551
-0.239203983692795
-0.966064422613704
-2.07174864182757
-1.00490436354919
0.360304226983945
-0.177527764480795
