y
-1.12188150641801
-1.15730906029327
-0.917706983943879
-1.06352349655105
0.037170054200558
-0.814564743921214
-0.515126180621018
-0.957350574425283
-0.629506960903857
0.847930857141039
1.54195729401165
0.405480784692731
0.291632282858081
1.17193771510821
-0.705473573190148
-1.30097700931626
-0.0821910178824623
-0.570849651179387
-1.00594890545753
-0.739683430293981
-1.9901800555779
-0.626643480966878
0.865729978100108
-0.354420672621074
-0.227797413791725
-0.118454126333496
1.33796574035105
1.58710988693339
-1.2668521077121
-0.834233646447049
0.197531533811632
-1.48276273045015
-1.3035984279951
0.552157008916267
-0.0365248836180103
-0.228454910473069
-0.139863311626236
0.243825012733649
0.065260474482695
0.943263130284575
1.21081876826878
0.615311579658524
-1.94592636449201
-1.712449307529
-0.563039113610644
0.620399747887796
1.26451037421396
1.32043198718246
-1.77475353021869
0.00300958073523072
-1.4222187524577
-0.658795692880314
-1.47404209742471
-0.960126920814099
0.439709456509868
1.11309235215898
-0.542360277823963
0.996353167905007
0.778179372413367
-1.11602791484175
0.968344090139352
1.10235693664209
1.83213261505997
0.542607851019252
-1.43256127620599
-1.05438944195111
-0.877536203196192
0.0864398417273007
1.37990325963211
0.405452211915233
1.33324620208521
-0.463135467984411
-0.570724961705754
-0.895263920184908
1.10264821973086
1.80993465708031
1.130233927038
-0.115397279618742
0.437107241023248
0.78539696233776
2.16927433941988
1.90161643278293
1.66016474919698
1.05327276681222
0.970244550481143
0.080373079747019
-1.93603244100588
-0.625056227967104
2.08300207373436
0.853384673825988
-2.15685401244275
0.191331865138879
-0.319988753203157
0.012288621408898
-0.054727471191921
0.521760982222338
