y
2.16060025816625
1.48896068406705
-0.696653934576469
-0.36364283936921
0.418465011007089
-0.628688751280327
-1.40191920550438
-0.956891077938199
-0.537304108415579
-1.17466973636429
2.46213871734715
2.63363284147981
-1.7774171490956
-0.142332166000881
-0.108900939185452
0.984806825692818
0.727810387617563
1.16024345866648
0.765102263583673
0.695743081687256
-1.44323249597019
-0.441512229992771
0.533185081577476
-0.452943905655239
1.60905065364421
2.58659247323271
0.163335447574929
-0.451103762468842
-0.237226453582883
-0.195831324628004
0.388847207339333
-0.103634788662981
-0.698455304172384
-0.466204486645514
-0.916357644989562
0.285910398612774
-1.32831420148169
-0.969226080524525
-0.895701082402232
0.00806345636429739
0.230349452948016
-1.2346411459816
-2.06702882801428
-0.0705560539398653
-1.61889124511738
-0.788993987693054
0.52634734731844
1.45387006920238
-2.23449158224002
-1.51890789149987
-1.46974651636422
0.0713037152757567
0.886066665413838
-0.170235115795984
1.9475980483593
-0.385154002790811
0.583483079280816
0.316413731140742
-0.389558605285111
-0.550734240534772
0.682569117814812
0.847952474938954
-0.256592426846557
-0.360426717575242
1.81255768870039
0.934272413049666
1.10593899075308
-0.395174498464557
-0.993753663572644
-0.478597471917729
0.836214327398759
0.8128592174723
-0.38651979655273
0.268744004825011
1.42318515221112
0.241945378710066
0.245536943182071
1.65026296170901
-0.590482307818289
-0.784567458664996
-0.725508620514564
1.36146205350103
-1.42538779280603
-1.06665148218978
0.393947952804635
0.301727356145548
0.479377778180724
-0.17807359526026
0.134053519977803
1.03001838153254
-1.86662784045508
-1.07540660563834
-0.432356969591585
-0.357858001860843
0.845863602985637
-0.235321538599885
