y
-2.09829167417697
-1.38410654621629
2.03831783069709
-0.478196529875959
-1.40316273599781
-0.192619954941311
0.0478441119642022
-1.88739321774378
-2.69311579118571
-0.350773376079411
1.22019615021626
0.668837047615171
-0.605164304977518
-0.120060426234835
0.786312010634571
1.418542886333
0.447755224586796
0.933969806416483
1.23942340600709
1.12369687735667
0.393390077035079
-0.266905391644568
0.736457526659571
1.41867056258643
0.215977065991035
-0.644609768561227
-0.409921810655555
-1.97011362510975
-0.0915106222831076
0.466627039741832
-2.51810168180343
1.58080137961999
1.89634359495687
1.481886814194
0.225260567364943
0.302075616618842
-1.07299699751166
-0.836839526728188
-1.0518836310627
0.0425236584592058
1.01842934768732
1.06232264133593
-0.708219325949646
0.259160457605724
1.02165687633894
0.524686268627907
0.0244889434313164
1.17057117857657
-0.566974051633121
-0.156222891946597
-1.50085598519168
-1.01992964518516
1.3630654424978
1.1801760565806
-0.460329031072088
0.269302424265791
0.684049970416388
-1.48819113769854
-0.237326508584587
0.0734890123368571
-2.49494871339544
0.0414506685868599
1.22009255176857
-0.0844846070733923
1.5783369869374
1.05205534605024
-2.56855643798888
-1.51116532922649
0.342831660934505
0.826647430172696
0.207321998865186
0.252398234809385
0.914934555693159
-0.432306565324679
-0.659910075077669
-1.36191359267308
1.58196854996736
0.917481507499234
0.0993881813964797
-1.52593511465697
-0.0254871539083316
-1.16487214369718
-0.129643418787018
0.723745645748716
-0.244421302130346
-1.55410549414248
-0.330447396563382
0.415378314311027
1.14719456939717
2.15773317136702
-0.517435639748677
0.370575081113371
0.693623215741817
-1.037077144437
-0.323257936778536
0.300318710544238
