y
-1.78160624847644
-3.06605750147284
-0.923532907939879
1.3776100585258
0.0979911925558881
1.11899104772641
-0.784110249254677
-1.89457833996099
-1.84649831413942
-0.0673008236474852
-0.0585452821226118
0.640363455939194
-0.249425639001941
-0.291763208538285
-1.39887662891068
-1.18915033840338
1.48076766217327
0.698345250320902
-1.45942790917755
-0.395440977196763
-1.30049252431953
0.434906750220067
0.295927049558268
1.52663035136381
1.25200566283135
0.113849830192085
1.28097325917514
2.29367026073863
2.40835810625138
0.352660397346915
-0.736188500799786
0.254962063462141
0.422288279087824
1.17739756420554
1.24824716641368
1.68130698486018
0.419747058294623
-0.996054480502527
-0.252347273137736
1.14605148548352
0.926364616814654
0.975724107150789
0.485856206675327
0.674988190735832
0.357844443289912
1.249397526052
0.24905581059209
0.397052798669668
1.06727482718224
0.743646271847383
0.660976353276213
-1.43758352569041
0.421823840593712
-0.539516556389194
-0.787477195650916
-2.50044904038567
-2.09898211012774
-0.658062726488732
-1.34493224386639
0.636347679877152
0.632592651112811
-1.04725950498803
-0.961442082741039
1.65225091382362
0.111142529429402
0.35237871119236
0.325976294449187
0.773972463497472
0.572631030245405
0.0719065360803747
0.800439838781363
0.0876986803285896
-1.09251774266668
-0.909134869862078
-0.548988970556392
1.41094910690082
0.132704791312856
1.10426551150783
0.788388603565681
-0.634602619373698
-0.221738261335246
2.05824885076569
0.523815989883602
0.330575303567007
-0.270065791429618
0.509963399190408
-0.364847230152297
0.381949536330439
-0.568879566176114
-0.416095001515861
0.334037518497867
0.239909326812367
0.613326595948357
1.33689050094227
0.0114582499021539
1.53398553350163
