y
-0.749031986082771
-2.10563464753965
-2.6277895769068
-0.413957709191981
0.842944748695015
1.64393844890835
0.0432582530513491
-0.977663143299152
-0.119899812080278
-1.08120673113825
1.22148867608195
2.85582945182449
0.293513397033464
0.958708418584836
0.0483973669539269
0.414634305636005
-0.268745864777966
-0.432268361494338
-0.959386567755433
0.0324552430457214
0.152010153338893
-1.36573156985449
-0.364239585417512
0.924800920748291
-1.31039391254383
-0.907394249740157
-1.9753902747665
-1.0493699326063
-0.168217958017258
1.82206127155166
0.408775386216911
-0.818588263095855
0.657142169106399
0.489280800234687
-0.660035802912362
1.08047906012295
-0.07094543201684
-0.113252529812713
0.379996798294311
-0.110442900252345
-1.57536061594446
1.06215948932511
-0.742864025330651
0.204418804977417
0.0873348047892563
-0.114452914725003
0.952334200203412
2.49046467910961
-0.321712462267256
-1.44011101039117
-0.272084039614681
0.88434094650692
1.62258326245531
1.74493626612037
-0.244772021173448
0.157858053869571
-0.170473491190349
-0.6824346178024
1.88996947333538
2.08419209105403
-1.61633254809684
-1.3621851980954
-2.12900758954842
-2.04386263528882
0.187570049208427
1.73634538235345
0.327020304897931
0.252380754272368
0.81007657054146
0.206246953854914
1.07872883395994
2.08317259084663
-1.55371193748251
-1.59203869774249
0.80265113897329
-0.86599894521011
-0.188933002686061
0.805567798565264
-1.69012096812914
-0.0562986529983645
-0.656989042471276
-1.30429826503992
-1.69944552223572
0.574945425511071
0.462908311950218
0.289522959598637
-0.79896671730553
-0.653351638900784
-0.776037324790361
0.212404850058443
0.0889124499523451
0.935706839179415
2.05718893926071
0.6962542099851
0.519530367834215
1.6239890237845
