y
1.59340648078805
0.32806519785226
-0.564533126945029
-0.322990746400655
0.646446915851066
0.929639165692754
-0.848107385913534
-0.0895384414284552
-0.999195360850501
0.225200923082541
-0.527486417474543
1.87376951585022
-1.95896904424451
-0.069282092019701
0.306588880651544
0.705120328415266
0.34784434211153
1.94858901117147
-0.852276322267882
1.28861684321357
1.71780086065066
0.63462621156713
0.242723940483465
0.769267612511746
-1.00267381145035
-0.519370497698823
-0.0155790015914234
-1.05604183593229
0.379576803438932
0.0731080503825663
-1.38305853677729
0.179053795905377
-0.590126755508217
0.17881155882797
1.32758761935283
0.154166916391228
0.556866969135702
1.25816481202674
1.08907440944373
0.935008602884774
1.99629393501796
-0.183277235375904
-1.92458757527053
-1.38311177988882
-0.330855311027516
0.924555178410457
0.352063308213848
-0.319434201941924
-0.841001223180867
0.720590938383649
-0.779881026878517
0.0608210928049202
1.46136310557042
1.01021933269648
-1.33842893303332
-0.773031121883542
-1.36358847681802
1.31067440876918
1.37115117417774
3.00048011011518
-1.12230750008638
-0.0934801459393475
-0.531348803938275
0.273246149682291
-0.0817219316815384
-0.455512576053904
-2.33215463147427
-1.53687577217777
-1.35707786711903
-1.82148734856051
-0.801241029682851
2.50505226871276
-0.320446115214877
-0.404402250460972
0.910013886977678
1.14667307712104
0.634680087908595
-0.16483276466462
-0.391613872745767
-0.995558750484369
-0.0418764250365054
-0.335305289906479
0.509141546842261
3.04917427253795
-0.970795957239085
-0.52858437561579
-0.742921136333513
-0.0376451289396631
-1.55101074397182
-1.65424767612971
0.624503269325101
-0.992550775449147
-2.37752900724359
-1.23861323580219
-0.101709003211741
1.46945346601526
