y
1.78325651352789
2.07874962203265
-1.41816834156929
-0.900515282079074
-3.15168037570854
-0.354025298034349
1.49375931716333
0.546475041757583
1.07133215345313
-0.293272782312828
-0.80930786867271
0.587266223383043
1.15302564965447
1.21150744722608
0.546105594127091
-0.959601653253024
-0.74124673276056
-1.75645327032193
-0.388591072974504
0.500202167885013
0.813247237054551
0.412436333974916
-0.112042881756973
0.38476903589341
-0.0148199873151495
1.96647283303868
1.30785567533204
-0.85020051076262
-1.36681167734288
-2.55207417144618
1.00773873779607
0.11759428801317
0.962441054191982
-0.928932153736325
-1.26422471979926
0.497406557692568
2.54087174773959
0.41507828064915
-1.19950317659064
-0.484028260897145
0.0790985927699797
0.241081676516153
2.86985883114588
-0.198594215470571
-0.638291369888806
-0.615614463136931
-1.93539292464478
0.231434085017075
0.562054330475435
0.700182889679515
0.0515118309748504
-1.78699414137572
-1.80209824788514
-2.35594543293579
1.95777633848006
0.587214449122052
-2.60052990943035
-0.569560568059188
0.971289636571693
-2.06727092454691
2.0258815109565
-0.589315269809091
0.0928785063378963
-0.0940412035767354
-0.0649366814056845
0.590161405977424
-0.504131746676147
0.717292993561054
1.66566024683544
0.18447708467794
-1.20999998627647
-1.78871662771221
0.146560834379956
1.00383304135214
0.201947259057514
-1.05411465739601
-1.02995590916085
0.131050582075359
1.816813564879
0.81821757706616
-0.639810256389273
-0.436603696013778
-0.236437656042444
-1.27191393733749
1.71351013108727
1.86175562079045
-0.028976225854409
-0.965565789626497
0.258616228793549
-0.524977505950176
-0.262469553274229
1.23061277701269
1.38730104328481
0.463742033353057
-0.30742583284347
-0.834221663764171
