y
-0.449681889458792
-0.47246547368263
0.660027102973568
0.993745993883166
0.241225171607125
1.09680408393685
0.178560204499869
-0.00255847397351594
3.01344845419693
1.34897277840307
1.30154036823135
0.628849257855784
0.492500641247537
0.261211518064383
-0.530173109751513
-1.55589906435619
-1.0766277735935
-1.50220622701746
1.09782562083746
0.276018617590613
-0.666963535218826
0.444808552731479
-1.55957022829426
-0.49144639360681
0.992269431042202
-1.13562409564359
-0.584909027123194
1.13255517072284
0.63883035287142
-0.291828514313956
-1.23438273678993
0.943301476606379
0.563837768281976
-0.633107473916269
-0.780746268700084
-3.00804634739355
0.314353774864005
1.99219328941437
0.761477531587772
0.191595860501576
-0.380867497577585
1.61353666811613
1.21413304021435
-0.302635080919893
-0.85064470934474
0.998958664748003
0.825377709891338
-2.1574814174972
2.46385859579011
0.526568037909436
1.03699619181757
-1.12699911437407
-0.17750894498052
-1.87488868485423
0.244007448906603
-1.06738094422592
-0.847551713882077
-0.486729794712895
0.313652357227596
-0.0506071549087144
1.75016370156398
0.79265384967071
-0.812510040569607
0.221569292198183
1.27668574007213
2.40751252919985
1.66146465610834
0.910659427212869
0.483345722458256
0.981133264160181
0.396910541038085
-0.273228744401433
-0.028286237242147
0.0118269918671899
0.99397680786491
-0.121852625503404
-0.956547355986981
-0.169735262561332
-0.48676853434043
0.380318350041465
0.847569807169057
-0.750493783391737
-1.97562464346366
-2.24663946637024
0.161610349916975
-1.09327095402732
-0.854716844269712
-0.623753743686258
-1.02428402813168
-0.701326585596118
-2.25575821445894
0.809217145635469
1.24061535707079
-0.0537168879957651
-2.07930509210583
-2.32292453560677
