y
2.15458560669623
0.185749771627766
-0.0790848738180989
-1.06623524386079
-0.55727327695544
0.569236385812347
-0.100543157951763
0.831011922874351
1.03235217078177
2.10276861547823
1.42822184705161
-0.687589597733119
1.39572535589418
1.40861263620283
-0.0863603938126484
-1.55083127239664
-0.996504951234445
-1.17905557061778
2.67584848005583
1.73824331564777
-0.203662493849721
-0.160158311055782
-0.47663774929196
-0.683776071012756
3.59136392401025
2.54149664711724
0.0488651869355753
-1.38722443326405
-2.07127554511853
-0.00551606322109038
-1.09711559429185
-0.0800602924858152
-0.0795262058609789
1.8971299062906
-0.821197039003416
-1.16660144242217
-0.855688621092377
1.50702263970695
0.357640454495559
-1.26520961387229
-1.0537648660821
-1.77776209502549
-0.118282705470719
1.26779366433993
1.24621060942532
-0.79229549436705
0.13717542780991
0.685551005778586
-0.311621750388057
0.394013341979199
-0.223339031853928
-1.59745328418784
-0.85814504268044
-0.727545043103619
1.23416023586692
-1.10822317534274
0.0797171960155594
-0.500197550535201
-1.33116747026573
-0.39792931841685
-0.483050483193827
-0.655158044272388
-1.37002626882193
-1.04630766796297
0.035310071807548
-0.806165925797362
1.52072735742953
2.59013495008564
0.654740172166061
0.157406059470643
-0.995780420677125
0.72480622139212
2.88272074386355
-1.13893689355065
-0.517754844520963
-0.609527052575845
-1.75501032514321
0.251616245039471
1.61266939230753
1.1911268783897
-0.586051164748883
-0.148156859860681
-1.52368101154625
0.863847804921606
-1.12876047161726
-1.392171858629
-0.979931749543371
-1.13520809063702
-0.0259315470448601
1.05817191709872
-0.206185239008087
0.254333876202477
-0.145859519100784
-2.51037391252625
1.19483095502389
1.11194499962901
