y
-0.350668693838689
-0.0464826628994611
0.429433239824628
-0.0018108904359119
-0.237837597282058
0.195145119521494
-2.52745764962385
-0.341666741202828
1.17531739235581
1.49426667826482
1.82139402949836
1.63540010455143
-0.571787131827953
-1.67629610636289
-0.224668682143095
-0.595059288337704
-1.34691526713062
-1.65093302769869
-1.37651162800859
0.494589477435924
-0.000419864300336803
0.527521885585216
-0.346331592707198
0.282072139052824
-0.613563558360479
0.55704891497729
0.0132690434727485
1.19922888926957
0.928982118257996
-0.923087023939293
0.0708480076667195
-1.62903270269208
-0.264464851147377
-0.0866315017646287
0.478568239975665
-1.62113164840067
-0.144857215734785
0.168711149499711
1.23682624474865
0.657247030329289
0.138681206968628
0.852233309827849
-0.482218641567138
1.38710442783454
1.40894679821856
0.623770881247424
0.0189467842667023
-1.29331207588509
-0.628227642150239
0.148681868178476
0.348889455498098
-1.26548697217388
-1.17385235652745
-0.440022598047665
-2.51314485235373
-0.670286639936888
0.490904363001064
0.0887738332852398
0.146881150864653
-1.32618409088288
-1.58797843050945
-1.13566026587063
0.947383419764737
1.66752187826814
0.903828004857686
-0.236886564243151
1.4050038757371
2.07945048221764
2.2747826397717
-0.66709428127681
0.0150107647427503
-0.968515647652662
-0.0295692375103448
-0.195474755364495
0.236039417030568
1.13100188838878
1.17252545858732
-1.6569645641474
-1.67932193522491
0.0376982172110175
0.71365590870768
-0.253956612525532
1.41756774452827
0.128184575274063
-2.53183483515475
-0.798913964721611
0.701132774614541
2.81293265603219
1.53055338580055
-0.0570634680701561
-1.59715876570586
-1.42023370797344
0.539665620732266
1.78083863117949
1.13131529755978
-0.458798193170269
