y
-1.67350096573119
0.109967471517831
0.23846911711307
0.232813927761451
0.876020274618101
-0.933926310203469
1.28706241394774
0.43391883246271
8.89963104870883e-05
-1.94430185903829
0.419644288893047
0.641948710332792
1.62691461371463
-0.345584099121774
-1.50724184725973
-1.72158786128988
-2.48370280419817
-1.50321527818855
-0.0191974051958506
0.460733809860984
1.65183938147544
0.583778921137105
0.112669656621584
-1.44980309467035
-0.152566101540557
-0.775972502839814
-1.34559042192707
0.0994784989408848
1.01879118061331
0.885524296460177
-1.3331966184386
-2.22566910042705
-0.365970687762956
2.35058244064482
0.79659542108097
-0.455514495879412
1.66574618423845
1.47281227653122
-1.23009272635448
-0.425398209893087
-1.24025223490257
0.181997028519422
-1.75986948343423
0.134175301276403
1.26611318066525
0.996623573486939
-0.667845621825592
0.725184558971775
2.08450033257946
-0.454807849586097
-1.33981916055667
1.04882280139896
-0.178819498797522
-1.01755956299196
-0.910106653356039
0.233552701687868
-0.945028986821179
1.14646216862634
0.484707010861277
1.09906493927717
-1.1667640763788
-1.43936719429826
0.552932124001212
0.37736726857931
1.56057182431142
1.46770247784911
0.58709666685706
-1.17747675770919
-0.84744288317428
-1.68267515965303
0.474940428404902
0.933529857657958
2.54527018786844
1.14569234729751
-0.664884316314352
0.970547981145757
0.903630417815382
-0.779284426774973
-1.51125349138602
-0.0896619922977508
2.34528144439179
-0.0396521155625851
-0.125596680417175
-1.03260005268644
0.580296606732475
0.940041021099021
0.748297473637668
-1.0308483165536
-0.211640583961186
-2.9002619370484
1.09066582046662
-0.0539837037972537
-0.985542457457013
1.19582572119628
1.23741913291017
0.121364473852666
