y
-0.851403007333423
-1.74798249939288
-0.662346195941749
-0.789855117584575
-0.327789032600017
-0.899015547190823
-0.743524125425586
-0.929083526954662
1.17803775909455
0.43156458846518
-0.452297214265027
2.09857440192886
0.160971066734263
-1.67077733419454
-0.382377634796496
-1.5382221332842
-1.24039991380951
-0.24058203560458
0.246129845563081
0.376114281242931
0.138093089958985
-0.094603319735879
-0.964141380379934
-0.936252128978504
-1.07628951603927
0.539993896553639
1.90892690505617
3.05803932887698
1.9567477375611
1.63865080023093
-1.21319694348178
-1.20814435884406
0.826771046567292
2.32807084870097
2.20067164352788
1.27242603907548
-1.45492077905611
-0.566619125669583
0.488194009806321
1.23318674944738
1.00027681623122
-0.206823298447366
-1.38194018850768
-0.695612646555616
-0.620170603514084
0.904987810321752
0.777965946755437
0.243614040658918
-0.275020411418588
-0.666616582674711
0.374043992680539
1.40116144724205
-0.888549270447604
0.931622065603462
-2.31741358328015
-1.60665843207633
-1.34422665687191
0.0731997801973509
1.94997225364956
0.26648439572402
1.1388474738982
-0.918428831213699
0.15682877337412
0.0887032112672098
-1.42381297839049
-0.787746395585953
0.0428525892296909
-0.893218350789698
-0.54852180284629
-0.414346356545882
0.282989146574947
0.811824093827785
-1.78717570450938
-0.998890123529858
-0.952984416017707
2.23620612592038
1.36515173184735
0.161183323376553
-0.238138636796314
-0.846061064007796
1.38628961572736
1.92496882917012
2.05058610296678
0.428995365375384
0.0346453074372096
-1.16706794320651
0.314265171547699
1.68428468068103
-0.846366316739817
-1.0525822733889
0.850841423056512
-1.29774360965087
0.47739226086677
-0.776292641895501
-0.821561805101563
0.322445980972057
