y
0.0547753243232654
-1.41763809148335
-1.73611193114965
-1.01626371675334
-0.445582817394544
-0.286770776388079
-1.3085976691353
-2.05810366970844
-0.999620581765854
1.50248967225277
-0.071916756119873
0.244760910239353
-1.38777220801579
-0.516781471367732
-0.224587066724045
-0.705105088518396
0.121134699152435
-0.401940321500755
-0.841046395920219
-0.699732736979726
-1.84017533827524
-2.24848113338249
0.0834463478191514
0.309841798527866
0.0406594671360153
-1.08035178320239
-1.58295740965067
0.608496231716794
1.17752688366705
0.756120468520257
1.00089635101451
1.00082138340573
0.377664738310572
-0.753349302686227
-0.0628861464015562
1.6577191780682
0.412936408039118
0.387313616425592
0.383393951605607
-1.26417437240373
-1.18201412108502
0.540072690882789
-0.0902652636659805
2.43087093725084
0.579514641578284
-0.388689904799501
-0.845295106031544
-0.94679760731335
-0.727194257832769
-0.453579397248224
-1.668620519839
0.926618732909557
-0.220353989606326
1.72438926566684
1.52239481372034
0.986116386966667
-0.0108657270607439
-0.129824867373632
0.771828695299122
1.68558157938788
2.32827656451701
1.63796584050774
-0.144290629650397
-1.30298212515819
0.624718191745938
1.67607176197089
-0.436306297014454
-0.892562670490206
-1.5767365013578
1.03372959517197
1.9997633909278
1.3039806241348
-0.826603707697795
-0.633847426485975
-0.699019789402634
-0.205918801366703
1.28072061103092
0.594537823812285
-0.809638363995668
-3.037389114276
-1.3553282941857
0.142444434449593
1.3297708261531
1.8488878522449
-0.771140062535793
-0.687795638272253
-0.543402767633308
0.146496128808258
-0.422082386094732
0.0958690796640536
2.10341485409117
-0.263701807129483
0.0631142062134259
1.33097825134459
1.39956718393842
1.99450153491713
