y
1.21193529847859
-0.13770538499047
0.33804059863146
-0.761977867753415
-0.253273996233887
-0.967575678001121
-0.870322737997605
1.37379851026548
0.246744238517602
-0.684481812772479
-0.639984414409534
0.290658171003492
1.07499480627901
0.850530150746167
1.36274354816544
0.977540558683554
1.11561158130291
-4.11804107756451
-0.174441105883942
0.172500222507626
1.13811776815599
1.13199138218747
-0.110790726176129
-2.44810126064767
-0.0834692237173526
-0.343583523687272
-0.429689265495716
-1.00433376671881
-1.54300344083151
0.476931219862613
1.71266024590619
2.23122539454004
1.6278681342789
-1.07461830195739
-0.970906178559004
-0.0614449130959548
1.10984409227569
-0.718102539483758
-0.345503181372438
0.731387414493578
-0.717626575133816
-0.680316518576872
-0.406966169898807
0.130037284404563
-0.395491048891047
0.110908812597722
0.269026024237502
1.08300942032237
2.89824804611163
3.05410351546499
1.24992919941194
0.0611550744536255
0.590209590315353
-0.115328959386605
1.19635029510558
0.699972218105238
0.658041003786617
1.14769057097875
-0.625363715527608
-1.12427508153685
0.557355758731407
-0.67212254072701
0.573115291332032
-0.6311260954951
-1.01718706129283
-2.95556915199282
-1.01382552605711
-1.15755385305498
-1.4431443468322
-0.956774726973824
-0.63158998996857
-0.161755895537096
-1.4795646419962
-1.64417800003475
-1.83287289626545
-0.724436425291711
-0.801426481247957
0.478944071261619
-0.36206644902777
-2.20670215761391
-1.39513005589488
-0.203274718364942
-0.749955601892829
0.154919516594952
0.70513428611444
2.32003619775236
1.25758280586373
1.13105493841572
0.378337251466123
0.115988821149086
0.678136136565239
0.316916372222741
1.43470441274832
0.776408429591073
0.278677413474635
0.365858987002384
