y
1.88088864313416
0.379008226197529
0.277832110757362
-0.690403492401454
-1.39407038985682
-1.09891095930008
1.97064793808607
1.18461003947944
0.878816571081254
-1.29387267552738
-1.99074791219894
-2.32792802122607
1.8449475854445
1.16786760767129
0.677537756757528
-0.927943888258084
-2.07068807612269
-1.59585625310285
-0.92198322275023
-0.0112472733335735
1.37955733564803
1.11950187027211
0.60084096746889
-2.33834650256752
1.31249434241867
0.888865270737692
-0.371296015442351
-0.127173809451106
-0.113237028979614
0.436603481021676
1.26873933875359
-0.830966490043821
0.0122548429275931
-1.01480820189107
-2.16484035240599
-1.23885513532315
0.475229796785341
2.23019064621711
0.577552143483507
-0.185780240891523
-0.152886675469743
-0.57578322906451
0.494672413935085
0.217460588237316
1.63879103856701
-0.993242241898948
0.887816605700158
-2.41043275583305
0.276909202938514
0.334318915062983
-0.0843786536974517
1.21965677539485
1.67556149775016
-0.405204756601515
0.921312912591411
1.284501324524
0.868562989971041
-0.874855961563588
-1.00108825807526
-2.52526177368389
0.388789401101562
0.106701085876524
-0.46226915985124
-0.644657820623014
0.779663256845524
-0.0341924480611989
0.972933895235325
0.396547109798212
-2.1927287097812
-1.14019359192448
-0.280928733390581
0.988748203370632
-0.194610707112157
0.226906728539984
-0.618561261995091
-0.636905766540269
-1.57638364370032
-0.647391870900716
3.43484673830053
1.41323943063641
0.443954735604596
0.19462857203078
-0.0862795764874882
-0.577232599053521
1.133002813616
0.881709110616298
0.0471554168870194
-0.973673486155869
-0.453554716886976
-1.40640784104709
1.17220873650771
-0.0547011571904296
0.0424171796510028
0.718937733510315
0.329190605090918
-0.342368194571297
