y
-0.15375908748741
2.73665354283609
3.35364697813468
-0.980000296026533
-0.149595090916856
0.097822455865153
1.23324152437246
1.63496977396907
-0.262903478373962
-0.262768309065166
1.432612282792
-0.364080696592616
-0.731301125655234
1.11729630610052
0.611013449000233
-2.79264271554196
-1.61995970265477
0.0467229018956407
3.12546938715179
0.393814047339539
-0.364327610029873
0.245591417461216
-0.480942593964059
0.573764875476688
0.668402499629145
-0.176489851778727
-2.53890394852052
-2.10917588531712
-0.419889175674274
0.276553192491022
-0.928154188244857
-0.237313252612197
-0.383096686806515
-0.193531604840193
-0.144340395775313
-1.46057409071265
-0.154633415930253
-1.2901406203115
0.501970137564991
-0.050117811640747
-0.0267551548449715
1.57599307290882
-0.515466042379035
0.924836752588392
1.40122904425387
-0.31041893591945
-0.184020228327501
1.55434308105275
-1.19756380510985
-2.17780062215803
-0.0568054338948165
-0.78152376531709
-1.36413302418721
0.716996484642973
1.09572268554148
-0.374517969147241
-1.87507582521349
-1.791942200289
1.25585963526684
-0.155221051396348
1.95384334605423
1.42383415559314
-1.68617481639584
-0.233881819128052
0.412227504209406
0.316457115180514
0.714967215674435
0.941362939734343
1.55339486202654
1.8164366539917
-1.08459262954498
-0.218567988923761
1.44077045521791
0.659784407945232
-0.597326915381863
1.30509871829929
-0.397824590308455
-0.336658812536703
0.759241662018267
-0.757409865803994
-0.0856856969188151
-0.711228236374381
0.168165810716758
0.869496159112694
-0.0796706164399847
-0.514032436077446
-0.0798320426736198
-1.04008015759445
1.49830179197528
1.06211333509259
-0.618508109504365
-0.189763659210319
-0.653160837289263
-2.05114553549127
-1.66494387484091
-1.4096473280819
