y
-1.80489891393647
-1.22131048767465
0.467059028268386
0.911298010671852
0.669298402182003
0.00515084393850762
-1.44027279000593
-0.184684961125246
0.403051215764416
2.16942169697465
3.28924758203333
0.493059525625447
-1.14934257633805
-0.625090346186902
-0.10491470427682
0.779282827212298
0.35058309719116
0.162750875483472
-2.30960105916054
-1.72700866841744
-1.15295759996525
-0.704563391690723
-1.2761671825819
-0.605564703243809
-1.80261067933949
-2.1110356131735
-1.28431681059775
0.37201605792168
2.26722801919467
0.846071241808058
0.0878352044810886
-1.4530246971798
0.413407530133343
0.7273159527538
-0.0622328388992428
0.32891954315562
-2.5005636887365
-0.955423780384931
-0.710934431202731
0.0875616723959993
-0.0864455890243711
-0.803304835739799
-1.79678485876547
-0.221467741080794
0.0153871676393416
-0.839794052319617
0.395964403283129
-1.05195193423883
0.00457912112686598
0.359162673433675
1.13214094268761
1.44356473833477
-0.317170220986915
-0.766645138319425
2.10507648998189
0.570614654156246
0.838541932396717
0.840016942313814
-0.0317684934998235
-1.22523145182785
0.272452560680908
-0.230271976394606
1.11896172192702
1.13252250743809
0.169376955779955
-0.0533107799893579
0.469288474939542
-1.16828380373549
0.139007511470815
2.73239389448286
1.26049829849737
0.91406845301442
-2.15622633018665
0.358380868005047
-0.708029619852111
0.164431509252025
-0.459802401394713
-0.766915279957452
-0.965675275618427
-0.499050517742959
0.7908640658623
2.0932583480901
2.15937409305054
-0.19423957606911
-0.818317183983336
-1.68670688140167
-0.657771509307959
0.745011856552459
2.20863981968611
1.05627069150159
0.726488562272826
-1.27838514789381
-0.920482968406388
1.4851849706453
2.1044517365258
0.254019199635681
