y
1.48526015474168
1.17046501573496
0.554062686753751
-0.976119170239661
-2.04972324697154
-2.22706733825515
-0.631523984644507
-0.664656784559048
-0.422947423253654
0.566405723998544
0.756084361730896
1.19379927208872
0.509947802874974
1.35059303567118
0.406584655150663
-0.395919080611724
0.439182543165889
0.753461736394078
2.25939949074389
0.355451815543196
-0.884190994334439
0.148585426540747
-0.780594371710863
0.0772146027020924
1.07730429191255
1.64455269776746
1.53114144547374
1.0379729022903
0.558671511262199
1.69657675398421
-1.39580171369688
-0.026764792759301
-0.221828127931751
-0.910486439983355
-0.227098064255319
1.48573145036331
3.14846778969104
-0.239972016867009
-1.06818361635783
-0.532703762429602
-0.0688715312087947
0.129836915835192
0.0131293012962339
-0.872135242506559
0.617199314514713
1.33028117627292
-2.31044187416428
-0.711614727209369
1.51475065709928
-1.36792290519649
-0.287265454844486
-0.212876240893051
-1.02690196468783
-2.73111296695478
0.522282810908317
0.927332603939529
-0.986481879304194
-1.02132130357815
-0.579500909342421
0.934512096946399
1.99805725066877
-0.0875079910874474
-1.96496609254218
-1.34076837410502
-2.26975884452113
-1.25077127080723
0.677915924806357
-1.41172195345837
-0.654560631045589
0.722898102642272
0.708412530645276
0.491526032226132
-0.607940247699213
-0.516560072751112
-0.148331814683435
-0.413225514324431
1.02689636856035
-0.18780825346573
-0.874291862896193
-1.44814953228922
-0.368306637758926
-0.634354842544176
0.750222379811868
1.33975921376723
-0.293243710182292
-0.363771588012228
0.310187736801088
-1.4075919417767
0.0852088674301307
0.339819880578261
-0.145749331592976
0.738473508170295
-0.532108127041118
0.241914674612072
1.05803686150037
2.06794518772361
