y
1.76982136949596
-1.01578626376192
-0.135353980276234
1.16021224109799
0.930401644416528
1.4160612487088
0.0193635859276973
-1.52544559585034
-0.941773780243427
1.72535562300777
1.65141175690419
0.410083962697897
-0.896921502023744
-1.40911524194717
-1.04384164319402
-0.573063461566227
0.44978311397628
0.305337749699332
-0.840816571173432
-1.63406478086123
-2.71556839230958
-1.79560790933766
0.176732000250885
0.702472194075111
-1.6740610330785
1.0647844192816
1.30967824450024
-0.513365946534931
-1.7027704459518
-0.727686705640399
-0.383657472429998
-0.952804494167669
-1.06620128668038
-0.062570564701948
-0.585198784355653
1.39625624815159
0.729593090725103
-1.02834279991008
-1.98956596116165
0.0792261645621558
-0.526287521908229
-0.475220066237483
1.18542247678893
1.69431055857389
2.7487981225177
1.63289454993839
-0.761749584329967
-0.184108408609652
0.0706213384791807
-0.309919874287276
0.900427493215771
0.284286554945433
-1.3428542123205
-0.94128223455431
-0.58189451536929
-0.335597343023072
-0.0573057219885509
0.496643527256022
0.160506439417315
-0.191072116303861
-0.190389414888903
-1.31756673759627
-0.252306254436868
0.0974882692070975
-0.262839171268873
-1.17480551303062
-2.09287325949551
-0.689780621409908
1.3865187750343
0.275685558036306
0.14169054116133
-1.10892582201855
1.9541411750516
1.38897557853067
0.985000432896194
0.401133644264613
0.668827883432836
2.09875188618905
2.08485683800467
1.22932243746856
0.720559719049621
-0.625401591208615
-0.106872151525406
0.400700922921814
-1.76134001491545
-0.431930747505368
0.0815623232437099
-0.389676106133391
1.34038883050127
-0.309696957480058
0.21974845464765
-1.48768320753825
-1.70726622418628
1.23838174840719
0.88381676524167
2.76219250882657
