y
-2.96143599586115
-0.459278023353893
1.91173331107364
2.82432999779591
0.846967305411457
-0.49161214355801
0.960906479513555
0.0819973586842369
1.6864644419552
0.95253134237527
0.122227887827483
-1.25328252575253
-1.85267359113296
-0.337086292097525
-1.03790963662591
-0.173783032067444
-0.906177482800121
-1.19054268144079
-1.67064385691771
-1.08751825759236
-0.105923954491971
0.96273292489062
-0.761680646243326
-0.689779344611316
-2.54368410242179
-1.07143856068305
-0.274709883453599
-0.387912580645446
0.867957168992082
-0.668594880356664
-1.51906170081401
-0.275187971942278
2.15017524370687
0.491796555682892
-0.859462523263621
-1.44426768908043
-0.803728537717732
1.68388696775058
2.76886524869904
1.36033262555302
0.183012466874403
0.521125358010019
0.327728051851209
0.347887166012386
0.937236371920714
1.89309986236857
0.883771013354519
0.85905300497562
-1.92443414255097
-2.61180511767057
-0.587572229009603
1.13238330910329
-0.227870021948613
-1.46549195685082
0.114335934183506
-0.818773688245785
-1.20128565440127
0.0857766601871426
-0.493780446392996
-0.147257409796083
-2.2179314700301
-1.24655647495293
-0.305784067488314
0.424768899636742
0.479385603108996
-1.33383010162324
-1.18174021284652
0.728877311153314
0.976130983046627
0.571767543931765
1.68720983629097
-0.388305905188707
-1.25629263287921
0.349448938072336
2.44686951819221
0.390928765710371
0.354226133242317
0.40104261877327
0.820407943480764
0.882370097437407
2.83545518561918
0.783322111405189
0.220219204518696
-0.291634157157047
-1.02629420818998
0.551051846275907
1.22972277290693
-0.644218163412265
-0.252435546914214
0.546512242695253
-0.119560387876015
1.56258427567194
1.58985191087075
0.318747182641882
-2.20243187051741
-0.336553222567748
