y
-1.09632677378666
-0.959286677610001
0.234022792200562
-1.06876560862709
1.05738457180678
2.70313076882732
-1.31818087638343
-2.10703287418792
-0.16090056892789
-0.146486290663809
-0.21085386553017
0.359513112457203
0.380391333092671
-0.643409856948068
-1.17265613322366
0.604240513214749
0.991952388908465
1.30501777468858
0.554186670466134
-0.811573418749172
0.356222349217342
1.13808657925697
0.651400005213604
-0.627650491834985
1.71314182216553
0.310357454924562
-0.956526022704127
-1.56882476228416
-0.93821928755204
1.83779495312815
-1.65458216662952
0.260204097102952
-0.467420473687359
-2.00857004979426
-0.13759196810778
0.618300991794168
0.769848460217928
-0.855041107910769
0.281773508567868
1.49430954445981
0.0934993630975726
1.27531950045837
-3.00716953897111
-0.224313199091615
-0.207158266850704
-0.60837265591835
0.210703099325835
1.47108598900483
-0.892052916994158
-0.338305218964426
0.976121308214116
0.809034155720226
-1.19362014456393
-0.339423882125042
-1.59343982092879
0.113098612402651
0.713742036030704
-0.0329749565915632
0.616011601607682
0.968531618364364
-0.184074012797776
-0.399069181533828
0.00552151128191347
0.0864302088918346
1.19747889567707
1.48426006111029
1.18670302846344
-0.828605279796463
-0.595817702867531
-0.814373217531229
-1.10134440109502
3.3570880373138
0.133866177358401
0.00848124592315214
0.19717803131499
0.10086675801498
-0.372214580703737
1.61984008753183
-0.852852336409517
0.569422938596549
0.0357136828742214
-0.410399083367916
-0.81610873236831
1.99502015356446
-0.239156090760245
-0.553618491075396
0.377384051996179
-1.07512133175784
0.933034711628743
0.0050481020033481
-1.36864637568577
-1.98839367099364
-1.11015048688841
-1.56426117648322
1.04831654548668
2.41085482328878
