y
0.748514375029101
0.0597661204270482
-0.785637010545312
-0.575812087650611
-1.92322704669038
-0.707201833262875
0.141774084592199
-0.0451534259637254
-1.42276307062311
0.691523109886641
0.172938346243751
-1.30733394375205
0.855637257911553
0.800334724234865
-1.28634522920927
-1.06952134767807
-1.2960122056693
0.299357886450876
-0.350578318305197
-1.13037798377462
-0.868752140071417
-1.28001374959246
-0.868058987174711
-2.67320144731455
1.31693588493958
1.31196497798642
0.0858076756908819
-1.596101818611
-2.74889343604366
-1.81400753108448
-0.589248039497079
-0.601892775310052
-1.53907851583565
-3.33832439897738
-2.85533776156914
-1.2437245283851
1.4613688423339
-0.0929965866371663
-0.531485036991595
-1.05757109011864
-0.765704647872324
-1.5474337353499
0.437470165819489
0.342895073882705
0.401172774916858
-1.0441801369533
-1.4277860822874
-1.35335614204636
-1.38286379409175
-1.72559409911652
-1.7784999669935
0.462871440608409
0.654197652666716
-0.31818847385122
0.598369165807643
-0.460481986849536
-0.913822986817006
-1.72427907530529
0.1067330174208
0.901609743303091
1.33485759840841
1.0830324122228
2.28036782832249
-0.383575356380832
-1.09043041894761
0.525998947228613
-0.274487284683457
0.838187622548114
1.16865675560528
1.415872245437
1.38134477760811
-0.182275058582173
-0.0212050051222681
-0.0170142853904861
-1.76181897725401
-0.462214188695558
1.37715763134687
-0.596562894428965
0.280432420774692
0.224516941224513
1.23061221163157
1.21058840901781
0.0188552117598945
-0.922011535158621
2.39031201988247
1.1217878545274
0.834877713548841
0.315638155383055
0.0464216268103388
-0.182157031222542
0.600415897889592
1.17806031813514
1.60508887344967
0.172298060841524
-0.339308454623375
-0.376989299872931
