y
1.4240351829455
0.807944749401433
-0.70864485364691
-0.952298071830511
-1.96436139291352
-2.46487533771719
0.806654251164832
0.274628964814505
-0.674176170950677
-0.768616053179921
-0.706667830491035
-0.793187620029715
-0.512795583586673
0.165570011420524
0.678628680821375
1.30511200683787
-0.935690506885951
-0.405983670936714
1.10097356279905
0.803870070563812
2.52150454852765
-0.339628776647768
-1.53543561526768
-2.04844470668548
0.981357620255392
1.23951587488661
1.27607538767451
1.10804336956366
-0.871967422257728
-0.265304065853989
0.907453241064406
0.378380719843676
2.39042845822057
1.22864324438399
0.0772663325566979
-0.381785800220181
-0.479300474116485
0.934002244349238
0.414563101426259
0.827163400019817
-2.19813791208011
-0.41090051485432
-0.811262366156811
0.289012893974521
0.711768550888535
-0.438648907798247
-2.1091654124753
-0.442074488466891
1.61792410863003
1.09770969595312
1.22398237864253
1.32017864489313
-0.175772907393301
1.03310306827876
0.340549132355384
0.635100987221961
-0.393442748874203
-0.420781263286112
-0.63423215846984
-0.587325523100484
-0.72163023141478
0.66994563609702
0.948431831652698
-1.01874572639651
-1.59695327916502
-1.96203433392727
0.552681023584665
1.89996384269047
1.60795015551497
-0.601508626519488
1.77727180265273
-0.36507972869493
-0.906148776022708
0.93177522600038
1.66525811075845
1.34067496029918
0.504005269236066
0.037954658257513
-0.170626743867616
-0.0764833183635484
0.707486523557664
-0.0716156219481121
-0.262906516116294
-0.486056578247507
-0.732525194363112
-0.320652331078279
-0.162844957699801
-1.04975961098318
-0.725429675809577
-1.16594590368865
-1.85694209600126
-0.474105430622971
0.371372175112712
-0.032898110458342
-1.36847603682885
-1.37563871540229
