y
0.280001901979221
-0.554920416156052
1.70605362356124
0.610981926519147
0.274982071769633
-0.366873038802963
-0.642775634740001
1.47219447824865
0.62888932131816
-0.579877586241519
-0.112467839484072
0.881898277207362
-0.0689203908460975
0.662987695709889
1.32964715204863
-1.20267351300597
0.213421677802904
-1.09890802150121
-1.55695281289518
-1.71605813939027
-0.698058778456019
0.251419281626991
0.100935976158057
-0.48522169896914
-0.369119264764364
0.467206591868336
0.473980969127411
-0.0689531962602295
-0.69277549451572
-1.21964182189061
0.586225377011856
2.16727574087497
-1.12194915221553
1.03927891271646
1.46026771261633
-1.8689387109314
-0.823826510680058
0.4089292475505
1.86411975704603
-1.5228815816665
-1.03510940145343
-1.31741179310613
-1.1085699251053
0.892869617135303
0.851832075233151
1.20986251372886
1.02673707360853
1.87895032849552
0.285082096124357
-1.59171653691057
-0.580950728993118
1.5276689395001
0.809399622444314
0.767577395876967
-1.23573704514119
-0.540187773081893
0.565295509099989
0.605419357359907
-0.850166793356192
-2.74542679564251
1.01651581140307
-0.97735976665726
-0.963918061552909
-2.54393893714631
-0.977369911891829
0.447620157253086
-0.986606680783983
0.436059907079417
2.07235523733197
-0.0515896200075741
1.00335720075466
2.55933179119587
-0.530317653440001
0.394552989532067
2.26045520162812
2.15832890014403
-0.482486060027736
-1.17751518448579
-0.984727205627588
-0.798474862084819
-2.191394410934
-0.982921984576053
0.802880739919135
-1.85958173359005
0.97025973798331
0.824678475074097
1.1867505575488
0.0134473823270905
-0.501154420373774
-0.314675699483569
1.77993354697302
-0.0843257936243592
-0.184717576690245
0.579864893602456
-0.344694294904423
-1.09294449703343
