y
1.27399060358987
0.114146737096667
-1.2246998978483
-0.515392232761522
1.04882244886587
2.69009937633622
-0.986283166608937
-1.72549773686081
-0.995869695140193
-1.80430305911826
-0.426166182282576
-0.128821638873626
-1.70064469099403
-0.745440503605116
-0.576013246918434
-0.547604347064096
1.10932714742321
2.06750177232548
0.234028918169366
0.165213974101708
-0.536605346382225
0.100261408804999
-0.70990216154037
0.796800678763084
-1.79225552646087
-0.780581087485102
-2.80229651999541
-0.681817035220208
1.02630985857089
1.95103257722662
0.074579092813318
0.195613963951158
-1.73677070906631
-1.59439374151522
0.288122870024213
2.26627653377276
-0.555547970693188
-0.463616682913442
1.09127534515341
-0.641117669522011
-0.674537806019889
1.16557883484869
1.06504236878366
0.902037912741231
0.590005652965916
0.161458701193318
-0.259481285258017
1.13210743998328
0.507999379112812
-0.524893638973816
-0.762548655048943
-1.59637315630481
-0.526758550367054
-0.229911049858358
0.352537816644046
0.264720345804849
0.864984515292065
-0.847325869976846
1.03285912956361
1.21713758968124
-0.282659010809102
-0.833648007422981
-1.02754126044606
1.03132660576537
0.50857576346658
0.755823454988635
0.559935067561352
-0.173559699124105
0.417406650013264
-1.04089200005997
-1.47883316585583
-0.0780999638194538
0.650871862754538
0.892083194467521
-0.399784588680383
0.89746421796261
-0.580149580839686
-0.351669673747513
0.86442539760499
1.3460297619009
0.626392591376403
0.835363630451732
0.190953094033031
-0.712948977350354
1.19638998342383
-0.502902805356943
-1.03560055611135
0.0405578200675855
0.984364545807826
1.13881005894595
0.309838884845447
1.30382700305688
0.130547836936797
-1.21432079877647
-1.2616781990366
-0.363101270919997
