y
-1.85844701391665
-1.46632404555089
-1.10692114336903
0.785981468294587
2.33949297116794
1.62771451266333
-3.526363977992
0.469894376760824
-0.618975038442762
0.641029941123915
1.51287414300815
1.70006056067661
0.470505191246905
-1.42897958471284
-0.854545696585551
0.727078299390072
0.955400820004879
-0.325166561916601
-0.168486930188045
-0.65672135628462
2.04026004217837
-0.350080812386921
-0.424165520380268
0.127755218421776
-1.62633821809779
-0.486587213172124
-1.20997253299454
0.65693013671228
-0.210397309898516
0.453468969006693
0.767327419987837
-1.43069630294853
0.148476400779138
-0.984029327319946
-0.111589372032602
0.352875170707676
0.742923053241585
-0.567340078689573
-0.276087125320598
-0.289272060691111
0.753401697877288
0.490114196003239
-1.11336977728133
-0.26981471684991
-0.745323714959101
1.25854963626914
-0.755774809442202
0.437587221432597
0.100216328860718
-1.41049662350059
-1.29959825969493
1.07952698649433
1.79415556730018
0.946419256784252
-0.541195801878825
-0.702404789915054
1.6567792890787
1.54767044413221
0.0497415745258857
0.332637941275382
-2.83713549966452
-1.13822513359721
0.144711386674363
1.24992098441674
1.80118090122765
0.941126537474738
-1.13673571988418
0.141046639804833
-0.350664825888013
0.194661585212263
1.5156710002028
-1.47417945042985
0.179560769712084
-0.792978672953695
-0.451337175790271
1.30575184297331
1.30875746088069
1.97288902489245
0.372620864376342
-0.681034762711364
0.324015935776401
-0.658588500156964
-0.266792966928883
0.942283296378874
-0.160533364903346
-1.05558688882777
-0.857427583845312
-0.00695240774938405
0.219153576271443
0.602186946247673
-1.08197291213811
-0.914133299926699
0.486871121728536
2.03861173327925
-0.274930204432067
-1.75319535669581
