y
-1.93082977419526
-0.458974340703315
-0.943329145778924
0.451844789459435
0.779774061468981
0.546995696768883
0.50201582377948
-0.70208148858623
-1.27641207656774
-0.551761976245386
-1.16560645918262
-1.36689399497475
-1.22226618480232
-1.05391555455838
-1.83195110850984
-1.27745905216677
0.391083303121089
-0.404318880741484
0.745173524071987
2.00350530394454
3.72395510407855
2.68999978883732
0.668214898800343
-2.22596787112518
0.896486778162585
-0.32675877209469
0.271383085670194
0.174916162091607
0.734956089570578
-0.508786342180331
-1.22695795101312
0.128079536013751
-1.25623605030729
-0.544868176766438
0.968859366587481
1.30145703474193
-0.953191523636383
-0.518854286066034
1.19561980896907
1.39063402650772
0.850506662350857
0.249781161260637
-0.882246124015323
0.977142594022644
1.26318364224469
1.80587365638722
-0.951797938958974
-1.0039184759245
0.703012908099529
-0.953381336225128
1.66118833759013
2.77078911943125
0.877764723312403
-1.05216886073351
-1.92381936650975
-1.02765373010952
-1.25447429976086
-0.683533968665273
-0.893792584454259
0.0726179297907802
-1.11363532087318
-0.733043816585546
0.128067289693856
-0.314437855519381
0.128461086506853
0.340227063912697
-1.09533734890869
0.71032865388938
1.45936635276378
1.26061146980957
-0.374588812786897
-2.3856859961979
-0.103626857442536
-0.0248906864518416
1.27402446691803
-0.0810596575208127
-0.389264678778679
-0.739355880049335
0.404567179239138
-0.172140871889625
0.668626859922707
-0.842515984989966
-0.561605044630625
0.355773849102969
-0.830515357252406
-1.25813995413261
-2.45910040187591
0.501640448597283
1.7772449969474
0.852430853991513
0.496459579160488
-0.162144666389285
0.751966213209379
1.4339207487297
1.39105350858149
1.28371134972291
