y
-0.331585958674828
0.186524492033026
-1.97545039984125
0.505230121307114
0.342076535989833
1.56323418622307
-0.664525006725048
-0.475644513725138
-1.70339816025858
-1.57985833175415
0.763733470387008
1.90237216285281
-1.70305853783794
0.625430854374615
1.7326669739218
0.4487640225872
-0.0589400925095291
1.80819924988715
-1.57741449374025
-1.32763915717304
-1.31831688282629
0.702068322801905
0.637934378331028
2.65191902237405
0.291059451449847
-1.03623496188842
-2.16072660522878
-1.57957234214726
0.697947348368393
-0.989353630297199
-1.36326346514628
-0.63287450432549
1.22930405128288
1.23777020385638
1.2185269475929
2.34049057652609
0.00606111213692762
-0.419016058961248
0.834054346469673
-0.00768006449166575
0.108380216833795
2.39062678856017
-0.59455164057704
-0.770334136532757
-1.15595491169765
-0.561178888207853
-0.154186461119121
1.09519789042906
-2.18447866720874
-2.25556050597964
-0.555937235302624
1.06939541988681
2.11597972884619
1.38544895204503
-1.42373310323406
-1.48215076446996
0.418698892910903
-0.426368557241361
-0.276552179842625
1.74193904562844
-0.660277517277332
-0.00897817719746344
-1.79317365356623
-0.431311169782003
0.384385500976439
0.51277460867018
-1.8070288106314
-1.6548920834976
0.269171766992248
-0.264996920571737
-0.360481033716054
0.830589033095903
0.570247514955291
0.238312032800333
0.463903331518953
-0.658502590668514
-0.0681521967836586
0.320226062883805
0.176259869913735
1.25042365501429
0.210754707041983
-0.966509543743443
-0.370609352513715
0.438871588739464
-0.871687144168241
-0.539210426188911
1.67241891505105
0.631112193310544
0.879233225927729
1.83237612621163
-1.24525608288359
-0.303145024173813
0.0943354675394703
0.0868621711219404
0.378144195616505
1.45831521305394
