y
0.522203275639246
0.214951316198038
0.357011107209737
-0.290672453635768
-0.703569718410835
-0.557391972897917
-0.526774689667802
-1.01958264725134
-2.19270247553903
-1.25260595982535
1.28782355408812
1.80888616720793
-0.402416676875716
-0.797509188476013
-0.186149455210394
0.583565068312516
-1.0613866037127
-0.305131758357572
0.689721204374243
0.115540902572979
-1.10560977263099
-0.0149658618251796
0.733311488906628
-0.583102511337305
1.11581369584843
-0.0455337797787453
-0.592824418822941
-1.62007827022016
-1.22443165133997
-0.519364538822363
1.84482446118154
-0.597395815436758
-0.86176447649755
0.498499188550574
2.16068406640601
1.18481656405477
0.667549490194361
-0.239831076777366
1.62266617938713
2.84319858073208
-0.767178803454954
-3.35707187745958
2.18003189282685
1.48399677557883
0.575735175072939
-0.750207827495668
0.659269027909818
-0.111794548790776
1.4533166759903
-0.562053429901329
-1.05222032791536
0.164255485923064
-0.518109438398241
1.0135129404389
-0.476376086789873
-0.292100653317764
-1.84315138621199
-1.18697768034476
1.68489246843239
0.594382124198152
-0.147633340714558
-0.634565058442457
-2.15341450302752
-2.10527535188111
1.07411589894427
1.72392664723877
1.20508361867872
-0.218968050360645
-1.00771968811521
-1.24450165224015
-0.224569210997425
1.34503886226254
1.63907200946229
0.0202763451358841
-0.720829857887673
-1.89137016642787
0.347494580091872
-0.688099969485449
0.616047513058876
0.845984471917353
1.22947675763538
-1.30330868079508
-0.86289814335853
0.53291272985023
3.12933023128149
-0.709990293041537
-1.24408760737372
-0.197561698309923
-0.659802806041978
0.672069421110832
0.659018592661464
-0.0766152406033247
0.672827915784682
0.224277612746886
-0.46609134738862
0.1779284148257
