y
1.41562609929386
0.653297518314044
0.0165030974827716
2.01833086068353
1.69226585127332
1.45923708832116
0.777979821353851
1.05891797000666
0.454292643603932
0.930937610600037
0.893549917064853
1.87125060490355
1.57333145918689
1.0804887615007
-1.0259910979978
1.49695330767792
0.243569075947327
0.312747786789493
-0.578484541288207
-0.688798507517488
-0.236034852377473
0.593808758243617
0.196979118697385
0.653751951539741
-0.864098026816282
-0.238571432700984
-0.137090861094975
-0.215861025263766
0.580035260015333
0.360197567093585
-0.249741228321405
-2.12077534175621
-2.77868069433245
0.759597324667843
-0.0715612722247464
0.725055580063792
-0.105967509112355
0.365181286382633
-1.20009456802021
-0.289924040248999
1.29552564827311
-1.52164756044632
-1.44697990318675
-0.18238770510735
0.831914215097615
0.757733856851039
1.380519838874
-0.271050967017358
0.0420675251577991
0.893497857918002
0.462382422210566
1.52252681709327
0.617385931528314
-1.50527060071526
-2.71237569172647
0.0459206582915544
0.0406355751391604
-0.991658850762479
0.0147314114587914
-0.38667266159983
-1.80128027688377
-1.00248069331859
-0.122564976059505
0.733478973740907
0.153510488776382
0.52209896564037
0.924666650255571
1.00211938276409
-0.795489305775269
-2.16724115613884
-0.349577702430841
-2.62255828373859
-1.67444825985546
-2.16362464997886
-2.03964962707561
-0.194121832596895
0.11526747155493
0.107963668595674
-0.177853528779924
0.810534579719765
1.2837185940549
0.779778297954599
0.10405706281777
-0.758189815168008
-2.01874791281746
0.605096774617617
1.50915783431197
1.63634461177587
0.481962058507975
-0.670156126842837
2.45093620923985
2.12387858192539
2.01567500408651
-0.0494632430197848
2.17303175202044
-0.54781857026225
