y
-0.607009180051865
-1.69699863489129
-0.632763095440478
-0.863484844842195
0.0579609544529505
2.0951599548095
-1.0849820249267
-1.65131109872631
-1.63641258665586
0.0267818966621467
1.19873218743399
1.48286803294083
-0.761110626790462
-1.49342444809644
-0.575789904963345
-0.156006175177397
2.23829300089925
2.02153961050474
-0.440979161325907
-1.97841981216453
-2.07335596294312
-0.794703838560425
1.30798416891625
1.70501769684305
-1.32797819390125
0.643950462204439
1.24856371848848
0.629560966800181
1.67402314652769
0.482319706400746
-1.03647158763033
0.209015058593602
-0.583316260962366
0.235942342754881
-0.894131086946261
-0.292580655268686
-0.998852895043836
-1.51637873298571
-0.0481173260703416
0.0275180103182576
1.93236785961813
2.11984629100826
-1.58561624967462
1.31698563463152
2.41265388471018
1.25172395677729
0.607436272939675
-0.564797451409748
-0.713299808836077
-0.532508676546434
-0.509266746611105
-1.18304602389507
0.755162084557682
1.45547622081438
-0.2137263719751
-0.278898813613538
-1.34206120132
0.322759242054694
0.666414739428975
1.59392908258071
-0.235994104122758
-2.018525395817
-1.29274096900473
0.0937390650309042
1.10043990449651
1.80103000685118
-1.70841402999108
-0.905958594459189
-0.0380328716084082
-0.656409690756708
0.668159450626542
-0.0265018969898995
-1.89969186943892
-0.144107390563916
0.151875098074865
-0.00274945615976557
0.162366558819312
1.08948279336056
-0.0450832119776405
-0.870793934322857
-2.63306940118421
0.267057291850107
1.18036335115643
1.92957974498173
-1.46166046778693
0.0781023844938918
1.4641866093077
0.844868858064012
0.543677553948931
0.175433092479704
-0.15659824973838
0.516860690378466
0.159261052426447
-0.534199705667679
1.04915913503876
-0.297298108221656
