y
-0.854841871303948
-0.0979800967601412
-1.92236252115367
-0.98686843250301
-1.86243115103701
0.309778596551403
1.85569600729536
0.939405559852989
-0.361298604593348
-1.27921595353903
1.63318299833565
1.33850057649458
1.70463413192198
1.00094321162586
-0.0822259640569947
-0.315919284632669
0.603153856876115
1.49594231505553
0.0880431929046709
-0.884379804467438
0.348696019432865
0.122811853959183
-1.62229752559751
-3.17113721161101
2.12108285471267
1.16457173693833
0.965271595669509
0.812177920196005
0.441473262425923
-0.192093339234832
0.488459453377466
0.26339131935107
0.813828422513389
-0.353588011241967
-0.640991718347056
-0.954598592423454
-0.78772606210819
-1.96151221609058
-1.17392387435406
0.150186761239231
-0.284982340120523
1.91035371826279
1.37441926500122
0.428851028546589
-0.853290485054746
-1.78955055194684
1.60159175111818
1.32751235557485
-0.195365336731621
-1.49493207146963
0.16548380249974
-1.12653567139481
-0.156263544299213
1.17476415216799
0.612184667284746
-0.228102377240664
0.221022312337229
0.324308576910709
-0.960098110799106
-3.66965085946918
2.50766346450362
1.94799026744615
0.232741790494432
1.16626447636803
0.740639120934354
-0.871901589805951
-0.16403842795453
0.685085879596238
0.758495412390291
-0.66261409378757
-0.411055260487176
0.408616124445826
-1.30933118643543
-0.103701819944083
0.0734822308141253
1.26556822563882
-1.50234786631693
-3.55592994347595
1.5856549880235
0.904586843221185
1.08703956175255
0.124982128619892
-1.00927566626456
-2.04406515784271
-1.34506263692523
-0.887095729444191
0.344582646029898
0.147294116804681
1.0122893821947
0.331143005464229
0.279754561628476
0.798825364627316
0.143503356864145
-1.72662949239786
0.511553114003748
0.997733116364418
