y
-1.75849340295084
-0.551987462099979
0.504769664853258
0.950860972212441
0.543495634303842
1.13933490141741
-2.76386378482178
-3.2795876200143
0.113748109935794
0.452180899567814
0.113584491159332
0.45309565502126
-0.683951028651229
-1.96204371767849
1.66516431815924
1.27994701339293
1.42196636744673
1.19951711443327
-0.511781657793612
-0.740963031771971
-0.13248541482441
-0.278510400144322
-0.368036134393107
0.691084215725731
-1.01293920355233
-1.50835576777997
0.140257967742895
1.09436091636977
-0.478378929778234
2.14685170462366
0.703268466863067
0.657548746340215
-0.928773140275864
0.281847468848406
0.81947297520155
1.33807112096792
-1.58760234193531
0.526932834775651
-0.624341538413146
0.33472720279903
1.34939829578376
0.770810357522752
-2.65700493537481
-1.33225137251832
0.95696522247422
1.73642595285267
1.00536506571773
1.07163645666511
0.124322110373647
-0.658435546595672
0.882682182265774
-0.258489320577379
0.767932885516534
0.0644228083449155
0.027478077481048
-0.180192768985189
-0.373199840342046
-1.07374565128894
1.79832048721267
1.13326225052071
-1.57311389561755
-0.894814678860652
1.06925116925037
0.238007114593976
0.287447507624735
1.0169102300378
-0.465818088198076
-0.785068546947771
-2.28455461179406
-1.59364821782012
-1.35147261059504
1.59258108360138
-0.677159877150013
-1.92439845827029
-0.732657077023901
0.911342537598619
1.28798315917649
0.977030314557721
-1.00190385838507
0.971398547876656
-1.34344662586939
1.1733513906306
1.39854759978235
0.471725669026477
-1.58765908716193
-1.87909082747134
-0.717696364610989
0.0997049287411788
1.05265000687381
1.38265433094552
-1.74019915507197
0.188549550652161
0.493429283042392
-0.537913777356901
-0.166328976203402
2.08868340806473
