y
-0.380250821960407
-1.05543769284485
0.189716994547176
1.07608946852941
0.75702508615794
-0.604762404503164
-0.87630350617502
0.925707330019831
-0.624595931754852
-0.094192301722055
2.76308701960801
1.18707620239751
-2.18642025994517
-1.69959875557061
0.401693052926585
1.3390225896278
-0.00886545255846194
-0.477799655928838
-0.687765408864384
-1.26089678310476
-1.18685491903165
-0.895866385350308
-0.862992296431072
1.96223440872591
0.949314561449269
-0.274603735104375
-0.659939771318435
0.472163609905289
1.35704249718177
1.11905071281658
-1.66048110815557
-2.08699286716452
0.0894053891850445
-0.172207815101519
2.17337589348515
1.93119090568389
-0.858872566550459
-1.55123786076924
-0.292065886214427
-0.345716409768977
0.273045709229608
-0.138395589898374
1.17095340742849
0.134381841478431
-0.388480938952871
0.997253010856845
1.38230472621047
1.57425388286117
-1.62722067682293
-1.58449328200248
-0.642930802192318
1.29827684935714
2.51709981192261
1.13274676761131
-2.16383009014518
0.261610528794982
-0.0600884593687178
0.732265413968934
-0.530081139973005
0.0748264030718669
-0.911202542011705
-1.22472483201563
-0.68457602532298
0.510394829958127
1.91904978966491
2.24324168309902
-0.550764930060987
-1.42823624395431
-1.55257478727676
-1.70552001429444
1.66835785631428
2.34970446651514
-2.27899207488389
-0.552217371888244
0.756972228870842
0.771156392384734
0.190911141539597
1.07063607093298
-0.81118149323262
-1.68759815630626
1.06667550667326
1.51967639903121
1.69638219776558
0.5597055453029
1.18118633055357
-1.688273289817
-0.548188097747113
0.170652213124445
0.12246900867676
-1.31118155458618
-1.24645109482094
-1.53594024629606
-0.32850833144742
0.718731109645221
-0.190389044174218
-0.581355139705828
