y
-2.00625632182404
-0.329816847279936
-1.71914252165944
-1.21802913147228
-1.34259269972936
-0.355648853948516
1.28278721049832
1.61244409803811
1.1839276734439
-0.629548543479783
-2.16374369097822
-2.94979419483033
-1.30392482413975
0.295892817104314
-0.468556428173518
-0.670840941185196
1.18624484326631
0.504965882487839
0.78348319117873
1.0092451717731
-1.18731139754296
0.621018591531875
-0.973796880440591
0.173831832140465
1.18066192944043
-0.271612470945985
-0.387091563833032
-1.09444393945363
0.558029565131761
2.58356060947258
0.107824073098171
0.169050619276442
1.07900284218893
0.898528112757787
0.428024240250053
-0.388714623385095
1.58595545590176
-0.354507075067304
-1.46237584571888
-1.41365709067522
-1.3576196777499
0.886683457236365
-0.255882401986559
1.26271047865358
0.193930632719478
-0.157358621870714
-0.654074444184194
0.34864309874333
-1.21253712022065
-0.0359084405292441
1.12474201328016
1.01946635133242
0.310967567103258
3.09699834654955
-0.35878079153419
-0.576592881564217
-0.478847229212504
-1.82369521408348
-0.386397516085027
-0.0543193236121595
2.0341821931004
1.60449886232623
0.692894203162864
-0.247171371780883
-0.603081979573349
0.802508920934685
2.05774289681996
0.908802485944982
-1.22497907910708
-1.88964506785661
-1.32067106761696
0.185850123701491
0.981467383380029
0.698478956715301
-0.380272536459634
1.3391496323707
1.0896278197103
1.89388473281641
-0.485156316633387
0.0552238601014295
-0.452188096175346
0.318817440298742
1.38008622542755
0.856717013827724
-0.932209647219084
-0.0368682463670366
-0.271054178122124
-0.818775503903503
-1.75655582549035
-2.63301966612844
1.94097174234303
0.362949731618704
-0.790068899916898
-1.53331013699579
0.149917631571793
0.576054606971041
