y
-0.182338123270829
1.45846848652675
2.48893607095454
0.0123416988100352
-2.52469701976805
-0.209689351969798
-0.217497821781674
0.201465451819361
-1.26081379013429
1.64088800721125
1.31179683444052
0.901824895519152
-0.546763540438759
-0.442936342664813
-0.513967548342726
0.846572086957312
0.813054075899954
0.647456907618311
-1.53683186248054
-0.972098691450117
-0.921671258652931
0.0558683112592706
1.7259565236442
1.49720785492621
-1.71333414949455
-2.80248588530069
-2.25741239688123
-0.833064311374093
0.819439016374672
-0.358828399496677
0.241372120120636
-0.381178649480446
-1.65107535489775
-0.510926840936501
1.10361336263743
2.41686828046379
-1.71601598913806
-1.79790176172367
-0.955170835824993
0.962703315367755
1.27409823218297
-0.188618662788731
-0.365633146623857
1.02378587952806
2.23679022808845
1.49865480582607
0.612137935665579
0.561950890407551
0.382339248506201
-1.23040446693713
0.70859489544931
1.99963564950776
1.23235417699342
-0.167074127885793
-0.313995066989684
-1.17647319138285
0.553743409265003
0.364290874352487
-0.317053509747507
0.624098978272837
0.346331208964784
0.17627977677579
-0.388280586369332
0.130052036232157
-0.0699810345943667
0.716424797188788
-1.10141096275881
-1.80644833363753
-0.462884851483729
0.281456455545853
0.454333090467739
0.582022399440589
-1.14506301598287
-1.19836628430699
-0.699815801452627
0.88965470566999
2.12590254582604
1.08328059789084
-1.01209090083998
-1.09928079394535
0.00523812210482766
1.37007254474841
1.07211173285986
-0.23323315773566
0.993377255697643
-0.349045124965295
-1.34059817224394
-0.669166117907622
0.94975828439155
0.603586591749083
-1.52833957470373
0.225931691875054
0.354439132001038
-1.18843735472647
-0.873683096626135
-1.34648421188769
