y
0.889407313675408
0.276214379032335
-0.706134247728728
-0.962691149829723
-2.63341180467284
-2.59172550482674
-1.09415949875984
1.54188587764712
0.724385104364224
-0.848856598941407
-0.444377540110699
0.622433711741897
0.838205966797155
1.34496687237408
0.0554748720103147
-0.315849056433177
-0.46640396361585
-1.71711026399928
0.506051906556836
-0.307318963018862
-1.5595337794007
-2.32476710040096
-2.11869302068488
-0.799705945763208
0.712006979871811
1.03302172706281
-1.41080639752835
-2.0866208664086
-1.43413242380259
-1.26984037818037
0.79129145401871
0.429152623409261
1.0198219269593
0.682976078520502
-1.040568233549
-0.736960216206559
0.437973839497897
-0.523274797424846
-1.36419640798463
-1.19901361597737
-0.853452501054403
0.144171558483909
1.84642514550739
0.926367047119561
-0.744592894987227
-1.88325086594676
0.120525369738615
-0.441318223406418
1.33639828524178
1.15301919353006
1.45145055441484
1.62934365176781
-0.438230817098489
-2.06536113330636
0.151532129149845
1.2393722042658
-0.679311575028282
-1.02665087707435
-2.25997351874674
1.38880508171056
-0.521038235619398
1.44330072539206
0.261619002059114
-1.41617832270488
-0.861551189852531
-0.501890897652994
-0.432266136657392
-0.544717617772391
-0.485245320119033
-0.598469814070568
-1.05988887786728
-2.25768345205405
0.260342848640845
0.224938529154218
0.338532116913136
1.9396931942653
-0.0851194016105032
-1.33011533596071
-0.15148022340253
0.0670665492080594
0.380966100888832
1.79125500143516
2.0201309277098
-1.57193253694936
0.114944221268957
0.0415282654223949
-0.830291671971311
-3.12708182835519
-1.19400188587493
0.366257946616012
0.736004983896063
0.708059790990923
0.871661152636895
0.174350805335889
0.798137020022496
-0.864810452687625
