y
-0.251674191429667
-0.202595426327606
1.99045481279143
0.501202813963592
-1.80492376363203
-1.87197889871421
1.6098788871753
2.94854715508148
0.223420130528091
0.351196569745353
-0.944642229662195
-0.896661723458112
2.25653804215311
0.213728611870111
-0.661246249000875
-1.40027878515113
-2.65573720871294
-1.75511270167538
-0.198113237898384
-0.861138921445625
0.178963147709266
-0.0445004908819689
-2.48004014667242
-0.427695258507004
2.41212048447983
1.89747008750473
-1.24637488349889
0.88129287102064
0.704598938717404
-1.64790127370901
-0.0975730279744045
-1.10113675026644
-0.877544830071328
-1.58508832405119
-0.404251767467213
-0.448211849078098
0.73954169431025
0.0984051591198089
0.58967680018172
0.0868784820638646
-0.97675340690668
-2.30150586115826
-0.116054944380213
0.902611270602282
1.94522059988442
1.5613415705877
0.868413030382754
-0.495470749801298
1.18180993013108
1.2952780261105
1.15471576616578
-0.378930831354194
-1.34636221908193
-0.38387623333217
0.187924030082774
-0.887247351370107
0.547457061573531
0.709263939284312
-1.71225353618493
-1.32851450833951
0.58067611603001
1.40062558301126
0.418658653615749
0.166262171168658
-0.296769320730108
-2.50762151371213
1.28907930488426
1.5543158166765
0.524566285166059
-0.256583769109397
0.0900626135010631
-0.0864884072409539
0.160738293786439
2.16135195563156
-0.54109167531495
-1.37609489524488
-0.699356744573164
-0.362327080278803
0.114992557573205
0.77900174844342
-0.142135252692404
-0.4305439198911
0.75042144745514
-0.787525765181623
0.108216841739185
0.0881481262754729
1.3058682349852
0.585094087362486
0.845358147204095
-1.05357702178509
1.4614717791439
0.169214571446075
0.39713945442365
0.223667953465666
-0.876538653610043
-0.00483605565012313
