y
-2.34655214800808
0.968957553028298
-0.355790311959244
0.1413343597623
2.86314831763762
2.86397086702835
0.608304388757662
0.447419252648559
0.41575513772528
0.914190577420031
0.309251446343283
0.968411721154065
0.215616401322246
-0.956939849312244
0.252536139790291
-0.983171820985833
-0.359509733851406
-0.179596540720407
-0.85878232484081
-0.84098867311865
0.715969238896909
2.29198927148942
1.37247387756547
-0.895516713949698
-0.568360296385247
-1.18782633022771
-0.439044430128143
0.184969147520869
0.826172810921803
-0.457473471920574
-0.54315723690417
-0.499838623295824
-0.398743052218398
-0.498441422611759
-0.471832229275712
0.190147754456536
0.0867763530543555
-0.207379736132377
0.923996591011057
1.04133835653499
0.531507767454448
-0.0823609080562238
-1.04646593597755
-0.874700639295971
-0.0709453675534277
1.11512609557449
1.01685822880715
-0.470961696320617
-0.59942556688649
-2.1255516442724
-0.860970323656097
-1.69672990935506
-1.28885467429685
-1.16243480959223
-1.62931772077332
-0.923922673437058
-0.467099705277032
-0.0653443425321014
0.88827744512236
-0.528336536202256
-0.856410167807532
-1.03122855338083
-0.702311085768194
0.957856489950017
1.57106070450053
-0.538154124407109
-0.355124741295308
-0.928466520744843
0.54533591542674
0.605913164921811
0.976492949616329
1.23472456547435
-0.669404993431738
0.400920065532171
0.182586197997598
1.5684373407898
1.35179009560259
1.1123277017472
-1.69439691471757
-0.377079125368246
-0.597188183741597
1.31472831116634
1.19515992879813
0.793257118022843
-2.75222908395197
-0.791256677394682
0.144669204369214
0.799834496522823
2.46781701741047
2.95852154856663
-0.632507859183531
-2.2014113670125
-2.00109986746296
-0.579495368904267
-0.555481395895511
1.86968151235592
