y
0.479491543436777
1.3790016854319
3.85664743541587
1.93646424303231
0.595463140147301
0.744692403525301
-1.4317627854107
-2.66929301297407
-1.0775700267378
-0.300950685825046
0.382829155580794
0.302733907119022
-0.426862891942782
-0.102968819396922
0.161780794674629
-1.77940196383243
-1.26442433037249
0.458543780958312
-0.553400085790764
0.00824162494470843
0.748832026176193
-0.0781931339410462
-1.65642444641953
-1.74657503134263
-3.40751462581319
-1.15234067906882
-2.29853348915355
-1.39759972126278
-0.855855024860774
-1.92823400040402
0.650011829453344
0.193777251269339
-0.865643269957734
0.0428854757789114
0.915753986499247
2.04942127395913
1.79731579686943
0.985423588404668
0.126524915811561
0.945141997896927
0.548763381059856
-0.126078444255051
-0.653974792103596
1.91152762325973
-0.581061461141592
-0.0531606695412495
-0.108249548634854
-1.03121237508562
-0.220101506476774
0.668143223459572
-0.35227679770723
1.44756070308506
2.02245074467452
0.808850857890075
1.60547831081931
0.928082480875912
0.556847332911739
0.73932394240891
-1.20713101581195
-0.884960315373546
-0.362409061049769
-0.605605243734817
1.53788201219698
1.1632201768848
0.978590839451282
-1.07094091305063
-1.29663353931742
-1.00730279683001
0.774494192161457
1.05284504470474
1.55557949538503
0.0937103229004318
0.0374284037805741
1.72248762394404
0.891286056379488
0.0744785748911336
0.974012357879362
0.846138578013054
0.226837569259142
0.288455002485589
-1.75587587458673
-1.16981441122564
-1.79635033108195
-1.65782053361956
-0.9816875926285
-0.438527061585955
-0.375288799210662
-0.667758221832883
-0.0846030376543946
-0.0304881755742657
0.16308107800452
0.62744306843354
0.891777422084967
1.39747340256572
-1.31489375833408
-0.467473376280404
