y
-1.20436776846321
-2.67854810177068
0.893993609701327
0.635321368228407
-0.257089746786403
-0.966405096145683
0.568867452973919
-0.407353325811886
-1.43158081280511
-1.36776277643517
-2.57888692808832
-0.00988593278424348
-0.530052609212631
-0.300140424236468
1.12811572393432
1.74426836790299
1.62058693135804
1.52857954146547
0.207706058411475
-0.906189321523155
-0.712463019226695
0.499342937983108
1.47927819080717
1.01290540651546
-1.41124987079996
0.710940596569721
1.80920193006406
1.52746865353987
-0.0620209989776678
0.0633281973000718
-1.30240693059228
0.46213561326741
-1.50170722603442
-0.879790446579078
0.942720780721388
0.856733628390474
-0.00100084671489037
-0.22456512079605
0.210788325428381
-0.168144745711695
-0.796012464919964
0.578390259690418
0.0365582686362139
0.0894575219352554
-0.17579058248235
0.736563125139031
-0.383966618615186
-1.89799184838872
-1.04136091981582
-1.78243731652099
0.460042161044388
0.229590881704123
0.500060245655446
0.897513441173488
-1.06300050171464
-0.342603691334455
0.571256619129393
2.72367778960818
0.364769446644101
0.722649126953845
-1.79759489597174
-0.0989266087656503
0.849017132590357
1.90283348027904
1.00853245156707
-3.82284597475907
-0.0749909741618743
-0.224073310324316
-0.141577034958581
0.453453567461085
0.199429209019899
1.55028686242432
-1.66651745840512
-0.820309306127652
2.14786453820233
0.714466632001241
1.39168617531868
1.28482764712723
-1.20767246786908
-0.336332020037458
1.1754566225847
-0.654630544250556
-0.536685591340289
-0.462268806325388
-2.88294081303648
-0.0405650746169255
1.39972114829352
2.23734744298106
0.554003328287953
-1.18091084494482
0.0981008519515496
0.293637319904269
-0.342622666261715
0.0525494666695437
0.511268921139788
-0.961054614236075
