y
3.75409769739139
0.563957631098625
-0.705043886314587
0.518350848690235
0.14013903167076
-1.2247041250394
1.25016909909233
2.36765100952688
0.266852422896935
1.28107682350842
0.0634157374985644
-1.55268720806109
-0.540255421514537
-0.0889383364013733
-1.32325628351773
0.00546891467491806
0.734081996003337
0.20203154112785
-0.46903693769626
-1.05726377436375
-0.331749949864623
1.04570321375936
0.713043064438316
2.07649558743302
1.59839661785398
-1.0264631459772
0.460115698371669
1.43920083966994
0.165956068063837
0.829746953548497
-0.396351585474817
-1.73288101647795
-0.218989988753493
0.413741376160588
1.211653030268
0.0790875819346245
1.21166488342053
1.05521897420211
-1.50615310859202
0.650970560430726
-0.408177222772119
-2.06349421350672
-0.0762722384493186
-1.2632381710676
0.0689267780541878
0.684334690898351
0.649667575750375
0.37981732807821
-0.435429269095459
0.069210834533557
-1.4621780750445
-0.710610064593092
-0.0980793978086423
-1.33124017602635
-1.41352855379665
-1.34708233199419
-1.06906872335138
-0.37487268616188
-0.822934550940382
-2.47894500154207
0.53565193476331
1.56207304689812
-1.41396830319317
-2.43335410103361
-0.24055951999597
-0.671438878702199
1.23270450121078
-1.402441183662
-0.136226992619262
-0.229442382581254
1.22924864157522
0.0874189827742769
-0.152775353055379
0.597875193134197
0.0975998995151481
1.33694298036013
0.459268588597058
0.0973856026456135
3.06093117219319
-0.533828537741313
-1.67493199510084
-0.355555064926744
0.704242966286677
-0.26598699011901
-1.93073185809875
-1.03401662743484
0.243470930585297
1.55398400680407
-0.0016773273340735
1.19588158445223
0.194915867532606
-0.414513560496705
0.647908676518427
-0.216400764973367
0.358354233107464
-0.509328333736262
