y
-1.06196645822773
-0.895721582542009
-0.0144216541719324
0.00911423349850959
0.296328408671756
2.27307297109942
-0.726439350774643
0.657507217454939
0.37604506496862
-1.52705389817616
-0.810476800546558
0.254722881644509
-0.339912002313158
-1.15632128694652
2.0805137907351
2.22752085537951
0.136135771933432
-0.405498480708348
0.930929361199328
-1.17190373059237
-2.02106619663248
-1.77447341980636
0.564400001366784
1.08475187868319
0.521188931275494
-1.57466103524942
-2.46658294071309
-1.79481527884357
-0.0828902429904219
0.252705989589733
0.521750105728862
-0.721788044101715
-0.85311220803305
-1.1580399579698
-1.12720789898597
-0.945192737763862
0.97511188344554
-0.264064316113917
-2.94402666795537
-2.64893624741502
-0.521490014552856
0.361356395834238
-0.927588550847605
0.411718546916847
1.62113077947927
1.25194433736378
-0.105916828021418
1.55173770147464
-0.558990759781969
0.219793141510388
-0.975567779466566
-0.0314477062191669
-0.136496291844734
1.61785427021769
0.592431342942124
0.926820479810917
-1.19627063872112
-3.14421925950351
1.17506986141479
1.57031924721553
1.42425988770913
0.279954019788431
-0.390167268714075
-0.993383621301746
0.128749086361348
1.59721569996095
-0.669830004392579
0.974728526147209
0.100117353328465
1.37878757432544
0.895742709825744
0.0660007911654573
-0.133837343611921
0.884620348384419
0.128302232746095
-0.417745121465574
0.515990051821944
0.812364056163335
-0.831964699469394
0.130679122988739
-2.34577209792777
-0.262008832288674
0.902072418500395
1.46502147656889
0.509767379984888
0.087629620788841
-0.731169700910281
-0.735330751105534
-0.0135848998596357
0.365413988214732
-0.47254299344505
0.341123414198561
0.421974401007272
2.0369973075134
2.14782762961903
2.02458305305698
