y
0.544473067320669
0.350565362660777
1.2512039938273
0.144925138525118
-0.277151733301086
-1.24116585757231
-0.335109642754208
-0.721825161871012
0.990456731971132
-0.386952205091168
-1.80713842450211
-1.2218202487692
0.083451748708738
-0.933503494016544
-0.995094522843009
-0.585287005309976
-2.01591158139182
-2.83667070723677
-0.745177574264995
0.466286776362284
-0.0239833379624848
1.46429296519617
-0.651026839375763
-0.621195643075076
1.99565867417178
0.167036124789538
0.142998174743846
0.751537768856454
-0.33887288023829
1.01993022535794
1.4645653633615
0.718496929619854
1.00223360258363
-0.247070975205852
-0.877099284763256
-0.691982352151933
2.21974366192651
3.27557846752575
1.52228882390812
-0.239785078068169
-0.414272414607283
-0.324109668674478
-0.202953226622958
-0.184806343527502
1.63585203552908
0.474941821072618
0.0975607540629325
-1.04773792232967
2.05206894396618
1.10279393565236
-0.497095469683062
-0.00468733180734915
-0.376576875409179
-1.59312303724809
2.64676610409959
1.79568487988422
-0.664450710096367
0.564500075342333
-0.117823062361307
-0.35225092880238
0.733716510425874
0.398455762545525
0.386152581241048
-1.51776523881163
-1.02670667433182
-1.36315809018437
2.45441135767722
0.482315344107721
0.139960694617996
0.0822328931537163
-1.61430861860758
-1.93880704989699
1.52398715603663
0.777465916658756
-0.766855570878569
0.296554507186579
0.820653394327321
-1.07593784472624
1.18890088078584
-0.551241778305325
-1.0159054430872
0.572896154988471
0.322958589669434
0.277623584861011
1.42284849601307
0.150003236530263
-0.543457103918034
-1.5216670521273
-1.42447458993095
-3.50430274643346
0.414379451590007
-0.295852275764955
0.404606689193373
0.491597495981035
-0.939307591717726
-0.614153638960497
