y
0.13817016282823
-0.19963316865441
-0.330470239435431
-2.27962138924972
-1.68007635919872
-3.03671321908412
0.682368028197468
1.84943258143279
-0.338216211838394
-0.739283754233137
-0.822968891600346
0.754825499798919
0.943384101156817
-0.278282550301901
-0.753198301343031
0.236063089500035
-1.34722528142804
-3.44228510997914
0.991724001557312
-0.277968275505062
0.924483595052449
-0.777031886532852
-0.813454829738453
0.33220973021819
0.218677242126028
0.644465214304925
-1.12047542189395
-0.483385295529272
-1.07738918437245
-1.33332533867183
-1.57319728263416
-0.63490198710573
-0.405442415938159
0.929903746694184
2.70006955109476
2.33045362216776
0.409899500711466
-1.32332013347819
-0.824379613061882
-1.00484139730865
0.857401329038642
1.38845409814828
0.178668414942329
-0.625423252488661
-0.193965687388753
1.5068409254476
0.608057390823366
0.16559197757385
-0.170682178159596
2.44422994789386
1.41750408237251
-1.07031583921581
-0.0751978493438739
-0.087174893390271
-0.805076991625167
-1.43392654919307
0.773323612782807
0.69956354689623
-1.47809234181803
2.16679658467859
-1.45588552883402
-0.384245719850847
0.815336810607146
1.70916967061464
1.12040092844582
-0.132217743669643
0.778888437521494
-0.26343266546702
1.32840266826614
-0.119699857770658
-1.12519229249576
1.59016632462442
1.68756578112698
1.1123091425804
-0.205993733532444
-1.08335965938132
-0.195644120994641
-0.0831124551896577
-0.436625519469525
0.30516127431673
-0.0979953931552845
-0.540538014539944
0.80710367318472
0.949775595289328
0.3813846049701
1.57959143176095
0.541842515167858
0.169886692128004
0.270725256868597
0.543407203161767
0.00382528015363165
-1.56981360936087
-0.513586367404731
-1.13471031073456
-0.344450951692686
0.535942196055774
