y
-0.909059083932903
-0.0603814730648323
0.240788635670114
-1.18902904699479
1.60608231513161
0.73175516681671
-0.983068357030606
0.529593178673725
-0.697799785629135
0.849473542571233
0.929798635227163
1.28269311406302
-0.823670580816153
0.36185306282005
-1.37111828170073
1.81599434964424
2.02824824824145
1.35758014415484
1.02190290074349
0.699480363822027
0.112927264382036
-0.257018334655872
0.988034030276115
0.945219888585203
-0.238965246692591
-1.59230049003536
-2.26341371804616
-1.01082213944432
-0.760682021810734
-0.497850974539813
0.64804494407571
-0.824311762985128
0.359049107784893
1.51480630906029
0.501071045774436
0.390661937639497
1.00079376479037
-0.583611505493778
-0.134997042028993
0.549854823595848
0.815604320621744
-0.0623039379308238
0.589771740041171
1.32746908534941
0.00755639725776069
-0.551133797791389
-1.30280198190018
-1.27008967017293
-0.44571407940608
-0.219771542221342
-1.55023807856465
-0.839676368161744
0.335633048491476
-0.0538048245252741
0.207625024803816
-1.9562831908751
-5.00370545072687
1.19392057383862
3.26124094981743
1.56703273989174
1.66247992338139
-0.95809478224869
-1.51489050351587
-0.864051236752287
0.110939850293604
-0.033527370587128
-0.452723623106483
-0.273594266482817
1.21547965593226
-0.547693521662014
-2.01552343292235
0.718094199005967
-1.26614428566387
0.399647367173597
0.745175116301097
-1.0984154202724
-1.7627091587936
0.45056216237345
-0.119585455282236
1.12517279974032
2.76841227301279
-0.00877263511887538
0.836875002971847
1.25371095480029
-1.12586286466271
-1.58860346117088
-0.885879919181215
-0.433567435084031
-0.615753839170563
2.43183236060837
-0.934809344048437
-1.11736531361705
-0.0803510045617926
-0.251715221605422
0.472828493794368
1.44048604964239
