y
0.496999262242356
1.23620035230263
0.416563057995397
0.501050127592654
-1.34868904246184
-1.864706513177
0.992547552977815
1.38348001071893
0.750830080687226
-0.733586526888238
-0.147334280493941
-0.655749351391549
0.873931913144463
0.19661171018339
-1.1290324003239
-2.09603052917465
-1.91479503564194
-0.854870477081106
1.15295914324429
0.67516820840811
0.185435524374712
-2.48931283028078
-2.76346644116621
-2.72863074120502
-0.0168173640107131
0.167707313581245
0.805700035851513
0.504653873090536
1.00279652993094
-0.724241687556571
1.30097636056544
-0.112063192436722
0.127966482462899
-0.866533495966424
-0.291304183004935
-1.13895114264416
2.24430637699598
0.439118563117638
-0.932216404088925
-0.0162880111656047
-2.48117645396131
-0.655848048471736
1.0610782843272
-1.19474907573284
0.526544513164657
0.243618547815571
0.230171374422786
-0.457453573066006
1.07261892053353
0.757247910251556
-0.41687631612244
-2.34783414762144
-0.404653229246907
-1.33924522309667
1.92568568037346
0.0287444443271495
-0.327970747151807
-0.702100486682194
0.30750290174983
-0.405208110539865
1.07727972212262
-1.41403113866555
-1.19803032401567
-1.07830494618041
-1.30055493155626
-1.01857944389892
2.04292187100052
2.24367844002066
0.240286464007003
0.0402532358309823
-0.436656228146616
-1.01903697663798
0.964688694524997
0.0968655191483068
1.02033030434479
0.388897503377516
-0.256601641716457
-0.0763529600284427
-0.357362757138004
0.326719205863394
-0.436971183176368
-1.54405752912941
-1.47037922087031
1.35914669065168
0.472234707608913
-0.146492719081876
-0.0998162279738481
-0.784484370597057
-0.592315727727389
-1.00395711995721
1.59886140820828
0.665660751790705
0.936410817941345
-0.53062435351233
0.00191238382940651
0.477176081733086
