y
-0.721292273596117
-0.561279109945856
-0.727580832239845
-0.618607124156776
0.539648917105574
0.447906865299484
0.960655466099881
0.466188675441047
0.390544217143295
0.946850614609522
-0.140439445225714
-1.13998263454668
1.36104027775633
0.259413266865408
-0.610008778779795
0.566712933126998
0.156507801958126
0.455721447469925
2.66847690984689
3.42886353095817
0.833603330891127
0.20244175849956
0.255387279268466
-1.25157839350738
0.617215403966837
0.57998449044001
1.05417144933367
-1.28304716069151
-1.17358930043903
-0.988475989619603
1.80927325839931
1.50596472715708
-0.759066854392701
-1.05497034288875
-0.813126155191404
-0.371625310905533
2.05774955923737
-0.257207935947249
-2.00174512860506
-2.07815180772678
-1.28505552815637
-0.277166329382571
0.362636755644702
0.00117672198448249
1.44408174009318
1.09342064048117
-1.22959326989106
0.264798314161346
0.543224570361546
0.522111978596724
0.0211320223674362
-0.774612393616389
-0.10265860942668
-0.562291830819925
3.06238408919733
1.4048950202793
0.177698792946252
-1.09814200235058
0.00947698125819535
0.988983688192495
0.0753468131978345
-2.20509069917134
-1.09527976999565
-1.56623043333435
-0.352774565570721
1.93856977026187
0.45957015943017
-0.0214176255271256
0.913268841183288
-0.0951661171188668
0.530259394554871
0.934192152749029
1.72615729302072
1.86645959269567
0.955458752477352
0.0525769025466469
-0.198157445924312
-0.480518041702599
2.25144165776237
1.10534345915267
-0.59204130368642
-1.53456035343227
-0.721199958192682
1.38236537187338
-0.83423203182158
-1.71505637087217
-2.69165901416817
-1.96277312625819
-1.3781605078769
0.100743660200489
0.598655952086747
-0.729037978433202
-1.70352294615729
-1.6715526010488
-2.09619419604884
-0.824833641240503
