y
-0.591328285634926
0.403915400553091
-0.577708399601045
0.134437946704784
0.369339350809682
1.00451913771252
-0.398453000956651
0.0704543605660863
1.22908800337501
1.03582907562373
-0.417259626299531
0.205192936844925
-0.145198434566536
-1.21425421835258
-0.130860939448633
1.58187153601402
0.578834574831008
0.242000478649848
-2.02541316042232
-1.10315294863724
-0.979145492815325
-0.495775515911752
-0.837220465396962
-0.459125047827158
-1.05490564804504
-1.81439386488814
-0.30552573592318
-0.840327720930561
0.669332716267197
1.82191817703672
-1.78460815227395
-1.78800129697151
-0.102621550886992
1.41407970777731
0.721761503385708
0.0274142830299456
-0.290205494381436
0.456441976849304
0.676768175941309
0.229838411198051
1.22389648931499
0.538514659429505
-2.16952627517125
-1.42266981874626
0.306032777533751
1.20640361439338
1.47883738288281
0.515558109204679
-0.945545283309461
-0.947803852321328
0.29452382151994
-0.397024230545346
1.2190285360057
1.14193236236373
-0.342907834134919
0.0860697273303349
0.35950963091175
1.93885190442789
1.27542569185412
0.268930878468201
-0.984709664726408
-0.943203628180273
-0.962483796145715
0.0792930569851399
2.76287214471197
1.16808930315996
0.46571689602064
-0.633644886897572
2.21550774366834
1.40005099129792
0.602453058825608
0.896649001843392
-0.926676081441987
-0.264534237101887
-0.951543175992515
0.178518545705784
1.14429176088439
-0.853882291372817
-2.06633414370197
-1.47600233724259
-1.45908192592729
-0.858200044408755
0.406929563336033
1.233558007867
-2.33450806095504
-2.28074101150373
-0.824057134158312
-0.718138494340583
0.553840947848639
-0.662036765530032
1.32926080821522
-1.37454248934943
1.09111216538535
1.79658456298638
1.16951822669814
0.934482339126028
