y
0.621303259300472
-0.880652429163217
1.35205737833933
-0.4369509639174
0.752808187316509
1.02994431347351
0.0865731036741117
1.27144082126355
2.29403319872176
0.841316455871205
0.344609400285363
-1.22951702616806
0.419946894260528
1.01256694841852
1.42983408285376
1.09366405756143
1.83162574548511
0.14536181043268
-2.12906328429714
-0.465952425319907
1.54715960014246
-0.559825310004874
-1.99838501317421
-0.538211445823259
-0.690720853176598
0.480793200558556
1.30011451437053
1.27367635818867
-0.0270835228065851
-0.305575186732729
-0.290510072502407
0.189346584511837
0.208318123056507
1.96746639535871
1.16643748796962
-0.988600565032307
-2.04905598192251
-1.72174872892033
-0.327860370980899
1.27579324582684
1.06314005998539
0.402009346252828
-1.52763974123102
0.772538659116087
1.09593114899774
1.31430154303086
-1.29703247390775
-2.9968808208092
-0.227479376329416
-1.72133323527636
-0.670305403871244
-1.07260202542856
0.0531755958985802
0.112918705544114
-0.690989008854218
0.96616982830463
0.657548221798576
1.54935247749919
0.43949549754003
1.92166804974265
-0.392741472716259
-0.360815297253561
-0.186208921539178
0.242785722641925
0.959748531063752
-0.746112902441602
-0.204005465810121
0.163126049745552
-0.378298583213996
-0.612882271923641
0.170930337424625
-0.377091495462474
-0.123540203491599
-1.71357558857815
-2.8239962806049
-0.409609794813549
0.669304685090998
0.76356272068835
-1.2994844141628
0.241381377987469
0.881040176802308
0.470822800209962
-0.873640217629807
-0.819563459917381
0.182606669538295
-0.867467398506896
-0.5294990859561
0.589128681212958
1.87352986214422
0.695730777670179
-2.01684464888663
-1.260162785566
0.718429878062451
-0.0996390294188582
-0.324231128010278
-1.64318285968133
