y
-1.73112096821751
-1.64072232821414
-1.14288039755891
-1.60850647926534
0.0169902975245577
-0.0218865815539109
1.37305047346929
0.448128042512674
-0.250384145640803
1.80921934444798
0.604320086481058
-0.0069254519690958
-0.782563107191408
-1.57111730864263
-2.17289416221597
-1.145561365552
-1.33909674426005
-1.69867549972037
1.25373539194302
0.64178462844053
-1.1185785775395
-1.97827909425551
-1.74325762166611
-3.02841321297478
0.770225017047276
1.27042212640772
0.554408799456392
1.02739271900654
-0.956167375864097
-0.441922097067683
1.34117285834439
1.31329351265205
1.38813494038016
-0.609238346041456
-0.305118069793251
-1.88727364226871
-0.149535948662436
-0.681956891931248
-0.333909687004801
-0.752639715092909
-0.553276840039521
-1.77905191913171
0.1042146797288
0.0142214860387439
1.10838810025923
-0.490550154783224
-1.55556860568638
-0.288017272048035
-0.00867140595119575
1.47603352851019
1.07218453302662
1.16362470671376
-0.702686150535135
0.153051974112212
1.39269581626477
1.13632077518465
0.480358514844843
0.51427483832134
-0.0292342011638006
-0.0581665645088665
1.60404615895053
1.82017561644185
1.16103288153054
0.751075907168884
0.401950104164771
-0.38691694917672
1.51390901490462
2.87365046432033
1.23056676419053
-0.164029274075514
-0.506318505881417
-2.21127091824407
1.88223093439327
1.73793572911632
-0.657017148583036
-1.08579805642483
0.044353544031539
-0.440140914758099
-0.659662592475087
0.228666223803948
0.268380933239378
-0.319919608921782
-1.13689800545557
-1.75509191096054
2.17521297059128
1.78556905719466
1.11320880207013
-0.624274107333649
-1.06624191744515
-0.709669405487997
1.8398221411591
1.68763701418253
-0.0590128856297377
-0.184510003747489
0.234961488975493
-0.251412802935336
