y
1.16881885145604
0.339206240317851
-1.39027520640384
-0.428889038827182
1.25205707647544
1.73898448183595
-1.41572655555898
-1.38064858673661
-0.512745266166178
0.641668691686346
0.132077769788504
-1.68315567490674
-0.221233472787688
-0.305145106915917
-0.898713458094174
-0.677461662049681
1.85883650693866
1.01447052758969
-2.28168932755087
-1.65007826231273
0.484869403701849
0.979620724201813
-0.144070367938877
-0.578994966331934
-1.54639904164982
0.3517957345781
0.710044404874373
0.338067610746111
0.0620352700708225
1.35746049504361
-1.13472340022968
0.323300559928191
1.11538826401452
0.602496535444783
0.46182074059585
1.79927981807616
0.449512907617664
-0.751727705931959
-0.622338001737915
0.844436058832695
1.34360072432434
2.0319825604756
0.423079313041071
-0.140747507038402
-1.28141860550823
-0.272907466498286
-0.26520201506853
0.20141765438386
-1.30257710989253
0.321217644953293
-0.194590786230781
-0.659380386741144
-0.923809738022711
1.73983826603111
-0.754259993203722
-1.50546578664402
0.285101763119299
-0.657949919545162
-0.526030794375359
-0.162450289392043
-1.59985744658551
0.0514393267396359
1.0450157619266
0.290089246307813
0.0818602602233389
2.39905073387667
-0.431788320426481
0.413156805702731
-1.30205126915301
1.46318189187858
0.760668024323784
0.593028527867547
-1.51380361947925
-0.275724517792276
0.208090881023826
-1.10217955587782
-0.0714881225846818
2.77928769959598
0.745473992046257
-0.994266400507451
-2.65409010594264
-0.0121615729837425
0.723254933897857
-0.197622038679836
-0.199638742193465
-2.42796263825952
-0.0496960622296204
0.00761518338255479
0.228741538085345
1.36401484963538
-0.924818063281496
-0.612919902379681
-0.878578263359129
0.175262511509022
1.44898375522655
2.36874961861418
