y
0.563428822739796
-0.317050127201715
-0.407267017672145
0.245359492453425
0.00334189912909991
0.0171904870611356
-0.821934428760653
0.971407119395774
0.145567242724508
1.73406904933717
-0.101584449544684
0.209172690999181
-0.492729235491158
-0.557564276385205
-0.916354418864758
0.406059097105376
1.63717106120107
0.876484537206781
-0.233880127267491
1.4898182818355
0.776030690021103
0.297323106332214
1.44895821999634
-0.914031806146443
0.496112189039344
-0.159496356933993
1.62143828489545
-0.380599285327825
0.694002203238019
0.0438673556127379
1.87569861189684
0.548274187717664
-0.985326922709798
-0.664271612550758
-0.26737924117754
-0.00891331763610081
-0.463658316377516
0.937350321626628
2.26586141027727
0.887204365089968
-0.197796801400299
-1.52194688996095
-0.952481613269145
-1.20153668561743
-0.078280328722192
-1.98931519697884
-1.39522518987053
0.394925493033608
-0.0414551070515758
-0.55995379123764
-1.15510569947456
0.832286443751906
0.882179705968061
1.20339625491134
0.642640051001893
-2.27524793883337
-2.590395966439
-0.521512205773477
-0.585149901382935
1.13835591052103
0.882125457769899
-1.00314902508368
0.539053699915339
-1.05593420102386
-0.44907185835741
-0.226568338043173
0.186245193674406
1.21187714952339
-0.166120851204411
-0.272448281720177
-1.52843812546871
0.0731572463012466
0.134937337811844
0.114139623660026
0.475667677035481
0.281613847454194
-0.695210643249478
-1.96889117114135
1.73066165488829
0.652112829762132
-1.05052446484256
0.159049497188395
-1.21208301533459
-0.849992584508351
0.670450484012162
-0.259946393086577
-0.176190737850572
-1.45113812668013
-1.65272460215292
-2.66955986420523
1.79878110367757
1.98465354053987
1.54249338813121
2.33569517421428
1.31930413140263
-1.93155708306969
