y
-1.39179800647057
-1.4126751742124
0.595217352096669
0.485433087181579
-0.729355270504154
0.986847034200288
-2.09649804677298
-1.15502445758418
1.00862675691688
0.680114190725486
-0.744678919790205
1.88259230517221
-1.21589644702168
-1.3403072696077
0.84410837503056
-0.0777846804792445
-0.307770316587555
0.365289029385387
-0.523374515321242
-0.0326765173378982
1.27311753350778
1.50996899021951
0.330733109858342
0.223155890263961
-0.165521505422419
-0.429505493186341
-0.0181380223515033
0.730457448511475
0.429759226536167
1.12779221401006
-1.52359753383861
-1.64577381330637
0.584096651981298
1.85691019302194
1.54809534776674
-0.548141268522148
-1.00623053838514
0.666506157745373
2.14677422929711
0.542500147469396
-0.866548921538354
-0.00929056824346817
-1.44794532167814
-0.651344966642111
-0.693457161099612
0.429093429631523
1.59135968940128
0.111153738788219
-1.00916309496105
-0.0504441478210034
-0.305165835634085
0.0949681286230448
0.354091245173972
-1.53252262469412
-1.5002074192995
-0.623532011997815
1.51633432751628
2.17281838972138
-0.765925611273285
-3.42569718121296
-0.702103049802095
-1.0353086891244
-0.946075740586534
0.228296487340637
-0.388138155189383
0.0573527509061618
-1.40709859658467
-1.47295004493798
1.39765335065174
0.990054982575906
1.47751680434077
-0.11640256319361
-1.0223032761269
-1.55241224915279
1.12383820744261
1.73974860297819
0.601055406888709
0.524836698442059
0.150888062933449
1.10427371219453
0.555297575303604
-0.376441804367943
0.0127655503569859
-0.023351438169875
-1.25684646365763
-1.05570703923028
0.709746726532909
1.99482235028858
1.39663352598526
-1.67884374495264
-2.96449939824076
-0.487037545375999
1.29056798805212
2.31396042776757
0.849646082701371
1.12464294805431
