y
0.26324307586501
0.959349470451937
-0.617368805212389
1.17652152039241
0.887074986914359
-1.471929680707
0.747206809287113
-2.32037742246329
-3.4742813479055
0.370102597709081
0.827422965539027
0.0917022206868651
-0.101322243286398
-1.67933497342832
-0.190789063973054
-0.211968300015152
0.679004288527799
-0.205648030165524
0.548775271131798
1.17738004612726
0.237766592390389
-0.97820544827685
-2.78104503213316
0.0893882455693995
0.554492922913608
-0.529583085225386
-0.638874711782934
0.571089565159877
-0.253420753844772
-2.19869157883692
0.599321698317875
0.165700054055906
-1.01023409679672
0.921140739846382
1.48246887953196
1.21451702290386
-0.24898614435911
-3.39389159409663
-3.3597594294353
0.232752925255215
1.29073926491285
0.931264582844791
0.898112841146743
-0.527803683697935
-0.289314639604354
0.368488923405391
0.447150309369882
0.183694221893487
1.40363504367733
1.14132664822944
-0.0328832458661006
-0.0792482402717191
0.827815896392444
0.837695595915795
0.95071745826185
0.276813577948325
0.0353026023710834
-0.969684116507056
-1.09374189939593
0.00100363501316092
-0.22095749619882
1.11558098221176
0.906788948774474
0.284764178585386
1.57215573325403
0.799249358170623
1.87286615738848
-0.693131639509024
-1.76087488244
-0.863191442884858
-2.88303306732587
-1.75102585559554
-0.437827898349728
0.2988722066146
-0.635905414465367
0.614587147874367
1.27595873842171
0.0884598144074361
1.07141076999633
0.895542383845751
1.01664464169725
1.65773382642077
1.19580809266046
-0.621132207619634
0.883510966006565
-0.631970633058086
-0.434610835242279
-1.67478828136927
-0.397453555792038
-1.26981154606606
0.328910071474774
0.972274323000259
-0.0111045479604924
0.863917149959923
1.15279748804854
0.6871913923914
