y
-1.50264346058399
-0.651123593296494
0.143890206964165
-0.864275502777762
-1.16247082175774
0.548957883269113
-0.130337256472677
1.24687763652852
-0.582539066173426
-1.55633271625575
-1.64306141648036
-1.42960607813206
-0.657471353459056
-1.31880133543405
-0.613246469178464
0.458219059288982
-0.18755465602155
-2.0369834638642
-1.01445749734211
0.524538807663649
1.0673134732322
0.362765186964789
-1.47993534763329
-1.99696506348364
1.91933949465304
1.9601233746271
-1.42716411045998
-2.2322468074728
-1.88744550903371
-0.774156547441074
0.0161793073778721
0.291489908861407
1.22437319422186
-2.28628625584104
-1.07320611802157
-0.975114096487691
0.603900664330464
-0.846493162199941
-1.25754391303182
-0.977193458816385
-1.66075920602432
-0.763874370740836
-0.453835781543306
-0.519633753879749
-0.283767147280919
-0.423723838349349
-0.957901720857907
-0.567942870318203
-0.691495401132036
-0.726212253703943
0.172980178052992
-0.660799627975577
-1.28895318782059
2.45521233701834
0.769600281456833
1.16034828830646
0.909194014980404
1.31879552544542
-0.672643105234684
0.482529096806299
1.33644720893298
-0.836933572606281
-0.854570736072422
-2.63899870825236
0.0172555680687578
-0.417898541492343
2.45546198297305
1.91876609054622
0.102875991125815
-0.956666087358533
-0.684134450654584
-0.111432547024733
2.44938924514984
1.59694900562132
-0.306144445762032
-0.756247130532565
-0.825234800257705
-0.32332227725122
-0.815648191514817
0.570380615138321
-0.0708404090733546
0.494861659645424
0.441188202625638
-0.0485686741977413
-0.293600755326865
1.29475970473177
1.03305705572662
-0.704774874103817
-1.28093755261815
0.89024480688993
1.2800966292894
0.627926729319061
0.637323561599426
0.141911518847919
0.417231949101529
-0.705025796558934
