y
0.853744478835958
1.28271041544683
-0.410607378095491
-1.45817869396436
-1.42207198369662
-2.25475776638348
-0.505421187180787
-0.484021833606187
-1.00794780698527
-1.37490869763803
-0.185996815964382
-0.322197708053149
1.58820643434815
-0.650008641590945
-0.704841116383103
-1.12060428364074
-0.684495312092816
-0.251482809981598
1.42062603857715
0.85687445688639
-2.0711613182976
-0.395206762269926
-0.0313512185060585
-1.02097044418609
2.17427107719413
1.86507082572574
-0.0443381556116451
-2.08870457422865
-2.05960930119603
-2.07412189861215
0.127007222467879
0.742886945684054
0.4149070584162
-1.22207541366042
-0.953824264988334
-0.366013127412116
1.27849376299942
1.20861087111815
-1.4305340389773
-2.348253969079
-1.48769227873772
-0.539540747052103
-1.10649918790832
0.121577881376502
-0.214236489598618
-0.41217662241026
-1.87136832580428
-0.956114568077031
0.878655170263703
1.47488815307457
0.431466287465659
0.25574342529986
-0.834016109740484
-1.03295415249231
0.428702500410903
0.343387278538529
-0.915566740897191
0.0375822773852837
-0.678330856216443
-0.127038733795203
0.701837711351246
-0.811819780363912
-0.474727172582552
-1.50419799471959
-1.35561236293599
-1.29030996586156
1.13098635385426
-0.0754606786894104
-0.0847358165450215
0.6057814106911
-1.04109443493277
0.24108291128687
0.51224357296036
-0.120302044047023
-0.408942849499284
-2.29276004581468
-0.0102734632598643
-0.871384348286441
0.650486083040081
1.44681296759059
1.07657733045822
-0.963199930800421
-1.64096013190397
-0.150635462288203
3.22780459111386
1.38903001132486
0.744654804033296
-0.599598100316692
0.630319060881246
-1.04533053227226
2.33549463390481
1.03966710555669
0.989630523397538
-0.261533762708983
-0.78274672571076
0.122381067809943
