y
-0.146260681436763
-0.083926707213291
0.999228001427712
0.957215986612085
0.262400541285
-0.764301774959309
-0.61043368858233
0.495586257311878
-0.236471902018377
-1.73040563292317
-0.867659709772537
-0.728721678480825
0.710424904422678
2.17014544691783
1.1703152260406
-0.147066515625393
-0.324329942228336
-1.12170510563509
0.645405055719797
-0.214666681257157
0.120523183526972
-0.697659932156917
-0.532371401743353
1.96920759544928
1.24956094185153
1.44423116222751
1.6763056583459
0.976350024066835
-0.571834110222221
-0.638635769447275
-0.802389288435386
-0.88393655273965
0.175867465295151
-0.792092131878181
-0.456969750386818
-2.63076813346866
-0.0681857135559645
-0.090655156248063
-2.68851763117461
-2.92763513853007
0.595653633223391
-1.10913966427435
-0.221452718342553
-0.360192985249815
-1.40063191407653
-0.87964873177272
-1.81622379826151
-2.01492616928908
-0.025623268521733
-0.185816698122282
1.27304238485285
1.27131388822791
-1.05692562120626
-1.61657423879371
0.956181767983149
0.0866433865598373
0.344147034114589
0.367742006578162
0.0224835883730958
-1.16824746783328
0.453074402498435
-0.220905611508826
-0.548002440297361
2.54050469994499
2.11443746734822
-2.01592797984316
1.42877627395726
-0.823840380771853
0.86489541069009
1.71388737402725
-0.358766397579367
-1.22729243608194
1.11589457099905
-1.18852837666583
-0.442701691319103
0.76165304751777
-1.01436072755775
-0.236665794082646
0.966344354382767
1.79686577024744
1.21351931385999
1.80285690865603
-1.12500119592431
-1.4823166721239
0.388058969357964
0.321181515941733
0.32762983088927
2.15870775403758
0.541589442602849
0.11337467052651
1.00758447647786
-0.245078828047093
0.691168516743656
1.55388292559827
0.474491965117633
-0.747962264169694
