y
-2.93810879447949
-0.0140305287656414
0.835561356919088
1.31929158659552
-0.411637717799295
-3.10607621402521
-1.16666034958765
-0.261542979264959
1.64182716261679
0.463882066221528
0.0797100682306443
2.35921078267308
1.69047495446949
0.389188727781407
0.644592076385027
-0.24607231511714
0.531298474098587
2.19441644357548
-0.603167549889263
-0.574203655940524
-1.11652609667646
-0.9697987281634
-0.154199959344502
-1.32658987580331
-1.04124276621147
0.114359182517188
1.28074976530061
1.55658015595299
0.265969719752581
-0.460514075777886
-1.01405035348845
-0.515008861581381
-0.257103031032515
-0.454728182525963
0.405323684544311
-1.86527135266364
-0.226445745531552
-0.494122459148885
0.341020540838664
0.024835085129515
-0.236864455961303
-1.74606744970061
-0.487671870730575
-1.21087693554151
1.48000604829165
-0.422925356282306
0.647602526329864
0.190260525943855
-2.00526996854811
-0.631669356468413
0.665308231660504
1.26831305479717
1.7299517233757
0.959141555551655
0.552627597312949
-0.726419413488388
1.05043970650584
0.809510927615582
1.92200555218389
1.82339464922982
-0.37441352378811
-1.51935812367045
-0.67584729433358
-0.987246991365297
0.29970321286801
2.67248472699646
-2.27724575603547
-0.473180101044073
-0.446816081391907
1.62214173123429
0.756215442049606
-0.894672704899729
-1.49817748077683
-0.509110506005163
-0.31255676393532
1.81017700144142
-0.135004906201123
-3.09103535476719
-0.8861857663422
-0.504067964491443
-0.886180534276332
1.24477780829599
-0.291562431375153
-0.766881930444867
-0.00187835792601621
1.08073493282449
-0.578285128323943
-1.53193200433935
-0.876384235850174
-1.5748510885675
-0.898153840054881
-0.760292745467124
-1.22868606174931
-0.513903214928679
1.65367520028711
0.198494884127764
