y
-1.22383842332787
0.160247262502241
0.396548671903453
0.76329149482876
2.27872261305309
1.820648629744
-0.672014086401974
-1.2679636618054
-0.207450698264568
-1.35836609877385
0.871586250899852
0.775824454701138
-1.11702468536141
-0.0435129966443819
0.018598828591248
0.724716239521774
1.92981544305292
1.64079959086552
-3.06806324171128
-1.16666781937233
-0.668229466415347
1.24205775758654
1.8137329159088
0.231162759723247
-0.504984511838209
-1.16264846811769
-1.17815379871774
0.635043098617269
0.113309295211736
0.717711333147851
-1.73900153478687
-1.33586292382558
-0.141092613525529
1.44019932772295
1.34363026373305
-1.24487343703818
-1.53967114979309
0.420213164276428
0.022142531501264
-0.0266861844465034
1.53576386396735
0.957545602933616
-1.53692866134728
-1.21014797322538
-1.88047180200519
0.0250026604699829
2.27908758244739
2.95195571480624
-1.70857407155021
0.109914153351752
-0.706710466694943
0.386607646470949
2.26740695065686
0.877127810132005
-0.92682448666907
-0.0671674438835513
0.551766535718016
1.2293374459691
0.662183329257841
0.128885144505166
-0.584362363439519
0.110601503195407
0.733592158518716
0.9553507367235
2.13723729063391
1.87786836172157
-0.881376542893234
-2.12639311384658
-0.56440883802918
-0.375326544753067
-0.302005730315739
0.49885133186762
-2.02558341545508
-2.37308206671255
0.742186968444737
0.751846750489881
0.810743426034613
1.43978450259243
-1.05668345394741
-1.22423092614795
-1.85738570519878
0.769773487315072
1.42748467069916
-0.135171715146921
0.152810467505066
-0.486121899030504
0.303890750861921
-0.285483602510086
1.36790984211268
1.59695954053109
-0.401294622165593
-1.64379609635471
-0.805489186467529
0.221169977548228
0.102508103929908
0.683089607882808
