y
2.23503845244963
1.37524621263807
1.94701378291158
1.51314715240219
-0.701424126930146
0.236879271788915
-2.40428281283941
-0.119586851069744
0.444363332001122
-0.972117114794035
1.01287190620291
0.860196809044817
-0.373212285746601
-0.516401329495896
1.81058152489138
1.06116105625456
0.191795470099092
0.408087970478616
0.424298694159886
2.15608571564177
2.64761181455935
1.28902881907167
-0.0358517729645438
1.59891520505199
-1.16978246741833
0.317244089200986
-0.0394252221402427
-0.622891798614483
1.80020348078826
1.56920542140984
-0.643044309532333
-1.80855503092671
-0.381272093036663
1.81014528637606
1.95692094486645
1.05134140922541
-1.76729276564449
-0.908235400151954
-0.396643167196333
0.317384460661869
1.2345569070165
2.49751709406942
-0.137578527115904
0.26757597001783
0.16269100625499
0.961540614359814
2.07700092193022
3.06095519383501
0.133012415205441
0.391687363211007
0.933885236839618
1.09283136040489
1.19773789456314
-0.104743507828831
-0.162157099689975
0.124484363973907
1.13363585048048
1.39015511354207
0.852562793211274
1.03167146109886
0.522533863400463
0.44546260984937
0.391044793703664
0.772320925995
0.132927410406395
0.19904437759585
-0.750597359279181
-0.579792371960743
0.934982627823931
0.230707047870923
-0.401090027209306
0.0738435827196549
-0.647779416893505
-0.279567433049745
1.31587629178359
0.370534527906781
1.17970557541142
1.51251424853466
-1.27681256126505
-0.28544824674364
-1.50896192118581
0.394527264285307
-0.158227044208146
-0.00991962085189413
-0.00104117228422818
-1.43976525464264
-1.85056767693459
-1.42710472481576
-0.35381550974905
1.74125514635096
-0.427160654674022
-2.76794680618122
-2.03285323112761
-1.35172642338493
1.9235241500373
0.0414243084970357
