y
0.797596279942818
0.384700170822633
0.192273784244751
-1.43386986538463
-1.09935833425205
-0.366672773087767
0.635236204091185
-0.142918326178752
-0.474950529647264
-0.691404820296707
-1.67637077742634
-0.750990352688706
1.34522284202666
1.37895621836366
0.634581437183063
-0.897744434686647
-0.991037900331279
-1.44831344211095
1.64484588984571
0.692482715050458
0.102272659542468
0.0119608113439454
-0.51881141451299
-2.04087072171426
1.79855423711182
0.827576401085791
-0.326339935679284
-1.72976693589259
-1.14303710058536
-0.926087960559012
0.321735962984626
1.10465008753367
-0.782521007846208
-1.00675069269434
0.101923145624286
-2.16640560420241
1.52075679219588
-0.415210227244582
0.327013569041077
-0.838647563814346
-1.14439874215128
-2.30963665494306
1.04771341692366
0.460675647743164
-0.203755693805061
-1.2092303971243
-0.579882115986018
-1.9532492617065
2.08522011879797
1.23703421272394
-0.493505850619994
0.0788661654448956
-0.986116860616414
0.366197475103629
0.754942284907015
1.05031072070837
-0.437899691990968
-1.33818482110961
-1.3931928917689
-0.796847482286641
1.44699530662558
0.687478838114756
0.571594695056587
0.338362803802262
-0.603339092394474
-1.0957756534367
0.981967399400852
1.34677906108644
0.0748586401212166
0.485974625401281
-0.310182390517421
0.026978193348545
0.909104337892891
1.49645760649705
-0.133813774283447
-1.80608800703782
-2.82684120394878
-1.0921330056656
0.948463356571707
0.153775538713324
-2.08319820742253
-1.54401295812748
-1.53920408885475
-0.595652639134341
0.0906697812180028
0.479995227165962
1.65798115556379
0.608203313104852
1.23478136951368
-1.05917351606267
0.628810890603595
0.98808655886458
-0.00324808029124934
0.455818451990953
0.282089621006426
1.02740049134888
