y
0.423109055664615
-1.49865443707343
-1.66071739040016
-0.484891952079754
-0.615140046274
-0.365895033580892
0.27843596932452
0.475052339496289
-0.894066268235257
-0.0562822473820552
1.60453805446732
0.127669248299608
-0.383529851815807
1.05522185657347
1.16643133844632
2.99310294312423
1.55307764884944
0.0029568730114431
1.39577024960555
0.796710418452038
-0.123367476380258
1.60520285989699
1.01264750415111
1.48269617909608
0.503618899004696
-0.34288262223679
1.86051241671898
3.24458270758738
2.4802853681964
1.47457803346612
0.512495933554722
1.45326854071918
2.0227457109827
1.17655114612284
2.18299931384193
0.126731556461579
-0.551161284909108
1.53918956337833
2.06791305361528
1.38136489716965
1.38682992615488
-0.428107683974728
0.116219027969411
-0.799842384307565
0.799032135257089
-0.688659234558695
-0.0521151802045688
0.488290066887257
0.441841054107811
0.321107137042471
0.605207805493138
1.99453115543249
-0.0555489186555375
-1.60752657894674
-1.32473827443014
-0.249867370313077
1.68229195670598
-0.224063165641861
-1.25177760581313
-0.180359411860233
-0.90681985590737
1.1958244120365
0.753131066563465
2.54623964442938
1.20695735847744
-0.216663047292892
0.321585672108969
1.19231688002681
0.569582223483725
-0.205297761663049
-0.63175356960118
-1.09204679620134
0.103594302413746
-0.862870978321998
-1.57731465006634
-0.388036143317439
-0.360057624737729
0.129240062314368
-1.60990010904077
-2.69285735356408
-2.4240616901168
-1.38951769276323
-0.583220988580082
0.560586165655608
-0.0472337608244863
-0.217368020624665
1.41867529619204
1.34544105234725
-1.23873119490934
-2.1245240294191
-0.145602313645195
1.85694056730093
1.46716506077371
0.14921746509181
-1.33989159961953
-1.15809444525583
