y
0.923299237375403
0.460675646759714
-0.821548618033193
0.0243019021444819
1.40778718880607
2.09737931598758
-0.111680327243403
-0.899126348951537
-1.86626345608346
-0.271345811287001
1.08774759062871
0.93794717723916
0.564738221473961
0.263046459271455
-1.27395802009939
0.207836721774203
0.672486649234235
0.51649117614225
0.729025213849497
-0.343942738536257
-1.34001546033284
0.897169879481438
1.10979107947163
2.22787726493793
0.0874934862784196
-0.315086196946844
-1.00441924650748
-1.68913110633027
0.921899689453338
1.53954693758955
-0.37607232436677
-0.952215322082097
-0.277809587488735
0.276088984268696
1.56068447392565
0.684438828636584
-0.613886231997
0.0545322221920179
-0.754829624187264
0.244077130285491
-0.429527610032394
1.54338612253484
-0.932846923390489
-1.59588012916615
-0.954959933024267
1.46792099461787
-0.875249893192261
-0.471644889036313
0.535149013216069
0.0459928301841795
0.332991468104204
1.94008913748073
-0.999045595011945
0.28504437512341
0.626115738315422
-0.925573007375997
-0.883636203274413
-0.620831818057027
1.30392739161017
0.29445266058199
-2.46121202276041
-0.14007678379132
-0.820554419582898
-0.108416393134516
0.849186847126922
1.47220557365075
1.19393899890083
-0.572381027605569
-0.44397426741526
0.834226490170011
0.581124713167134
0.906635517171307
-0.477788788765982
-1.93964151193446
-2.17088430974425
-2.04706053389509
0.380567382111456
0.751770820995002
0.68139756690641
0.724042384127079
2.01632899508049
0.867600260028892
1.7352709651843
1.17539422255902
-0.260562814201982
-0.963725492700027
-0.389359897740907
0.392159026380112
0.982363148150227
1.10629843402416
-0.0493935359522431
-1.01212055453437
-0.82067833665299
-0.915381887467831
-0.339967177321205
-0.0788377278006012
