y
-0.266213625158166
0.244267269236794
-0.451437643495066
0.245356690829679
-2.15524245516994
-2.5388837925807
-0.0927691327090087
0.497338529681478
-1.80722850007572
-1.39388609863912
-0.953359282911669
-2.1828524454007
0.499475430361686
-1.31009334402568
-3.20725549855047
-3.56966113497035
-2.15091707467024
1.63651413716354
0.956913113615574
0.631748559143548
-0.630569726153421
-1.91554314240953
-1.49523857231322
0.50511395277365
-0.395003481122257
-1.71086971991205
-0.82589760531346
0.387150927146371
-0.140941549488746
-1.6530230232942
-0.317130527443852
-2.08167210911244
-0.437878860271371
1.44287814120091
1.56999373853379
0.783257064843242
0.437493289322295
1.75663763063497
0.632202902245612
-0.079849196490666
0.653736835574402
0.775867518754854
0.666678256677145
-1.09427724748949
-1.02264759528057
-0.865836061474367
-1.13683707872951
-1.83957882587016
-0.371028269159399
1.05427043593461
-0.627328055289941
-2.53524216287197
-0.578703588073916
-0.00625351317901862
0.243359369590422
-1.92311140551565
-0.477151962801795
0.761010417069937
-0.064140890047051
0.115337980649371
0.0304726526096393
0.775409577265094
-0.640597517817431
-1.51054798661247
-0.240545887708956
-0.305269709601282
0.307438470591001
1.44256930296399
1.51086972561905
0.528548670809548
0.845885713996694
0.596901255238709
1.35164847934393
0.20752325740096
0.753378950929311
-1.24548094512953
-0.579796530281091
0.467390188578745
-0.0872435518657674
-0.460405573025812
-0.369116299945348
-0.668727649562238
0.206371384432818
1.84850301739168
-1.08978429601056
-0.344033880353631
-1.21959406736877
-0.797303540227028
0.303807849628157
0.245603801958019
0.47002373805194
0.875616224471133
-0.534506244162883
0.0657991491388832
-0.268887206961625
-0.84521573252832
