y
0.130601135335017
-0.295626088688316
-0.201828965718367
-0.959670409940636
-0.34325761580549
-0.564394072594614
0.176483922261447
0.436400079377147
0.365075649037149
-0.715570208276314
-0.3254170828483
-0.84298013620608
0.371046212242997
-0.473984391129231
-0.516066087386997
-1.78124329330147
0.553854447340764
-0.64171038608017
-0.0873596157080488
0.614099997743785
0.279667070104778
-0.326143573330315
-0.516831434022282
-3.2875316767261
-0.228551019368145
0.216122564664609
1.06686743940672
0.331067249643509
-2.55528127070086
-3.11499009263622
-1.17798440698576
-1.66017553465962
-1.78725291633664
-1.17481564054399
-1.78359147847404
-3.20283026378624
1.46351723491372
2.33306502850465
1.29123100529656
-1.33883510992567
-3.09018113082738
-3.17651671258223
1.36597105124682
0.62404523278119
1.31370383628397
1.08015246199092
0.365797977985925
0.187032815274161
0.0109172800230426
-0.727345687950347
-0.170013753324781
0.0617097551524569
0.566369944357903
-0.624893064127746
0.134503910263374
1.01354743307075
1.36095937125368
1.36947572256845
0.774715933305067
0.737196424532834
-1.41224320463252
-0.44164490280955
-1.59447507922829
-0.511834794116013
-0.393211353088993
-1.86481623839766
0.599143526329071
0.147682356594257
0.512438056684639
1.94783129280919
0.401892963548671
0.856061414741374
1.0739929970259
1.58432385637306
1.71841567505527
1.28307710655715
0.701004589777366
-0.939085662341926
0.979280097953558
-0.104590674576389
0.498870416535886
0.517257871389151
-0.868326583661452
-1.19111579620012
1.11526727223251
0.875924544595002
0.23662484388398
-0.724755953665667
0.212560496483864
-2.011267985676
0.598866464663902
1.17830488188985
-0.587698151756709
-1.52714311939758
-1.69784797970178
-1.75606488341139
