y
-1.35776073817303
-1.85472568084711
-3.20612290599072
-0.140713598637451
0.643051879107165
-1.17037408481214
0.141570370515284
-0.556156082313816
-1.90635207401673
0.244968552268687
-0.451985238658529
-0.69327491605505
1.5558005576853
0.259856874116484
-2.57540914311866
-1.43295709083758
-0.649456900414621
0.118012322522027
0.0757423129241085
0.654486156642117
0.877711157598439
-1.11112174156798
-0.24256829336649
-1.82225687233628
0.0501151980620895
0.117344610059206
-1.36201227598321
-3.31654197561613
-1.46663454657502
-0.540241579395468
0.946019113696776
1.23815664151953
1.94629302191688
0.121113470469148
0.354797240928798
-0.679896128011905
0.904616498660322
-0.55857693997147
-0.0238587304562269
1.69759175774066
-0.691661670247607
-0.71080658726197
0.650038978156318
0.451781575309848
-0.95708242215427
0.0969508878124996
-0.276189289341509
0.701845643490404
-0.327201617099775
-1.3582511558292
-2.62810168837711
-1.81997482549122
0.389836538191129
0.482036494480386
-0.463648359576739
-1.18044360330297
-0.867218950641286
-1.12061145537991
-0.867750428043412
0.618303015077218
-0.0667576524890948
0.751757683933245
0.188086568506589
-0.283352661294865
1.20719037089671
-0.0719268078906671
0.908751643258289
-0.571331733344154
0.34532168379325
1.34130357368129
-0.436724508017486
0.335161349165871
0.859724976481143
-0.487307074474674
-2.60235173356447
-1.03580639273417
0.577628704945842
0.505268331701615
0.848716154126868
-0.398757184086575
-3.01603260650518
-0.773231390359932
0.627324911739749
0.204556511563976
1.18407164367402
0.211017392122318
1.28964460134332
1.62377040796996
-0.813937016376942
-0.499387187146473
0.149299179721437
1.99580545259449
1.63163273962575
1.58423816430821
0.1138858141065
-0.596117582785785
