y
0.815354194460807
-1.54795532540761
-1.38408638941063
-1.00187573200235
-0.366861004876501
1.34680231386557
-1.28576908832825
-1.68944664547413
-1.36071527833721
-1.13001275330021
1.03303664705032
2.17322979345395
-1.58791735387382
-1.13921505339019
-1.04057940185846
1.18826870453575
1.48292223391043
1.32002971406051
-1.23118314450304
-0.930359719650396
0.220729938630828
1.52495393352586
1.04357203984905
1.63250986498577
-0.671766850563256
0.680567640650445
0.845981935694555
1.88094473459502
1.87105651863059
0.620110413869553
-0.899230052259354
-1.56472365960926
-0.0275130900039146
1.73764417150082
2.34841578006129
1.17538693130157
0.546165879453221
-0.0135727741708207
-0.355976854390978
0.558572915586068
1.51317636923494
2.1183451670988
0.412233203787554
-1.22274606900339
-1.15056795764643
0.434375252887384
2.55829601831762
2.59662316949821
-1.45444527880642
0.167460650667004
2.16090961397567
1.73229814889671
1.49296400497095
2.42844124409624
0.0208173628854925
0.519732690463455
-0.250402823723153
0.247659047340804
-0.624337188743182
0.444966170713487
-1.45179974035039
-0.583380216756548
0.617280096462313
1.16375886382013
1.30624999118709
0.688402945891809
-0.326093349894593
0.0984717987384305
-0.999792737397841
0.599438848440947
0.142824590104057
1.17966871012242
0.0199739909888466
-0.842381818804148
0.692031388843302
0.268285505509998
0.859164428348873
0.0155056969093508
-0.216465225229341
-0.573914553907809
0.349869904878713
1.62572752337764
0.386473957269383
0.18851594473302
-2.35861774192239
-0.751359396549706
0.581769573619009
0.15212623091084
0.878557554396449
2.38141064245454
-1.83402875421243
-2.37125491201094
-1.98997415866907
-0.649019115041059
-0.25378007826804
1.00473469395694
