y
-0.286800586565739
-2.30130057743265
-2.93404766907329
-1.17436093294192
1.99191236677898
2.06888105389978
0.21524063136333
0.692342857966896
-2.03402896047876
-0.225533169337495
-0.429471234927905
0.954839966773179
-0.0115347884125409
-0.234401206677619
-0.137681630866468
0.176087367001768
-0.231388768472212
0.091740866330249
-0.0828611175520469
-0.0310024869067699
-0.0604516089756222
-0.381722256254484
-0.521087917359563
-0.684377855469148
1.51826455377169
1.58214564496885
-1.09497530519266
0.425635328426679
-2.14239032365335
-1.34435301270796
1.52786077075795
0.490202767784398
-3.5910164874902
-0.223286044960339
0.656249700872023
1.49366364486284
0.470597318329306
0.714066556150729
2.50014451257921
2.21997720084129
0.905897215900303
0.792501561247366
0.660750439068538
0.34910770656217
-2.10739172975464
-0.409818811787605
1.15511025651333
1.59293283481071
-0.620308391445677
-0.33846463577259
-0.0253737215551747
-1.46378136265038
0.958966462606933
1.48154916581938
-0.226015911250859
0.897773377558154
-0.336457521275213
-1.57526932163877
-0.433562580489738
-0.380035578354098
0.933852616390612
-0.115298183410853
-0.307604237742814
-0.658056904362286
-1.66070324946462
-1.36831320763809
-0.170705173092707
-0.112242918195426
0.975854458912907
-0.244122617467867
0.0270413731600795
-0.756163125160248
0.854973055227922
0.876308367687075
-0.0828624577712937
0.287487180138967
0.348325349854569
-1.0041536844372
0.250301920479171
1.3249247158716
1.64584732251583
2.63580904939282
1.07050471549637
0.503949775386913
0.182409799554465
-0.70533290589282
-0.433871117634378
0.950667626312577
0.0994446019570681
1.5863334371469
0.455004782525848
0.801206406734021
-1.1732703175938
-1.09146427093802
-0.39500299334356
0.941873507396993
