y
-0.629407165391745
-0.645613023899261
-1.17217021399716
-2.38898231056399
-0.172843661521311
0.797359512182102
-2.15829918139959
0.0258037324613375
0.154554663684835
-1.62812258007585
-2.05035175155528
-1.74262787294767
-1.13681785085931
-1.99682511188901
-2.51849740932569
0.219435645796819
-1.13236098994532
1.34417494236514
-1.63725951435954
-0.117915694754351
0.225140281497085
-0.561346991170062
-1.42395102511006
-0.354220722761558
0.351997123798082
1.02984526552575
0.367987721385991
0.0490008178316676
-0.622873801434812
-0.711343487683589
0.907478459356542
0.867375020760742
-1.63809668098639
-1.04014648817433
-1.15333974673048
-2.88607829470306
0.042746598201289
-0.377823020975639
0.312065431157944
-1.4019595493846
0.0921154342054822
0.969611459518907
-1.1213407634494
0.447033248779076
1.15119401941988
-0.529805620040123
-0.578732143139071
-0.290094893913514
-0.924067070013942
0.808327227642131
0.258462242474303
0.447483176615466
0.0160161861423745
-0.498268543689603
-0.451534984007209
-0.0870188298573908
0.963092393030492
0.101996036439856
1.57888217703627
0.299981443633878
-1.38666664768926
0.259536092752885
1.2238823685165
0.323143877770949
-1.54840723403203
-2.18930779601388
-0.498529097485163
-1.5749516407243
-0.133106315291403
-0.102580401179249
0.97294920457816
0.69372682697511
1.70434018055302
-0.551383612206011
0.616081121083594
0.0909712417477938
1.87281945753909
-0.338731738011253
-0.20603602313256
0.0800951553669562
2.084324072156
1.48365125800797
-0.53449151824646
-2.02658523978958
-0.862950888946463
0.363748953548979
1.61316581736128
0.714934189543495
-0.713106572758436
0.307839293680208
-1.59133267277197
-0.879771394415436
0.745314118557969
0.49758631231348
0.114419462115934
0.839433129076886
