y
-0.675784526397794
-1.59640576754985
0.554539352290936
-1.41363731439829
1.58049014042826
1.08222603746082
-0.792387456340474
0.346370060453562
0.876613895974139
1.33601165883678
1.28673608481676
-0.144881911869224
0.394626402374415
0.013964466819253
1.89657888062704
1.51143575265704
1.32022445557806
1.51902972949079
-1.42381964529075
-1.95966038763276
0.369754239098354
0.0052387017979455
1.84115398277109
1.06574186958551
-0.0423787432981603
-1.75124451229132
-0.451655353492406
0.756072079548281
0.427693242897157
0.569358552265248
-0.669897244381425
-0.275925932334564
-1.03494244166305
1.37907730163164
1.92882671469188
2.02755560403991
-0.68511064634094
-0.827396722415341
-0.134583076881775
2.25170149141459
1.66837210933584
2.92654631355135
-2.31105405413027
-1.77054155070804
-0.202964451028253
-0.877542894267823
1.57925222415327
2.96910689531932
-1.6569077954816
0.0739871674455633
0.151758701605346
-0.0548604589202215
0.546488651269191
0.1970825974423
-0.880878614561327
-1.97258679617011
-0.68880134590325
-0.403007539962796
0.82283743727118
1.0840252073301
-1.76440455747009
-0.103779405394636
-0.338178644299513
-0.972674687102388
-0.698973684187999
0.739994080817401
-0.332705246261711
0.306918569326199
0.328988350475938
-0.477003311844446
-0.0780204259153633
0.0732522796559137
-1.16772798223041
-0.431768973248934
-0.785787367432756
-0.277686698016626
1.47376725860016
1.45313652150408
-0.520961160253327
-1.14036881434685
-1.06138243280608
0.579543354755901
1.54402374321065
1.29955018134135
-0.811072098570244
0.415936260322756
-1.21652110954276
1.80442350527537
-0.900011559932977
-0.0947974906410434
-0.405866610117175
-0.0181389066068572
0.543774171059392
0.855689603858014
1.59305073658894
1.48002040238437
