y
-2.47869313542338
-0.963070852510006
-0.219946963841798
2.35375524831892
1.38012123669237
1.8136955386554
-2.32396836230319
-1.22801591486078
-1.29566195125499
1.89318393258064
0.12611172053084
-0.110164404670922
-1.19277680156209
0.183714999848751
-0.944975275492912
0.752684362830111
0.0391179126601735
2.30770028263237
-0.43556861927806
-0.53338346728586
0.186779911979898
-0.235629215210947
1.34663351253068
0.681089542325259
-0.171852497860166
-1.03943034611442
-0.883740052682675
0.26459068222099
0.442128244766403
1.66977639199183
-1.86657283613952
-1.14418608964668
-2.02291811875246
0.312198298098068
0.767233612087601
1.77162039643196
-2.00466421510717
-0.648577100638064
-0.740931838551539
-0.435120451944731
1.26509981792118
0.611067774971594
-0.525166917989938
0.794606651232086
-0.896562036127716
0.904844212622999
0.697848291840271
-0.205766162178021
-0.0285177212982948
0.266772848734005
0.594154931200737
-0.923410004517055
0.0814148868971989
-1.10007090513413
0.520538894457261
-0.0887501269020337
-0.39712466894339
0.480114613045093
1.26071869039333
1.72302858571334
-1.29333490525191
-1.05942651908026
-0.0305932261762762
1.05834673173429
0.504289056543096
0.218954565566178
-1.24698023128349
0.632616921709369
-0.553290326367691
-1.48475624331792
0.294208506782459
2.51816163489244
0.608363894133165
-0.294319915124035
-1.29169625620734
-1.3692044586143
-0.852578052916804
1.11416397610875
-1.75559467031643
0.0907687938787941
-0.211600045278888
1.77876655237633
2.03804207822969
1.6288975096651
-2.59986503518197
-0.0321878459900077
1.1895848636313
1.49851870751685
1.14236535889658
0.645046772938601
0.222599533416898
-0.272472945425139
0.495388572871985
-0.401532881062055
-0.561121402083661
0.928782638867973
