y
-0.114929918472202
-0.71364624354877
-1.13489089486879
0.116776000939808
1.64670564856708
1.66688499132884
-1.24428898478736
-0.761161373438756
-1.28136436492516
1.7764762497771
3.51195365481024
2.949490022734
-0.65811844456694
0.421145855646341
0.443702284702023
-0.183995948491218
3.55889821499636
2.90082992591197
0.644722714403302
-0.129831650945883
-0.75631095026846
-1.66983983335981
1.59143252054751
1.33663787323401
0.664668341222516
-1.22721487802535
-1.56297529969004
1.04420905335389
1.44779964217042
0.801460285007626
-0.857094270524183
-0.502191836997314
-0.941629901508761
0.0532876129436062
0.398876844335912
1.70000601164009
1.73003690867661
-0.680756877703131
-0.980235923304101
1.8214362824553
1.60811703304027
0.349558595185247
-0.586370956758681
-1.50276584182904
-2.58022029582547
0.977139623552863
-1.14217270016304
-0.0160631700477937
-0.440923628694064
0.682005348835127
1.72861424516202
0.209987756444608
0.0767594276413578
-0.105081710447403
0.305303470063611
1.09430540462186
-0.684204756016421
-0.88339363589684
-0.185205782750278
-0.823048806855482
0.697063465544632
0.830008724517564
-0.339294056440941
-0.508008052785821
1.87390879548834
1.01722919334162
-1.09559042639004
0.440061146651329
0.853542826324554
-1.25582860286842
-1.66603590736552
-1.08579883903002
-0.699050496660863
-1.1071983980862
-0.295329258999164
-0.456317668029079
-2.12571050801402
-1.87867922982307
0.445772901055919
0.735708149247272
1.29441107253547
-0.333521421931413
0.197241264936082
-1.02376221771331
-1.19731962259538
0.229183013582601
-0.426018175460679
-0.12643614359541
-0.824511971140118
-1.93852151553544
1.3061593759713
0.236271550624728
0.438048352409134
2.43890103963256
0.977806532881885
1.38462905816542
