y
-2.18957051761264
-0.657869900820332
-1.0292559962123
-1.06938850779755
1.10632077610409
-0.149768999323704
0.691759232264959
-0.313743607229367
2.42727554544352
2.7706587708256
-0.571449710187806
-0.52370533997558
0.981219600017535
-1.1457661258257
1.70082235492669
-0.416704023537807
-2.27747131999155
-1.117470124351
-2.53523944900225
-0.246935305211327
2.35095362297476
2.4155289574868
-1.09287486022421
-1.43483793702781
0.139385283263889
1.20610988204745
-0.739163140390856
0.775731695471702
1.11433215690102
-0.541934186313522
-1.49595375145863
-1.00784759490527
0.387487479795747
-1.86660853019989
-1.51794174036985
-0.646680330703586
0.305136136573721
1.88130144500578
0.896206776080805
-0.439649874311726
-0.706894894843506
-1.10456516314687
1.15911313337857
1.69744403362984
0.126381357341922
-0.541395574542053
-0.116184389293396
-0.906496983960953
2.70554703174412
0.910859456550605
-0.0501943144304019
0.281032926072954
0.615561319343932
-0.0137261902330627
0.506670175675365
1.02792571188953
0.507910348033277
-0.402032842263876
0.843591879663919
0.384006899683014
0.240215300912505
0.151075380519374
-0.78848269204723
0.118653806946703
-0.201275074884751
-0.421261648632307
-0.207640980704437
-0.769938215745272
-1.16792329787941
-0.707838983182471
1.44756775874544
-1.13091692025269
0.196808771641213
-0.57464209719824
-0.103361239604869
0.625051298415415
1.4226311351258
0.949518575867544
2.33125481393104
1.46755177659496
0.712827315540427
1.01093422940985
0.252403187135354
-3.07921171607823
1.08120634834941
1.25962936667832
0.185905967904756
-1.14038452493307
-0.388007269204376
0.757321778467235
-2.34286210079893
-1.91201418296309
0.897903224026082
-0.339050171927826
-0.127977637216476
-0.552397481461708
