y
0.0585473361573911
0.125737974665748
0.866436299188013
1.53200285897487
1.4722409579262
0.896873618406605
-2.10124053205901
1.85257155713513
3.30738418739044
2.53557023019213
0.714219054639271
0.856910901708345
-2.62108097809366
1.34642177785364
0.394629007693033
0.566901948582101
0.225944863608467
-0.53100515648892
-0.58847545585817
-0.468134737569237
1.73121287324639
1.1183508365509
0.678145143761744
-0.0453262410998674
-1.78241987690922
0.327670862315086
0.78847425893347
0.986405862021909
2.23001003562271
1.45539799638565
0.0194449657485891
-0.206794077584241
0.359357342944688
0.215896726372504
0.397908284226315
2.15499213871634
-0.95070339422096
0.245354787632177
0.127749822623338
3.72340175898392
0.825329371498983
-1.61267068792006
0.0200965555067896
0.397538672383978
1.71216852886024
0.203752894994295
1.42047836182059
0.600523508261331
-1.19697540882343
-0.581936052232213
0.485252471097993
1.57371345384705
1.59894325063211
0.596092298415454
0.0696355840292822
-0.015348078033033
0.108048155195317
0.614726239857281
-0.394493862770094
-1.04792748277489
0.265505631959715
-1.2359121448002
0.924154170054452
1.2918717648735
-0.620814900078352
-1.3433997890694
0.294649384658481
-0.0237899379328041
0.723160728821449
-1.12861344743491
0.387585721145159
-0.642472828065393
-0.0813237851247938
1.46353643275037
0.123402291519708
-0.691255061699319
-1.01423424312906
-0.273236386193021
-2.2226584364279
-0.978441305092851
-0.874420871554308
0.225201187458646
-0.422670624118552
-0.265700591414558
-1.26480287334952
-1.21119697720945
-0.399305763094276
0.993846008123243
0.416696643598061
1.58137856182481
0.543743425425115
0.148116685343813
0.609084273766642
-0.0691765546717348
-0.103804288738179
-0.171104110430981
