y
-1.60787830815841
-1.36705407713332
-0.654338223543462
0.0578859646790377
-1.19017235101139
-1.05346165795339
0.126076472296219
0.666889743363384
0.100850516436507
-0.635302515509863
-0.594110472312999
-0.0203347332824459
-1.34653500972787
-1.22891206252415
-1.92210609954877
-1.6327792364462
-1.41394989524242
-0.874951922576221
-2.42891280121104
0.962889052785553
0.358096803640903
0.452331855731293
0.472104949250096
0.996247854364491
-1.42141722581345
0.472703863496587
-2.11954666498182
-2.54107607618415
-0.238060207611822
-1.14878312425406
-0.947238091197187
0.886820925281708
-0.640870377771386
-2.74161194391843
-1.00589661432148
1.35485139186891
-0.210990586344332
-0.762845256273114
0.255521971414653
1.86856996179975
1.3441363797934
-0.867322925974709
0.0225853751516574
-1.36729633319137
-1.43348041207286
-1.82417278984333
-1.37381804078297
-0.382094351124186
-1.6855458784696
0.46729662321519
2.45148396907132
1.36583436224849
0.809562627513762
-0.876892609985516
1.08008045520141
1.77990574960749
1.24318092516614
0.402415967202934
-0.278042741547997
-0.841674908461332
-2.15314851642225
-1.00974240680652
-0.246110557406021
-0.753311420016139
0.149372804960232
-0.866577229709885
-0.741285137224232
0.364300121861797
1.183517800416
0.579609014960743
-0.392333127339176
-1.10319781052136
-1.11951129945768
0.160976430213756
-0.0329039555934149
0.0585578920735805
0.309340410762875
0.557660902746942
0.111583233201974
0.858138253688252
-0.362268887158902
-0.273550482679572
0.63632670148069
0.603802568111179
-1.71140334235883
-1.37916255307059
1.03507698683674
0.0337553411701478
0.257529064030007
0.175115047622984
-0.884865715580152
0.574167036802315
0.622894036412535
0.567216397129972
1.1013397562873
-0.681953720938494
