y
-0.414039599814925
0.00873813943747249
-1.99325654226941
-3.1070810387311
-1.06697329308409
1.23655098693647
-0.603079382663556
0.554624054679985
-2.45162996021992
-1.73320846498293
-1.20423351345375
0.120916807047653
-0.556061873635058
0.394251622997544
-1.12205283887877
-1.15082688377661
-1.02240931246844
-1.21520324724785
0.778612454666394
0.747424617109826
0.449956735264333
-1.40991624386431
-0.776737842272023
-1.21223689067767
0.304302227375251
-0.703082235894629
1.15456811467808
0.657401302765443
-1.77776931728916
-1.49902955585675
-2.50815077402634
-1.55423072784558
-0.518812370757093
-2.4760093188383
-0.933639521254725
-0.724058134515351
-0.828032809990427
-0.284400201745218
-0.133007944830346
-0.0210462944591752
-1.10431682306786
0.409067986934654
0.268108745971305
0.142900222023629
-0.444421706443658
-0.00653353304187171
-1.85587760372617
-2.4152467667759
-2.33077437215541
-1.7383414478435
-0.374192371720984
0.1074963332206
1.17507763756974
0.460232776058037
1.47333048485133
0.897535207507663
-0.661974433761849
-0.504435090468361
-0.328239205128449
2.41132543187734
0.338898712051545
0.0443666908746182
1.66610808505692
-0.581329383647544
-0.0360776145597028
0.302618296896532
2.32923325117091
1.18542124397766
-0.414042210108181
0.222218406740709
0.0657647889624496
1.23038306655161
-0.434608204801775
-1.55054461528571
0.452235408208052
-0.354284146813986
1.30600047124813
2.49372978119036
1.26113862844252
-0.376042289488443
1.4620829264294
-0.426048592884059
1.4589381326179
1.41640105132755
-1.64004415653174
-1.50222530514743
-1.29557327411807
-0.127626249254903
0.712721002346046
0.200198952671509
-0.733769717722108
-0.474472723703418
-0.811727791161355
-0.332863174714659
-0.117916498638285
1.4909266964582
