y
-0.971915353457613
-2.41539682721272
-0.970275857651595
0.935903110641769
0.438388794702671
-0.0417967953956722
0.752390937318974
-2.07186782144568
-1.30701352974834
0.310553042372698
-0.414192351851797
-0.186170328857399
-1.85375291462655
1.02200736748429
2.90976929040755
1.03375444045105
1.68964203387807
0.346774623822466
-0.149057451765673
0.244871629436537
-0.120208613193
1.29310742351546
1.52383467913256
2.07398958889571
2.05172256676797
-0.771274849397361
0.644686789586445
1.72354844295192
1.18041764507474
-6.35681049934167e-05
0.166370970850477
0.25362083744364
1.28818275081586
2.1929708898939
1.44529578050393
-0.0480933668378689
-1.23957104239897
-1.44595023918724
-0.5620459856719
1.32242046675014
-0.349257322815529
0.456854048910429
-0.0564710405475809
1.92542516019059
0.502309894327726
1.39067255432798
1.3347487718101
0.132318283753921
0.568935008818124
0.740937745566039
0.369251786599499
0.602512148437008
0.712557092009135
1.1469542353442
2.19613472864449
0.553878900480078
0.189690505734676
0.82432873108392
1.4371904812893
0.652820167626545
-1.5448120283142
-0.827039027938826
-0.428006660318904
-0.576276187213982
0.941209155332599
1.38692681742623
-0.345683883928173
-0.74376614791597
0.16681699670797
0.231513015625254
-0.324271854408658
0.92326976631042
-2.22537426453345
1.33822107301874
1.93635436523603
1.40392425935354
-0.427115168440738
0.423091126092518
-1.37338657151857
-2.08442360996963
-0.710149029584139
0.146054458831951
-0.201094692443098
0.54117927224249
-2.19318158534905
-0.575834430003283
0.447525802234083
1.23254723199258
-0.181711787356096
-1.28869755342377
-0.297336773510997
-0.487111671564257
-1.00204814299301
0.311985126942457
0.604073464438189
0.349997808952543
