y
-1.04689187133535
0.237172449322351
-0.806033507589212
-0.528209527469418
-0.0806262816445317
-0.60854208880597
-1.09387975770785
1.30823595266862
0.588480191029126
1.52460584918514
0.261062583133162
1.25861654067782
0.0861579871724974
-1.20434216254273
0.350110682741343
0.779198521824892
2.33530362958491
0.638440967499305
-0.878197438213706
-1.37640142861468
-0.476027726147653
0.561476728112502
0.926430515607467
2.5452236805366
-0.773169524043344
-1.69182774353593
-1.29797869962037
0.778925845905013
1.10686477687246
1.6590269252743
-0.912050059773224
-0.0753417189076768
-0.977322423265757
1.78221170258692
1.26353361967738
1.61413265475157
0.258635624794946
0.57399723643913
0.625799358031258
1.33851673031491
0.620475875854761
1.73870749185015
0.154411643647618
0.117465474339187
1.54881042301461
1.98091191033891
1.79089360199425
0.194989858228679
-1.1589298414613
0.656510689292898
0.863232825852001
-0.799453629679683
0.694606619813781
0.885174290212648
-2.14251409888588
-2.27301625749923
0.114598353551743
0.308905731677169
-1.27329260939258
-2.09524287905801
-0.64779362107431
-0.30666236028611
1.29527497060737
0.0262528620717553
0.0834903790415757
0.524122658645632
-0.989104147460009
-1.30382627585115
-0.100486936343512
0.542260613779547
1.39160809924813
-0.58855730413003
-2.00408013867567
-1.25210596633949
-0.223954459564316
2.01295312897133
1.20610519419309
0.243063156251767
-1.07207167000372
1.13164600404014
0.895629967942955
1.15910662603231
0.182925271808109
0.556898900346711
-1.1062747439794
-1.59681808826951
-0.591127795170181
-0.652772440265048
-0.941229131312014
-0.843600784873405
-1.10420609522638
0.655063832066652
1.14108078279946
1.64179524063126
1.42790183192953
0.0599052953415711
