y
0.8061155322378
0.582495953705943
1.68588816373321
0.600515283395004
-0.691192341061643
1.25163208552784
-0.374834298136113
-0.749913430196823
-0.458344989156472
-1.47957684739949
0.196771742648909
-1.84744515576958
-0.956517362320922
-1.15186772849302
1.80462140927397
-1.25721628014281
-2.29421677665201
-1.64661118942219
-0.539418315511448
0.342068045889153
2.07072668020649
-0.0275978377473948
-0.691406342780395
-2.32431486783941
-0.780520278327497
0.441008281302848
1.58724297970621
-0.963058062680338
-1.38063468655308
-0.00819806709178406
-0.726254532411323
-0.316659378697289
1.24799346339434
1.05362386029816
-0.431331797267045
0.476215375322003
-0.799472505457702
-1.23818051100202
2.19604653368793
-1.98232502631813
-2.05542855062281
-2.3310711331588
-0.395400806624618
0.10960536055827
1.60539925199435
-0.833713591552177
0.359939704269336
1.50623375018115
-1.31962070656807
-0.16990968469922
0.12796551824969
1.28279223280427
0.299745361240965
-1.22766498152304
-0.417601099669047
0.680288942927122
0.938435142049823
-0.0607225925752253
0.163169424003089
-1.50552059710707
0.0526107232697537
-1.4178910493652
-0.00896862414909805
1.00174487897465
0.657767150204436
0.689080027518291
-0.147875531600246
0.777106288332156
1.60188606224783
0.0354942031242351
0.0897238587677727
-0.389575089621993
-1.64145624203444
-0.233715605595614
1.39762509141367
1.95957558082665
1.47276917466106
-0.545029468489389
0.655871537751812
-0.219713821087951
1.80045256186799
0.305506322106577
-0.269068033028801
0.837785653911481
-1.71018486273665
-0.344993233547391
-0.201225513140255
1.26333769757282
-1.32787664233971
-2.3293370597855
-0.140748672982613
0.383518520467643
0.923943963249196
-0.353965821393823
-0.454113623914596
1.91730622461607
