y
0.526168841536249
-0.0586545227949241
-0.422791019225535
-2.11007079130058
-2.90891910816873
-3.08984795198071
-0.222466703758105
-0.657489832332133
0.712167306687621
0.537617113514151
0.215900721020224
-0.566659096632969
0.759972739641323
0.129238173597459
-0.58449741705326
-2.49255062773685
-0.318585364767127
0.540790072427028
0.518678388505353
0.975874976868368
0.694534082699931
-1.69180773981901
-0.483518898415487
0.239258985823105
0.565911858859693
-0.889673969844981
-1.12019552234657
-1.40703230373856
0.122158642732043
-0.630896637025199
2.58726207028209
0.342803686777446
-0.574144355538814
-0.825898394176507
-0.322115564621177
0.430046571181624
0.16906634279975
0.0186220260766233
0.889991410681058
-1.16762782287013
-0.209228524768705
0.734806883020013
1.35746202812212
-0.702084404061321
-0.513637634567763
-1.04885873839117
-0.83329724719679
-1.12812809996777
0.661511678488661
-0.192311637555231
-0.76693819783334
-0.0400883608933686
0.171189711855908
1.11685178118507
0.771836216814175
0.181632791429191
0.752449551074717
-0.404239295740692
-0.630846702474578
-0.0831963932472297
-0.328268281386562
-0.988028161021877
-0.745698916374402
-0.797434880827843
-0.393444952610245
-1.01951791307061
1.94670727630573
-1.80662641037991
-2.24990529518428
0.800661811874154
0.70385959503958
1.68043575479602
0.0133634398356506
0.183452202601337
-0.191148034685524
0.040801563759217
-0.848265847643206
0.151876474042794
1.11620837853171
-1.08547172461929
-3.25149054514946
-1.95150926364235
0.256411030542026
0.876977061932252
1.96697080488471
1.42072405968643
0.854204705828145
-1.33220891111463
-1.49854686461312
-1.96183745403542
0.354654340605134
-0.313765739946425
0.833867995572928
-0.723375975802075
-0.379298003986091
-1.55066972057654
