y
-0.736742671755285
-0.198008669430291
-1.34124227912416
0.842992069058874
1.54483842289885
1.7127696461995
-0.408896343768885
-0.634167264360738
-1.08261574485128
1.72029926276187
1.35439501367302
0.0937450226923275
-0.557944002234278
-0.375768278295472
0.108162099120456
-0.61787075566456
0.303666610760376
-0.00641551633369913
-0.19028014073537
1.24653353333626
0.141627654494565
1.75770724755266
2.30932897971371
1.71173517241461
-1.03273183048328
0.365393109636101
-2.44405019371556
0.241195978065931
0.973487591450938
-0.0795048662397551
-0.42685000306019
0.591605835065158
-1.57888657980033
-1.10861418342698
1.15608622795298
2.38921772092863
-1.00485536835157
0.595876692771298
0.0191327058512219
0.323407263250961
0.988358155217687
0.594815745014414
-0.630676288066818
-1.79893948976216
-0.979493491667286
-0.932449526877112
0.27908360049041
0.968773403102923
-2.52830206851249
-0.341000236881586
0.461344986388736
1.26281369089375
1.32911665127198
0.867045867929699
-0.126826716090564
-0.597518968935763
-0.177130225527188
-0.790100678485668
-0.376195756143117
-0.23361587200038
-0.191923811411247
-0.436546258925562
-0.812962510399876
-1.15913803473481
0.125023826259357
1.17245277356269
-1.18401092731017
-1.08599270963391
-0.169279232568294
0.728013117949598
0.570110945560676
-0.802558128310151
-1.08722895582516
-2.44653648040337
1.01786968673768
1.93850344854444
-0.636353121530418
0.625702511046326
-1.51082863706094
-1.03766570542899
-0.669596475860859
-1.15821090055534
-0.0443198942609255
0.397404468300001
-0.256215860773754
0.594415742617857
2.01389163187529
1.66977179148081
-0.0574910941727734
1.0281253433579
-0.745068323289825
-1.70906656327096
-0.505930645964509
-0.851341979673456
-0.028682876562208
0.332174395977
