y
-0.418266670500492
1.13660987007264
0.607509418593138
-1.35236245305643
-0.190513801295845
-0.0232617852680765
0.807058574164534
1.034637189102
0.0138330071550092
-2.9663137719721
-1.77551263379208
-0.581758708532328
0.805806116581849
0.983235886099565
0.0189848227386633
-1.51475010326022
-2.15732850063092
-0.936720761597477
2.92811121332766
1.38290740239528
0.990779142745085
-1.84445772276101
-0.361777393334348
-2.00218764365834
0.169187256911464
1.96534503289528
-0.626618445673097
-2.37789023734567
-0.738673322675717
0.484291991551163
-1.65695037123325
0.806087048726552
0.825625938366449
-0.682580974194924
1.37574869550697
3.30190969840618
-1.25830118478309
-0.839066058576581
-0.706947498678
-1.76071584508773
-0.621122835433975
-0.543795464845802
-1.81823547191069
1.07144473680446
-0.597920369986969
-0.577446680942438
-0.32616098032887
-0.298138113893794
0.823649263985721
1.70657497466915
-0.549759144280627
-1.73978618822621
-1.47202568832602
0.52639292126739
-0.511749329385677
0.341352076088457
-0.783416701983574
-0.538228297196786
1.16860053277724
-0.774037715231637
-2.58424951629831
0.283153728453269
0.968985892154924
-0.0919897029934456
-0.538344943076286
0.370035459680399
0.648901769349471
1.34577980906395
0.0340722554518397
-0.624744317719879
-2.31892819900324
-0.485566664617723
-2.49195779372098
-0.994953368794778
-1.57430361321797
0.422452250462762
0.126178523080681
0.441592106236079
-3.20065050029263
0.318105091129268
0.666216672581452
2.23431501065682
0.287445099106663
-0.508149950008016
-1.93302478563256
-0.408541992986097
0.652503287249373
0.572396657221444
1.58011083046074
0.595632180120314
-0.911604769629963
0.0273202944954696
0.0160075019560107
0.0277519338244792
-0.567617653426816
0.80381021465931
