y
-0.0751612233818155
0.471984439783799
0.0689836738945614
-0.528288712085774
-1.0033433603956
-1.88131601281687
1.51828992999365
0.929635037048325
2.53818762454889
2.56701853962924
0.221270512516732
-0.393404588910488
-0.191679190952514
0.0969080189726944
1.30997518332778
-1.17730270099328
0.042184147594815
0.357751801357053
1.06103897816962
0.494935491305033
-0.224323139532796
-1.04149192437367
-1.3332341340761
-1.64777754017944
1.12287907921114
0.231474288318935
1.97713980509319
0.142693254212771
-0.0917428719581238
-1.29761649373198
0.140271549647555
-0.779728448517763
0.83109061082036
-0.46044309023302
-1.0407878605894
-1.74210239984262
-0.577307013003802
-1.09195078272282
-0.1374538303841
-2.2380139521001
-0.21701922002497
-1.42296532919217
-0.379200926617049
-0.131244530744347
-3.45656431873892
-2.40390019676643
-1.82559827353875
-3.16902395267311
-1.53897433682491
-0.767590477008435
2.12831100098848
1.99081453821328
1.19627248412104
0.331836768758858
-0.189415282986958
-0.296830184022636
-0.26343071790593
0.736888858244626
-0.532885561843223
0.0463717424218779
0.39014918282575
-0.18152354984614
-2.62868685732526
-1.12250938797728
-0.460615679312237
0.696751632717673
-0.16343982790648
1.46348473752729
0.495604594292712
0.452605220058975
0.912274709048699
0.465578805084647
0.333123646649239
0.263200241959519
0.684727763656228
-0.241414115965756
1.10101191269374
0.360704834348339
0.0228790415986197
0.53325094086091
0.366344130645401
-0.767107325555003
-2.44387841675223
0.224422157305866
1.29075322014926
-0.126524825984389
0.31516527607572
-0.603992756386164
-0.240397987832333
-1.40354306831866
0.20394856206915
0.230498081127021
-0.0564196286938995
-0.988876634216173
-0.305583865053635
-0.0347048054411908
