y
1.44286529521618
0.0841941428478989
1.71852753756981
2.33695028632362
0.205514681058702
0.61532132625949
1.44186433483177
0.232483637632839
-1.94507190984629
0.150246659698389
2.28602885220924
0.144294919197507
1.15522251773673
2.19370045332163
-0.257684907847536
-0.999715323911746
-2.34201014860072
0.734671246301717
0.371493571698533
1.26075818310556
-0.543745245127803
-0.362628846602149
-1.39822122856495
0.283287892069662
1.27229887527039
0.507324917760024
0.317862216399373
0.470668470841718
0.617184778293617
0.137094247808694
0.623488042927307
1.55429136682439
-0.502298334810768
0.310312003546469
-0.870231713666013
-1.07214960189396
-0.29347516421339
0.750095240344877
0.949450198433044
0.697683568166392
-1.84851964028894
-1.56613975157774
-0.422868397805013
2.47527520923348
2.45851549870604
0.379953710841107
0.0403153090650062
-0.32329037919543
1.14477217830549
0.946838323825436
2.37385923014238
0.94573135749366
-1.34063706057369
-0.483417260917076
1.87290080196778
1.14248263382279
1.18164152618536
0.696513618094529
-1.49301731114055
-0.622856518216716
1.13863833611799
-0.573336339045196
-0.101373185302407
-1.34777466079296
-2.34648031173615
-1.55304532512696
1.52373721802006
1.97194365830332
1.64259269308803
-0.212333247221088
-2.01636030594945
-1.88589736456904
1.24921723655542
0.345621021847137
-2.07527929498941
-0.568254377252515
-0.10073411164413
0.324623820497056
1.77274061479263
0.04925809280188
-1.72532411708763
-0.582071912888617
-0.247810683392721
-0.923768558734214
0.252939264635781
-0.255028050274236
0.815278988993248
0.886730918357568
1.09675584988149
-1.5116890223322
1.59241923639158
0.912230667192251
1.08232224798237
-0.00570447386824424
-1.01381763437519
-2.17676410223213
