y
0.200061165727376
0.0873051430531766
-0.605658078573838
-1.58210474978818
-0.182043889136052
-1.52483769523744
0.705194147238076
-0.215869686950518
0.478987037045647
-1.02702418895669
-0.750965025472204
-2.13454990534809
0.626617806153966
-0.574686973322856
-1.06233436117564
-1.60660104963153
-1.1577448736149
-0.924072833719648
0.835978598504378
0.779507403456366
0.101978754282442
-1.25664212066081
-1.62485185906505
-0.490283999686055
1.48122494786469
1.77317356094994
2.11403821432153
0.278319644493153
-1.28160266305137
-1.34604124186078
-1.16687332093312
-0.172022334170701
-0.690587876310116
-1.64243412448017
-2.0111781071711
-1.40212967055043
1.28109722920901
1.12773570173785
-0.405118064745892
-0.38920523401054
-0.639929696785895
-1.61590825929712
1.29644340632719
0.0153052168720937
-1.64166667285461
-0.882695481008783
1.20931676676269
1.25882786130344
-0.501897885854925
-0.649310334747465
-1.36499112758869
-0.865300499369423
-1.9635800433959
-1.74970043076036
-0.0946646155147374
-0.0793190917794075
0.575919610879371
0.821149556083101
-0.807848622973939
-1.4267290484084
-0.404800668971336
-1.0182875513491
0.80812167954251
-0.0851131773274683
2.12670543596139
1.62845463643187
-0.749442351482349
0.36182329433515
0.751683023644555
0.817632319792378
-1.53587339396397
-0.422275812270958
2.27499455968748
1.36645564662606
1.31507309218636
0.535359285664336
1.23609474527666
0.858608789977975
-0.8521720498951
-1.37229912082663
-1.40863785244501
-0.637636658787097
-1.54032484112629
-0.944312118777278
-0.762558941299486
0.666326258754343
-1.13481074818747
-0.55950206652313
-1.4344892398056
-2.2926689263308
0.684050848959858
0.155498536468253
1.70233962117494
0.742837688696576
0.145890869980509
1.08828764820349
