y
1.23573466284055
-1.16587848606316
-2.45762581147033
-1.41959798206621
0.639761891263895
0.670122792980907
-1.76377039279904
-0.813456187260344
-0.403614868528921
0.959005867952841
2.06810650526522
0.448266984188342
0.115144238124163
0.786795747008434
-0.184218056176245
2.39115294419679
1.54577152239632
0.280098751871367
0.280128910740964
0.557453840219958
0.226343388532591
2.47805604832295
2.28537367862399
-0.20653557846254
-0.360314092964088
1.21455613631789
1.96638410931718
2.21065549391284
2.3184643833979
2.90034659290748
0.312649740936157
-0.674383594032459
-1.5092506048878
-1.0387485550792
-0.945419697005081
-0.659773465028471
-0.413653468684858
-0.0560738422482805
-0.549573741193599
-0.184215267892644
-0.0102679399317045
0.452384033403442
0.299162135988982
0.786589277051331
2.99573591842809
1.45889858467275
0.499556870564501
0.0757307076865671
-0.404585249858012
-0.705524290281812
-0.692964055329096
-1.04265234675985
0.45312772954363
-0.454114666999509
-1.22927222264194
-0.348019243759187
-0.0847862026668767
0.549288630873194
-0.0103858742947652
-0.183007243564003
0.492964392955204
0.681583847955837
1.82304898978787
0.988070668676401
-0.697152563598888
-1.37153055704176
0.0869246441840537
-0.630593833728827
-1.6906199016765
-0.323950681815191
0.224014993371209
1.45870393859838
1.79198201005731
0.852240407886097
0.0210572201702177
0.480973150128129
-0.951180396510282
0.0284618049143042
0.0612367727950683
0.639806946438303
0.823387632095942
1.37145500657771
-0.729783777480915
-0.882538095650286
0.25012495061392
-0.326380165732066
-1.33989886799011
-1.28854606703285
-2.51422269429686
-0.517732812675497
0.313654233536672
0.866426723599518
0.588133796357658
0.737907052936528
1.01758580266419
-0.056876281571237
