y
-0.0265225430597119
1.19701562318262
1.19450536859169
-0.694259853499822
0.548862325049229
-0.709657738434321
-2.29655056583032
-0.103826046625125
1.3033694452352
2.03831339766887
1.65223856437555
1.45324451363693
-0.56006190614925
1.46240188954943
0.960695150546682
-0.0407608869523121
1.24925657672476
1.35111613776324
-0.444105112566629
0.0688190538168344
3.12984535637786
1.75608307611612
0.343065166977718
0.364273698908648
-1.64559653523325
-1.35342218292301
0.434717049357713
-0.759208119193152
1.16342005483065
1.29598596665901
-0.217585477493615
0.925585502496878
0.804489573379183
0.0553082608386758
-0.231221479084765
2.95000052390391
-0.606263206958591
-1.21816476278379
-0.818213407425623
-1.54013731125176
0.0723973360107078
1.60946740557739
0.151443810306203
0.811299330818692
1.32695417078197
0.00817925074015829
-0.102248759478423
0.633118756558943
-0.315655849267333
-0.938773212728331
-1.07513271322625
0.511584114476913
2.14245405661985
1.89406016577563
-1.19718286618944
-1.61498727709804
0.69495857727238
-0.272548542622622
0.446815243514413
2.08291522798701
0.106520969114686
-0.728198448525596
-1.44737985149614
-0.589208270313029
1.1223653959292
-0.608980057132408
-0.469965120649379
0.182409561650761
-0.38768234959865
-0.0883059579110525
0.158953228983863
0.962929127655957
0.767228644054508
1.07160328713146
-1.9601869644233
-2.0429552008785
-1.23526882213248
2.04595827027358
0.0171612743800363
-0.928133322543131
-1.17638816155862
-0.480111172580509
-0.308939102774418
0.848535748241902
-1.3875660751431
-0.874440682164053
0.982518769955168
2.76501822575508
0.902852774248977
0.538252810899779
0.817592449803099
-0.708213636833927
-2.38821529335365
-1.86373782803269
0.923747808493336
2.54843106364147
