y
-0.726478748830866
0.918738794652535
1.44403060237818
0.0398295103894051
1.6347120981218
-0.0935938811062503
-0.591035508163082
1.10331692700294
2.14283827887954
0.780268238644651
0.92520096382275
0.375761474319241
-0.974559941621476
-0.792769693394427
0.944656240881345
1.1927505864686
0.31174328620268
2.32420774588967
-1.736654608238
0.683760699827953
1.38244502177166
1.68227503363642
2.27633054019488
0.913409611452153
-0.0620082413159471
-0.426866597329261
0.298138065438872
0.699544300312759
0.527006230718035
-0.0430151336868639
-1.36439387087118
-0.600629299953052
-0.276141505713007
-1.00497551851209
0.410678890450311
-0.651321756099098
-0.322088523436538
-1.23331753691424
-0.96760820215864
0.165628224300648
0.859775204093835
2.40926163881718
0.27879214259961
-0.94587648403545
0.253867641151591
2.73592463492758
2.42726524345011
1.01111052035331
0.510209826853815
-0.680720457393599
-0.939275570194622
0.133914683877959
1.10635874112889
-0.147665877394058
-1.23077875091781
0.371590760898221
-1.26692733244066
-0.936807390435498
1.40126704153982
1.19852609657968
0.382643226261679
-1.09887896257894
-0.470875858492975
0.276027946795869
1.43599753221443
0.107662221708919
-0.423706239633868
-1.62257735845144
-1.61461686855238
0.187668183818439
0.301620199351722
1.11660239516982
-0.474192289872755
0.645450948481989
0.434644367425275
1.09465951275904
1.2306543287458
1.67968660448914
-0.398470898664482
-1.134570152217
-1.42301826938115
-0.983477910866149
0.356991307170456
-0.108881077597089
0.155567395655089
-1.01125844406558
0.454784240528366
2.01191425067733
0.141790481489759
-1.70052098597466
-1.00814263885492
0.466097054516501
-0.284600604798942
1.46525804062609
0.781433101889996
-1.40985141568284
