y
-0.600811549047652
-1.93680563921931
-3.05236040066066
-1.22017705651526
1.72079590166667
-0.850589736018171
0.984596929232527
0.639860390288673
0.881605562139508
-0.372234414506265
0.858016505465744
-0.133535952133395
0.408114081988706
2.4719381579872
1.96045905384805
1.24390024277233
-0.566518043875841
1.14419172939517
0.039359980104
-0.304323106655142
0.969544349129668
0.547003792208973
0.200355881664497
0.649628139158699
1.01307526610611
-0.279775702158432
-1.16521708676189
-0.508215371080994
-0.349556494703082
0.42458948453788
0.773634358859411
-0.731564521273135
-1.58797173379629
0.240994563402537
1.68212229659514
0.853316848604065
1.2374306782018
-0.248920856871143
0.490730359192361
-1.48006168913673
-0.608254512424031
0.500888301056486
0.677459756062095
0.789395168128632
-0.418030171654123
1.10786542333056
-0.00379290174186808
0.798451246561908
1.18840257425436
1.13256312294175
-0.423007109625514
-0.65411069135105
0.878940875278205
0.628210293839877
0.107942677646242
0.332546086932907
-0.166057573111079
0.266107386239845
-1.69507381097657
-0.302325442177222
0.846538379362501
0.425027101234367
0.210190838655823
0.655548829008744
-1.26182106993649
-1.84464313476714
-0.113858602713659
-1.2114744647919
-1.27488084741636
0.518665502817281
-0.289011386642925
-1.08347039085398
0.890983600797951
2.48192878748671
1.22653651183186
-1.06869402106995
-1.66210238414769
1.67689642742467
0.702934783060841
-0.692354535862645
-0.269847481154463
1.33939726578718
-0.242208590564929
-0.844833186081761
0.421579966244514
0.369130215091165
0.773475313995841
-1.27429769808933
1.1843200936395
-0.44354162800769
0.648565326792461
-0.198522966855481
0.227377259541603
0.293586917751498
1.57002891454392
-1.28900329797465
