y
1.4810842709414
0.0604724480074815
0.489111803952341
-1.57465377134612
-1.98410833462361
-1.37679265398922
0.286130771597436
0.922177399347634
0.675194377038585
-0.887219555559289
-1.56021328329435
-0.805611730449868
1.76386763727372
-0.62248457055218
-0.255733628001834
-0.624387405644341
-0.787096589074475
-0.200167323546719
1.86759024481914
-0.11852726629724
-0.598310187824804
-0.799705463010886
-1.46037129492785
-1.57982521554272
0.659965998335106
1.13158176880466
1.11663710315123
-0.444856471620854
-1.71404602977413
-0.900653313661788
2.73839808233331
0.858719334328069
-0.178821994013734
-0.76019666266573
-1.59423423803555
-1.05285535013036
1.63035243855594
0.498324164581192
1.56554168937523
-1.22871078455317
-0.62085021957296
-2.90914210320027
2.5138919142428
0.36851653910891
-0.60074650687764
-1.01710440410616
-1.63700091275687
-0.2643646703019
3.07498055959043
-0.103916018800821
-0.224090460742752
0.581387449763454
-0.532300450514517
-0.674755561160584
2.55665606021579
0.476755493593173
0.733470027182535
-0.243957380864153
0.311362955214683
-1.04701955198884
-0.294805035192784
-1.0774730190709
-0.989036708747207
0.24792297808153
-0.900231553812754
-1.57005551197489
2.47100909758049
2.04611483848196
0.207277300264468
-1.23323879288758
-1.61666467379666
-1.70224320221256
1.27584114486773
0.65046964818359
-0.284668852095409
-0.257614019361539
-0.34642697574629
-1.23890340454558
-0.523692281713329
0.917694913173975
0.988406758562167
0.127187734008891
-1.33751097548613
-1.29473621674531
0.139523024459791
0.0883018881964832
-1.72100812697555
0.332915761177244
0.247154053131163
-2.26428777440359
0.223352867190154
1.62827721670322
-0.245527363122043
-0.103486404307488
-0.0240545062717617
0.0427559130131372
