y
-0.193130483741212
0.820064028096912
1.29497734333011
1.0523929032331
2.50882002758889
0.45250405751351
1.15235654637371
0.265314105191415
-0.039457466027068
-0.0215839222609146
-0.679444214553563
-0.261086176611293
1.60327056363122
0.317556616855066
1.71876455723725
1.26252352932806
1.49958849594009
2.48970773330113
0.01374375150943
-0.925420823836495
-0.0553527138958775
-1.21191271361178
0.738541222066578
2.23407353108534
0.686178800139994
0.603369817724025
2.24398144337924
0.992434552655859
1.57759921171619
0.951667104776214
-0.863559943387433
-0.58373991256566
1.04535617376531
0.764161647626169
0.512191384685057
1.43692523488815
1.63726853513429
0.819482604949313
-0.53058035646469
-0.24052515987402
2.45016025781683
0.979781113018512
1.85918774159841
-0.0744197794121601
-1.40043116722865
-0.090578492820496
1.08486827174674
2.44085581257233
1.14096541699892
-0.0993063557278264
-2.31295600717841
-1.5393728806436
-2.13075792958187
0.0696081154625269
0.367838825012662
-0.383026403127903
-0.644878895620731
-0.169031858673695
0.571119925014922
1.50015540210913
0.90824140664054
0.324026574047365
0.205083458665507
-0.81042175592489
-1.76147399160942
-0.289254018049309
1.36026174896435
-1.48365198653498
-0.189980360476476
0.0977515106049413
0.479434705581161
1.68258708162332
-0.0555350874007826
-0.0845811276251626
-0.341890090059665
-1.49764689051462
-0.256519063590458
0.0895564944347909
0.889342577280059
0.315659399071639
-1.59524531070471
-2.38381273149593
-0.550568092438079
1.27733534788387
0.0328544655246544
-1.04199000484861
-1.21435728768713
-1.49927402008195
-1.90893765065928
-1.79297295057705
2.20413235128118
1.36267736873536
0.43877934702304
-0.815199227383915
-1.33572727194654
0.289214418480506
