y
2.2065713881572
0.0854562521042723
0.593909687675282
-0.749295015679251
0.562450223961207
0.394678008736954
0.595896302115628
0.114836925324348
1.07208537508008
2.31421896247093
0.887661924431732
-1.25231550331318
-0.962450978427999
0.271835725342841
1.64758309088964
-0.795198461928456
-0.824696675597694
0.69140517560124
-1.19220452313087
-1.08615356283647
2.40687759387508
-0.437626044152938
-1.66580235774249
-2.47646189907182
0.0304485672785508
0.511012057261564
0.0478792645868282
-0.637493078628832
-0.997854881061811
1.41613867768655
1.80197728112773
-0.389880976717548
0.883438623380594
-2.16403218847995
-0.385446435752406
-0.156295881261166
0.254656793008684
0.178822555418309
-1.24879005420881
-0.681638330743378
-0.699675856878987
-1.03360212497272
-0.0231018195549943
-0.299274876115625
1.7326479587941
-1.261395275311
-0.765059107078153
-1.75543857310127
-0.391933153263323
1.24910367849537
-0.630363025678419
0.521357356822304
-0.654232447691783
-0.0573654579595414
1.66764506776522
0.703034457937489
-1.85687693490028
-1.75791880327432
0.363453295157575
2.47681807817532
0.701738279550859
0.0218764439807815
-0.0127834103837194
0.942677682610673
1.16079808616535
1.34692264940366
-0.850816459410401
-0.726734348671456
-0.624550064404266
1.05093534707531
0.489509891603582
-0.231334579819532
-2.22085294496888
-1.48798911776854
0.556421280417821
-0.0464514258730236
-1.35059012085794
-1.40635556688741
0.363233396623478
-1.27133722694693
1.16154292596717
0.866156438738907
-0.621394162630053
-0.29041918708558
1.907667722058
0.868073347807897
-1.18073597870903
-1.53962227493073
-0.830396054105639
1.03701853040357
0.160583416143308
-0.84775139076685
0.228530613452529
0.765575247554386
-0.179721678253236
-0.898995712459383
