y
0.911652434442797
0.367868787089742
0.278104794881417
2.43589355708814
0.163682291240688
0.756031952620542
0.781086742295264
1.64766893470626
1.24080503844406
0.170679298308453
-1.00100800792995
0.148632826603189
-0.555430967554909
0.691129246605501
0.325860574408456
-0.204788189185216
-0.578072506549444
0.283666739617186
1.06331173368039
2.37871380116011
0.632142510434768
-0.638325253032382
-1.58475073179996
-1.50569377053082
0.917489991783045
-0.706335072243695
0.950285158627406
0.856783563448057
0.832246742824216
1.86237236474851
0.419335500551204
-0.8539888059083
0.702034697678168
-0.296746440949291
0.339577072207212
0.0496542706670369
-0.420618080186788
0.895308357265739
1.27071457022378
-1.1959445791097
-0.523776504657163
-2.9224540119082
2.210612903302
2.53950456958416
0.687726563245316
1.70871923727931
2.99376598621876
2.16755199481137
0.679140159860893
-0.074693304519974
-0.513477113727695
-0.489709094307347
-1.21949062123648
-0.474939285559872
0.626907835223123
0.428908112953613
1.08428511338148
-0.811156305423389
-1.36235475206138
0.786047371680596
2.31385729983028
1.92101991758653
1.34293091627914
-0.098826078419207
1.28012770785467
-0.950370778166432
1.40764163125678
0.863690495999561
0.239912640962215
-1.17584178626857
-0.875315373525367
0.99405424321822
-0.0331150516989385
0.0958761290084406
-0.395020357163074
0.919034786778821
-0.417614415265367
0.554395812398599
-0.134369922086398
-0.0876903125876741
-1.77922910109264
-2.17803865655987
-1.92194344216966
-0.401056995772885
0.69704482684366
-0.289878773686422
-1.03733591538297
-1.35940381091392
0.708165736426607
1.5016030025163
0.610743853243244
0.0636608390783515
-0.404549693426368
-0.487653756916202
-0.268431650656814
2.55562883151056
