y
-0.653906867461846
1.07155416807593
1.20422412896796
0.736117298056294
-0.555159813211455
0.539693432885727
-1.83099002952397
-1.62050436435397
-1.47909016619474
1.36233664869125
0.339876888443061
-0.0722258118461598
-0.0404280795421528
-1.05507088919211
-0.527368862443803
-0.635448885586446
-0.342515803549778
0.734688524324409
0.661708803447084
0.874509433936533
3.88171249775875
1.56443828807772
0.416293838147267
-1.9267995170808
-1.76481022661665
0.465012879911359
-0.213500865954836
0.864640416801806
0.310805939691421
1.15841194485805
0.0808092444448552
-1.27145210943581
0.534603220738039
-0.44539448163777
1.4051763855254
0.741606239557246
1.80353627146982
-0.374872090499751
1.28037631033567
2.2575265237806
1.08452704738768
1.16846080912341
-0.784329064917791
-1.6932468983392
-0.750917345028908
1.01712355712967
1.12403214473102
1.8290955754038
-0.632787196822194
-1.09707398827413
-0.601286431425773
-0.675393180287912
-0.456711892665299
-0.330573232766938
-0.139781375342303
0.201307217580383
1.12438915840347
1.94923328929736
0.883180937773802
0.364163702156639
0.43476597347184
-0.0468858501112946
-1.05294560347468
0.96780261452279
1.47855664955508
0.852893927246214
1.33167417787032
1.05848214630732
2.29621298398607
-0.412128936695455
-1.72653042623765
-0.481833238383572
0.0504157286202309
1.37366825224755
1.58689565412888
-0.0993297122117916
0.464403634137791
0.0767658261242621
-0.0241844381486918
0.328897780010587
-0.300884223232653
-0.535606541604108
-0.87210015123563
-0.49931279702023
0.847896844000612
-0.36492371381481
-1.45155338766866
-0.372233521738261
0.204058532805708
1.02963584421758
-0.536398841193675
-0.21985157512185
0.708609444763386
2.64465813074439
1.04646839773246
0.275686823539024
