y
0.173217912729339
-1.02571475766861
0.116802166721625
-0.0902843351353601
-1.63817747715987
-1.65699771487076
-0.703469295268487
-0.00938890130222875
1.08217074972293
0.671459937282947
-1.13415435158159
-2.10805308002944
0.366066850781242
0.336478023750286
-0.560766286642509
-1.18106675295639
-1.58785459475147
-0.932577013336739
-1.07603051335344
1.80251004044621
0.329532688788691
-0.552852257833044
-1.41591678992991
-1.06576683615719
0.533568439322171
-0.371100423123147
0.632099722696786
-0.785247427306462
-1.61132211181927
-3.15919075714257
-0.837560242682524
0.871414906526279
0.803861565936511
0.510931464252232
-1.90127402200283
-2.85261344798002
0.432853129204697
0.22735561757001
0.757606991124907
-1.30327130105842
-2.58368827050346
-0.259778825575108
0.402051814459513
0.410144096813838
-1.07831305907947
0.241465092411969
-0.793528368011662
-1.67532687808758
0.744900278081518
0.0166928377902179
1.49512490467929
2.0133371750941
0.252874832075883
-2.5630287680424
-0.422368535323425
0.614119308318702
1.85989879914664
1.20265380889585
-0.0771828516053535
-1.01188915794331
0.303515380568412
-0.573645701162566
-1.40158938204931
-1.11750263837545
1.26580238947064
0.16699295173068
0.498995299979325
0.0684543301400526
-0.129972491955083
-0.307544967335979
-0.595618393053288
-1.1456641144144
0.126461928177568
0.27244885689005
-0.217270858885593
0.0137922927722725
-0.0711349657182402
0.743938010188477
-0.832599442266124
0.401517094897188
1.444002609453
0.904905560216402
-0.547648732342665
-0.457314558353298
0.143725162805963
0.903798722094077
0.0560469832036494
1.75516650843158
-1.12690578461005
-0.959324051533685
0.702673831110495
0.905810787610526
1.35388245747877
1.73201787734564
-0.772294397365757
-0.672654776752406
