y
-1.41140719484453
-2.04843999828889
-0.312505421272381
-1.47298416762687
-0.605784886936243
1.10760601033604
-1.05548246658204
0.653675744348849
1.30955157403569
-0.499311055655776
2.47712773183807
-0.0755361652665892
-0.856024519700877
-0.252924308044981
-2.45457059658751
-2.03164327864136
0.0472685755313482
-1.50015911489317
-0.712191514490791
-0.813696347463388
-1.56687718299363
-1.33930625041425
-0.331083884182932
-0.183851523181266
0.213891451115947
1.45611892330539
-0.537601809239085
0.151129738445927
0.420241830057368
-0.892985519170499
0.749581801602557
0.497790461002868
-2.02986917646881
-2.14625436664864
-2.05823987252946
-1.02258857212515
-0.752739337765011
0.902516444289927
-1.10685474863828
-0.524156454194886
-0.010141354271671
-2.56523460593729
-1.53605559877582
-0.129633986593934
-1.29821627898603
-0.107648347976482
2.33353456860176
-1.63966862796518
0.201508585524075
0.180077007735202
-0.559844450436896
-0.302875541468628
-1.43957138023491
0.36608946482359
-0.0385404611099714
-0.226458440311139
1.0588100205785
1.27661289197689
-0.120572654944017
1.41813105480292
-2.77156181867145
-0.545075345455767
0.751355249147335
0.899243430236371
3.64336581123469
2.55774478663583
0.51894370161006
-0.917418445455167
-0.140993607291318
-0.360470204138326
-1.78895479188133
1.66537627581799
0.870086514479038
-0.469866550639737
-0.53998255597564
-0.87862223370698
-1.12342045474047
-1.88966343378557
-0.799000998231165
0.0473383609918953
0.939119637382536
0.742195002897948
-0.0980986541458525
0.631121219846669
1.15487293366017
0.701961310003234
-2.15071574850886
-1.03289916398175
-0.0943495200151946
-1.2530833725592
0.107015767055142
-0.794035241631666
1.37625771247137
-0.610193502875879
-0.37403048219614
1.45968094327558
