y
0.532355357145512
-0.715891074574496
-1.00378803186365
-1.0506383221763
0.652034923293657
0.151634538284239
0.906967102820976
-0.487234531987707
-1.99834381514848
-1.51968746725088
-0.753257219830042
-0.0295281132526621
0.4129263364815
-0.748050923690042
3.36841200600914
0.439590616508741
-0.942393794687512
-0.390040275478957
-1.3043750304683
-1.04573382750647
0.905960647709536
-0.288120808687558
0.68933649575759
0.472768481740231
-0.338949528729212
-0.896383461065685
-0.99096119189499
1.6478165586083
-1.95296936113523
-1.42441048531494
-1.05917149183678
-0.780393502027701
1.16804022040667
0.977640752011168
1.84771051563913
1.58792930847786
0.619634922271692
-0.593412702274127
2.04281549285287
-0.262232935807111
0.434560995008752
1.19613248472521
0.907999964162854
0.0486646375322896
0.931087116327354
1.38609990363709
-1.28230330925286
0.388641347866912
-1.09895195983826
0.111812907495233
0.879078397925965
-1.47288481078276
-1.06431650513699
0.107301114674307
-1.10946856188086
0.383080687623173
1.72822056503758
0.822676056016157
0.43589029906225
-0.257020373755537
-1.27350909775385
-0.605326249184642
-1.26118995975181
-0.170528572170556
0.871771510272876
0.175435849511065
1.10754412222186
-1.20096859917167
-0.967582930884404
2.32043847270091
0.506325596650584
-0.379017458900796
1.01392987651251
0.485687532176232
-0.361879993690078
1.01636058276984
2.64261955002747
1.55620029546973
0.605159057764519
-0.00843073037002248
1.87136756474473
-0.00382820192669118
-2.60694029639838
-1.46193141815912
-0.488762418781952
0.551882936559206
-0.816269865031927
-1.91415470582731
0.626094406282105
3.78289802943994
-1.21523260246552
-0.0967962413981738
-1.1017822159625
-0.635523941554696
-0.713781211878026
-0.10939898520118
