y
-1.1537720664456
1.16792565549192
2.71887140902206
-0.50087506659345
-1.52528822946407
-0.73971464087656
-1.92697328417303
0.683759738899341
1.73255323049571
-0.810142497793288
-1.61519887061239
-1.916294839718
-0.125778839434457
2.36947014212056
1.52099845883697
0.538117404363304
-1.25954920212048
-1.95727956234204
0.392122920787621
0.551391194725126
0.445328814112723
-0.840295007088628
-1.22437786659406
-0.109289111303226
1.06810801707782
1.18939403746819
0.319402552708122
-1.50029114315624
-2.9404705540693
-0.324449894551925
1.95378213813855
-0.323997820760796
0.312220008954519
-1.35319006885925
-2.7337364268544
-0.883642324453366
-0.43873849628574
0.523815063754658
0.0308008880037208
1.24792942467386
-0.156087354778023
-0.852607589265563
-0.70295395989523
-1.16372966829784
2.54391364752125
-0.344905435894572
0.0421154581437948
-1.92544391834144
-2.42863697357401
-0.791295008611617
0.0899761865826177
2.29278389694738
-0.436985154397426
-1.53943008843022
0.946417292918076
1.03087412452644
0.531870919111455
-0.756479291171981
-1.26187900833101
0.858394372143942
-1.16555304609039
-0.43351650798264
1.51384434795528
0.504139444948903
-0.242305983659617
-0.738697471299982
-2.00068994717068
-1.79352515749056
0.516118554172532
1.83171701206231
1.36268783990992
-0.383494824313656
-0.0308204680781493
1.02670748848648
0.34189358484912
-0.691822807720514
0.128021944078957
-0.140783474829466
-0.367554026140699
-0.380337566569596
-0.296602783692305
0.783802342397226
0.0860578771489835
-1.53204099307552
0.887212129717942
0.670447253098081
0.990666140514104
0.691848915300314
-1.52876839888513
-2.15819998686954
0.969037200404087
1.68933808932797
1.02125404766409
-0.14678279774818
-0.557895833801915
-0.260340355773818
