y
0.480275091664044
-0.943823819378311
-1.98785151913176
-0.101121911216168
-1.35123116386233
0.103636675749708
-2.53203219106871
-0.0218010247695248
0.167287442196317
-0.188939848100541
-1.27497646568679
-3.11269942586093
0.634848810747532
1.01432084085658
0.833430388720881
-0.0950428447811366
-0.279687290796127
-0.586791417697963
-2.72716409229045
-0.582641896636905
0.166728013469807
0.176696447269961
-1.19056780812277
-2.43853380042659
-0.620231890864984
2.08066858046207
0.850940001449561
0.0429389001212946
-0.419124804981956
-2.38847742114011
0.679812746792069
0.0854269371341282
-0.462300932391213
-0.723004992358507
-2.54017015838913
-0.666684917837792
-0.978107343121793
-0.680496674999759
0.0928212525626125
0.0842547500889379
-0.0811819333915492
-1.75835085218729
0.518041616037528
-1.20210350028831
-1.03087769793399
-0.704361173261577
-0.126932248294297
1.19161436796659
-0.210058989425819
-2.13145648114711
-2.01295704959099
1.30600833745056
-0.723470961466559
-1.23402610756288
-1.11851980616854
-0.607023213155851
0.717413842323301
1.33704071500975
1.19669569807169
1.16342546526182
-2.0970612327503
0.0525168313659629
1.96989413461043
0.756544667166703
-1.03107207820396
-0.468024936912674
-1.22459076851094
-1.76297878409007
-0.309725546778685
1.49393588969247
1.14551546481092
-0.0267186404043525
0.28104992439235
-0.14868833960994
1.76699714907212
0.768554027867707
0.913357815911819
-0.0989823176819904
0.97905380432976
0.244222298143239
2.39707845415239
0.249722813284171
-1.05178557266918
-0.891342081922799
-2.51744803441063
-1.69255012174448
1.48837223833085
2.43514052337798
0.303307048015361
0.512457420379719
-1.72506986543433
-1.0099356971407
-0.258540701822233
-0.535845235693929
-0.472717423813959
-1.68092064593484
