y
-0.710616251940673
-1.61303847828527
-0.900973315714441
0.289021964915821
2.4811670294579
1.75812398318524
-0.84496214909992
-1.30665878049579
-1.36146544079923
0.187818807747231
2.06934689741526
2.39189834851244
-2.69818052573216
-0.775394324854276
-0.195226562832563
0.229281487568351
3.03494575515185
2.56285379524478
-1.13730511700676
0.253239959188015
0.711912503606724
1.55983371713579
1.77223904261737
2.18884965096557
-1.3260376487134
-0.17467072868792
0.189880227269101
0.990373559445726
0.340403217650678
0.559460944300581
-0.630807988565806
-0.154999012670001
-0.412135655707624
1.06385498089
3.12949954409052
1.83307290710366
-1.50926015317748
-0.0903200522357998
0.979555686779352
0.92405052902754
1.37442484329802
2.35929892372981
0.0686869900481824
-1.45318155609724
0.158717763492818
2.27877125252299
0.816077947361207
0.363039009472406
-1.40718074611609
-0.877152835858312
-0.392678635001112
0.407362312420056
1.79538674831472
1.27587448204989
-0.0513063770281371
-0.293026270810703
-0.0157027516253685
-0.774000592155604
0.779835986033107
1.14009134294882
-0.844969232383552
-1.01215487866153
-1.70627328176415
-0.884206978812062
0.11534119688575
1.60931431667612
-1.7025741616546
-0.322127991227342
0.847329925880089
1.1395646201656
-0.247810937682668
1.03709739789509
-1.89035318092464
-1.83054551749497
0.300847347548065
-1.06686684463583
1.27273408930019
-0.0458312722515204
-0.115525767845908
-0.687792191237998
-1.31064772141275
-0.410470867973328
-1.16981353020184
-0.255646659812095
-0.153245358856968
-0.732074869765746
-1.21191505306641
-0.295687521023891
0.901728912397658
1.96856202816457
-0.802754699283282
-0.478504768513544
-0.660047379819821
0.441870876857114
0.226869290493178
0.0506903635595674
