y
0.504924706104527
0.777550291715047
0.154136530233135
1.82885996327388
0.497628277559261
1.30409278405128
0.657742211151314
0.803316732696583
0.279360239353531
-1.36377533864694
1.43342395146005
2.69855486404427
0.637346142103969
0.369831501533505
-1.63376795201767
-1.1401337891559
-0.567785440313918
0.735886581935322
0.842931658539274
0.226711605618648
1.11204355439305
0.860982877780482
2.5659358685943
1.75472640886977
-1.04499496363799
-0.487094424666467
-1.67446418226438
0.5129148467326
1.226743278695
0.334073419660454
-0.891462875964201
0.0729143220004845
1.46626671290876
0.0935912707833425
0.56700012070893
2.01146873545043
-0.400019787490876
-0.952772424990988
-1.9155337169372
-0.804035927497334
0.910832620675365
1.31091151954465
-0.939333469451094
-1.18155354066114
-0.438956632553024
-0.540377786549278
1.3644221556403
1.46469583338994
-0.285211219912379
1.08089016369714
-0.777107675244133
-1.00611586568583
0.579220774700023
0.0363722758876245
2.60101241878743
-0.882261315243848
-1.58301557392615
-2.22135104941043
-0.601798324205271
-0.207079904429734
-0.151571507573546
0.748079988546741
1.0480651582329
1.16834036710386
0.412732200970405
-0.127686521481725
1.66650285966682
0.0932348041822166
0.0574976890648777
-0.0699960330073864
0.683405912949495
0.748464080205621
-0.592649692127987
0.860390916588002
1.25492367156035
0.674746176101686
1.57834300626244
0.153162672001011
1.44300815785307
0.283976961145236
0.062050129010932
0.227543834724839
-1.80056960945928
-0.916978739239388
2.00147544205341
-0.520100519911903
-0.517311976250558
-1.92970863387533
-1.70645158175329
1.57726190732053
-0.146711849042883
-0.508989550662012
-1.17578696043739
-1.60668149062546
-0.460032497640192
-1.3386632633834
