y
-0.730966023585201
1.18471609488594
0.0035531822638383
0.845029867289002
0.01109195373047
2.01866488003437
-0.0440782426953671
-1.17723138954669
2.61819352751746
2.93055708208764
0.659655607009136
-1.77348874301473
0.456253872369285
0.0137500370845929
-0.870406765594521
-0.536895495007618
0.966742507796867
1.4487900354107
0.401732568402265
-1.66509457848003
0.559590116540273
2.33936359564908
2.60810093928956
0.433303554611563
1.6808428214942
2.38947285850979
-0.393664292962576
0.980765130732279
1.44615334965684
0.19147112231095
1.13869282311001
-0.818248122119147
-0.683777605918265
1.70299890096431
-0.8938827150859
-0.873392389081647
-0.301093984847088
-0.297699078315325
1.34927153844773
2.26257434847549
-0.27679660817299
0.331140148274307
-0.159388604139992
-0.0420563928017183
0.606143973053815
-1.71251422797302
0.567802817221395
1.8634069276463
0.81384034415604
-0.558111798896001
-1.04390086019493
-0.797070396469607
-0.44249699695019
-1.24400566183364
0.614217337422413
-0.188213890169554
0.879673046220116
0.605883328695684
-0.698140840418218
-0.817207482286039
1.0965310947181
1.42698817384084
0.365236251777013
-1.0435300039892
-0.776185729158741
1.62429841255884
0.0845118076713334
2.93114829348671
1.46429423624388
0.686867724436456
0.890636317845056
0.944064528967031
0.732291968483919
-0.792895587471504
-0.965820417798136
-0.357204962047936
-1.06898871281123
-2.22312128560883
0.301802714551373
-1.47028471515012
-0.229995703986304
-0.181152864225079
-0.793974313428751
-2.18581621494569
-0.961830793418904
-0.464730765612694
0.106202003754041
0.566586627680258
1.62084650010414
0.85247065416111
0.427570344333868
-0.355835698742934
-0.570595609786212
1.61614835583303
-0.383943425584817
-2.18953261247407
