y
-1.97561191045844
-0.486526070889325
-0.0185374540730662
2.45791846858263
1.99473640839271
0.91380853368741
-0.754346230585944
-0.274530958754646
1.2643799973246
2.65004824458785
1.90786394738232
1.44784390377786
-1.9987081439516
0.768408390855964
0.400589811664663
2.23179062860614
0.502956311638328
0.4094552845409
-1.02779995136507
-0.215658604761229
0.128421257429539
2.0159684310557
1.56732342670359
1.44951162663415
-2.6406297439748
-1.22593240089447
-0.679801731088172
2.02015129664515
1.14597361864844
1.09360732146919
-1.56405395091085
-0.972221014790404
-0.438526176744489
0.582381010620492
0.759795517300198
-1.35061347524446
-1.42693411693382
-1.14208351740413
0.661375893572939
0.179340419773675
0.37832887819681
-0.0740903990474718
-1.18654274862336
-0.742746554854853
-0.410979032037649
-0.41977297969401
1.70643479491039
0.932282364903326
-0.468030511836811
-0.577036281475694
0.501935580360778
-0.992370717810279
0.138225911475808
-0.427644356665047
-1.63353772875175
1.0745153786993
0.807408971974467
1.02190889676702
0.44313455800071
0.00919822095824213
0.313746926264996
-0.20744188831623
1.91288790928762
0.0600724628248976
0.111579937776729
-0.171150290065376
-0.834641364455719
0.768254319996221
0.742279115103234
0.0294463874928856
1.6540159014825
-0.694929983131432
-0.709294182537732
-0.247690302887574
0.74148651930293
1.02517397045559
-0.0892956758291646
0.789633878951346
-0.565815889377225
-0.505204460372981
0.659549233046106
0.751806602854066
0.290465242616117
-0.348159362915362
-2.28821327684331
-0.463309659035912
0.683572470941474
-0.0315357030445064
-0.847268227403018
-1.53874554363427
-0.412571663349345
-0.836911288848609
-1.0224857114636
0.078110774453604
2.24068190356782
1.5124997217022
