y
0.664735481304174
0.000559703230405328
1.3540929331232
0.891385698222298
-0.73409865715287
-1.91389466845793
0.0967563999730617
-0.338383481649151
-0.45591448531556
1.20318146826639
0.61830383442223
1.36432121667134
-1.10882305558195
0.657128448297155
0.174335893872575
-0.21847627292131
1.59987709175908
-0.225205524238373
-0.119963961998054
-0.0500504204954824
1.00132251656776
1.19529682342629
1.1136521527848
-0.317330999200264
0.43311450474785
0.657221309975494
1.00037778181769
1.91276697826429
2.33185886882629
-0.0721048691020078
-0.0775819977518251
0.887416179735342
2.9609545498619
0.998392879097607
1.04859784239489
-1.10902640497456
2.61928340867768
0.903698218377686
1.07436425513902
0.522610710295968
-0.216618907772869
0.309678927422778
0.764248156220056
1.19385704449623
1.61039074252207
1.97974834740634
0.558951534087874
0.234319686120833
-1.00304439934319
0.573265804650298
-0.0392619734220891
-1.25575896275705
0.01276851498839
-0.113913972511028
-0.228282092552825
-1.65415237264173
-1.67725523575798
-0.613834396318956
0.500692567823496
-1.13552645340033
1.57761494619147
0.529603462578563
1.83864084461077
0.0206040088658982
-1.55429102225617
-2.75585520441835
1.19942930788694
1.57194695711033
-1.6057375273049
0.209634156601042
0.594961790024059
-1.44419822589375
0.533621138819109
0.83923748480356
-0.927175989193807
-0.598985608512021
-0.285221902903583
-1.47275681160496
0.543946614276368
1.41139026237604
0.808920872756141
-0.696127314564763
-0.743695326064238
0.277099537979884
2.51082098394545
1.01049276819851
-1.35774946659916
-0.91675944986255
0.658534430368378
-0.288488938420199
-0.436304850737137
0.188950876737187
1.98012360501002
0.451900881723654
-1.22992545609831
-1.47059447278546
