y
2.20625522224232
0.87032090185612
0.311179415257485
2.22901767782771
0.86905772544139
2.43016489587977
0.960713309634159
0.802166934692614
1.70391584572911
0.0855324139349646
0.0530817870260969
1.84800065659261
0.821814403897859
0.823695047826728
1.18878849467653
1.90363093513665
-0.0109327933995371
-0.180945293710463
0.285763187525771
0.94594563981182
0.191836138631405
0.586217749879414
0.339067556924249
-0.0612617082655471
-0.872067114310383
-0.862370778260491
2.66082980621094
0.429614388966133
1.7943933483655
0.859391552068759
-0.775334747834365
1.00920893363843
-0.240353519013705
0.183995246474997
-0.69644844353459
-0.119021619177708
-1.25625521030455
-1.87096896060821
-1.05068902726494
0.768510816064536
-0.430336277072778
-1.26569165250414
-0.600150909512142
-0.639553977855188
1.50616411026115
0.45817852803812
0.397863707375663
2.49078657039342
1.38227815929386
0.580233965503036
1.02295691695505
0.72204642742629
0.349368405413462
1.85263132786309
-0.839471398973116
0.284793356720135
1.58345175087401
0.321109805776631
-0.898950496913997
1.69033494701868
0.978252847668561
1.11896927048567
0.0907991890249958
-1.48481038085236
-0.336534818547242
0.284941878695128
-0.34445353925906
0.849512739255496
0.867433995605122
0.0987523133839481
-1.49330089862655
-1.30947283469692
1.11760570505709
-0.578973300184988
-0.384769951207469
-0.371260892222054
0.319395911247311
2.67971374845971
-0.0364851279343088
1.16489725158941
-0.561189825556726
0.686111820779455
-1.34819851027403
-2.8311612815688
1.02119088911782
0.574619211786521
-0.591091211300766
-0.84582099576836
-0.124418175658275
0.118231771186564
0.224941655089822
1.23676363721775
0.127815777527998
0.353459910334759
-1.38095866380213
-1.8757433309073
