y
0.480206672129762
-0.135966801165859
1.18955820666589
0.743236948004228
-1.48815875651186
-2.31645877785143
0.0884836753207977
1.04832866672075
-0.0425038425221588
-0.812673918329721
0.409163087604905
-1.26974944188303
-0.650563378867425
-1.87124627775681
-1.45689041981982
-1.98291854848986
-0.726483776580748
-0.617324135305663
1.1173047779623
-1.48294639241363
-2.48621623206902
-1.36563413082198
-0.930045315553614
-1.79940739401908
-0.215323771024549
-0.0190731186300133
-0.255936429208928
0.335566227668419
-1.1180830039985
-1.73584688664151
-0.858154906566538
-0.566761601702579
-1.59542460758764
0.0773802493008715
-0.756013848157148
-0.716953146748217
0.708187604938944
0.649021528113847
-0.349110615249217
-1.00360544573199
-1.09735611812682
-1.59717113219361
1.21938145939685
-0.817514064252314
-0.8153171431112
-1.3354352491236
-1.92540956704907
-2.18099967628411
1.83604606432955
2.04887823519213
0.412950807352317
-0.0701130837210833
0.0458670587986506
-0.364740624062579
1.42958796428461
2.36430661432727
0.779557920267547
-0.166116980148368
1.0200603302353
0.300811804724809
-1.0533642994035
-0.916977379893208
-0.916821943609926
-0.0265398556539215
0.115674113924787
-0.396676316194435
-2.76775284244839
-1.72581444135532
-0.341652350969532
-0.808709485782368
0.456975139550724
1.02514024776778
0.312707062066656
-1.28522997853941
-1.53870600709166
-0.41946429760737
0.544539384897701
0.00404215852290396
-0.119171824119273
0.834835730244219
0.342969373223386
0.800077706819545
1.26752652814972
-0.0275493701783071
1.81027303124409
1.24974731107315
1.05051935509845
1.24394843757003
-0.610221693165493
-2.01356859842544
0.249729281737574
-0.280728015300046
1.08224602351352
0.302586456865367
-0.86187087208752
-0.427023601587463
