y
-1.11511702204783
-0.56714707653913
-0.777300149074151
2.0410315334373
1.77657201464817
0.81088817423394
-0.0102674095273251
1.76227535387888
0.247857564188516
1.76523114194428
0.542545424644218
1.01217316031416
-1.72351007261177
-1.05485018748484
-1.50024293914593
0.930813252878844
2.80850406169752
0.148644150886455
-0.208265921025072
-0.877856736496838
0.143853854611383
0.265690498958268
1.25719377133552
2.43094159348349
-1.3222590341538
0.10672149648381
1.54175081653111
2.00974500947618
1.73352685432086
1.96991310816774
-0.0488034496964812
-1.80642950537268
0.160936464862075
0.848955682126808
2.17162250468343
2.86075133573371
-0.783906732052892
-1.20409213689101
-0.127718428143105
-0.734892665257337
0.523513927552262
-0.255707620133236
-1.81983283710041
-1.82860336000051
-1.0865418097506
0.685375663000403
0.647133628336247
-0.95559423443358
-1.02716597935091
-0.206442154464342
-0.833231510971779
0.0822981397386162
-0.273217141064697
0.264699416912124
-1.30332254513893
0.14026680051175
-0.425531651731807
-0.0240862126707175
-1.22420240991575
-1.12251318323146
0.0444133881485115
-1.33593172881435
-0.291913532271484
-0.769731213615722
0.121745150832221
-1.50651667090828
-0.32952645963657
0.377381480805456
1.05065120700038
0.703968669710531
-0.828460053768743
-1.10215097242197
-0.467663046603425
0.0193198484605016
0.44076565206795
1.56872618314464
2.60448162270949
2.34589966181178
-0.0367520403206392
0.224195488092323
0.95888865420878
0.158749768987652
-0.557441203105083
0.119462200526424
1.04260817929981
0.881639763785526
0.0394041488091311
1.32211857307218
1.18762618937054
0.796877338719194
-0.637428076492358
-0.329594973202381
0.629991178710618
1.35906385070031
1.27744160208772
0.763654555147915
