y
-0.732060483397764
-0.823957931899449
-0.355747630843793
1.7015395898419
0.07670072370678
0.99242706041851
0.039984523149364
-1.14115434734468
0.805292633024
0.742766845595891
0.255663040355216
1.04491741216278
0.351994233521457
-0.39126822635457
0.818426382968302
0.806557340304908
2.01662854796317
1.8158417372989
0.269251776379225
0.24121299744164
2.49985267972289
2.42605401473232
0.44746122298424
-0.67965257594246
-0.802017402953728
-0.717887118889206
0.760121051273348
0.548037765891572
-0.712484592133917
-1.79324138569721
-0.823878150595551
-0.0385574320124619
2.02028627136998
1.57830460291389
-0.0327880803057069
-0.494376978143775
0.878304221623764
0.570051689764288
1.27998194710444
1.31045162457274
1.44389680941651
-0.326467286355559
0.580267025051663
0.726095434134259
0.779481212210356
1.47596737192805
1.79973786780419
2.04361278297541
0.238095641345817
-0.849350590902071
0.210440928228022
0.103114239131477
-0.340190628295277
-1.25627915246106
1.4663761660778
-0.0328287237193221
1.53518541858582
2.16364441671609
-1.4831646107487
-3.4404197054775
-0.534172860799553
1.25085791338092
0.271089265738537
1.49139694384678
-0.395431327577596
0.335091609120327
0.317783982686866
0.547348765167244
2.7522516408545
-0.534458382749443
-1.5054578836966
-0.759916844984507
0.736666805163712
-0.584352753037089
-1.00961708342723
1.25483131117532
0.803343921401605
0.093456127562068
-1.14915347410481
0.133521765685476
-0.0409078246277985
0.763723184976912
-0.0903294965007447
0.932319647265124
-0.894572040804795
-0.410557504677126
0.642031016576771
1.42497206161799
-0.389701478186863
-1.37621016836062
0.226338190029687
0.217356190643041
-0.216771238415593
-1.47536437087959
-1.4852977662008
-2.01543412525715
