y
-0.0924897765422645
-0.300364155700503
0.125435933205904
-0.55951359696731
-0.102146872453156
-0.309121591451599
-0.0478522322876472
-1.47721819910698
-1.80590684739113
0.666479083233022
-0.293736826786932
0.772386473765996
0.713496216628272
0.380322609768579
-0.214188755991453
1.51188124408199
1.44663432030113
1.0789517079509
-0.601902226473606
-1.69574999870949
-0.0449153501005821
0.386098872422493
0.692249077012086
0.92837953889399
0.100281734423791
-1.68268234862225
0.948385982107803
0.625379066955292
1.70600468602672
2.59943893827825
-0.0693698442433516
0.564890968406875
2.17914275134279
2.38590023754211
0.995253304164843
1.18247365481959
0.705144855028971
-0.641832122995415
1.87025954401405
0.191835539583508
-0.140325366799442
0.252726459140697
0.369279275075774
-0.249953830673678
2.85887880456981
3.03326751429808
1.07736384955594
0.261210645805065
0.649631824482724
1.49559336207675
0.425549751013583
0.723000049559937
1.25026836944829
0.0973788250741894
0.365165353076934
-0.499118426228452
-0.632152578466087
-2.1756795861497
-0.340871191856214
-1.64908077430258
2.16506468129792
1.20109555098832
0.614417269474307
-1.12727646061049
0.120091477484189
0.972298312921365
2.32269448425763
0.220563406146293
0.684823946071209
0.691697599281142
0.565075723612181
0.895753483084359
1.18814264925927
0.482182543798841
-0.202489309181518
-1.94121289874389
-1.70371692441826
-0.48709858645772
1.29057415070553
0.998871406958563
0.465928312476225
-0.491547020732243
-0.184896551573517
0.69037356159698
0.14547822934651
-0.622730626825539
0.153300432472652
0.3167288713523
0.878680582647033
1.82468617066271
-0.509204700299939
-2.62860573683144
-1.74601526385201
-1.15373759034493
1.04704562489259
0.73423147935156
