y
0.871781500353031
1.17596198645483
0.508622619617506
-0.285602764302668
-0.636641207696359
0.00362495153832532
1.91953191055581
1.36801719376087
0.281581632907931
0.68392072907683
1.27382833776777
1.20585762953026
1.84876947181683
0.985158898556326
1.03482061220268
0.540475208051573
0.69219659372497
-0.281887120193343
1.44034204879
0.199647009907773
0.129231136470944
0.374840256422585
0.811667802815327
0.834945079127053
0.396664509895642
-0.53761787877585
0.425427368461467
-1.09627384774692
-0.274823361548286
-1.3883060936043
-1.28280685892499
1.0425492755828
1.52218085580063
2.99898359512932
1.8196396369829
0.0434643875095368
1.86998779172172
1.4406759247535
0.542503881345609
0.825646406105313
1.67928490630783
3.0453408291455
-0.16361303660738
0.615542239639511
2.45125985385185
0.980134240120935
-1.10256586649917
-0.769566261255001
0.33022977533543
-0.254984189816182
-0.0169497898490263
0.474083976548006
-0.63674705820253
-1.90337222794164
-0.837881967265435
-1.17251851125184
-1.26191977172682
0.581163359308792
-0.0719242238743426
-0.275034883150458
1.88998786657936
1.19600225591354
1.06278078419291
0.0421205660557952
0.545432257563578
-1.47801104922393
1.08064066475806
1.1838547735605
0.35724418206748
-0.984152227942232
-2.74612986288824
-2.72373402177374
-0.42053453694477
0.709032674223707
-0.823471366962261
-1.00942574071964
-2.43700318535572
-1.00151914272365
1.8955551711067
2.20613276061706
1.00331814880607
-0.251679919209097
0.0868907654166122
-1.31680914600918
-0.130999721400569
0.449883850678365
1.64943189496449
-0.298210726220136
-1.68571341993837
-1.11777502893106
-0.480076268749289
-0.344540874363709
0.758500600722893
0.184712496069166
0.452180656598706
0.432042889261108
