y
-0.531894387560639
-1.77160100838865
-3.22056122491337
0.783521911936709
0.126144099803274
1.90836458387071
1.20494404499495
0.27926291277775
-0.404912929750098
1.39848330471546
1.95097342636885
1.4726757098861
1.18742308314417
1.65426466721564
2.09701175943935
2.337960915489
0.315027549748578
-0.221449986759714
-0.734839677504515
1.63610956580347
2.19891982255516
-0.72023300043561
-0.798533508650446
-0.0941244766130625
-0.741853686845806
-0.985103214460436
-1.49174729684085
0.176853353613395
2.07592627801217
-0.0693688809142191
-0.882037368622186
-0.151214219397453
-0.985685657063768
0.319635942819531
-0.570284611633207
0.403491471968671
-1.42996675351752
-0.664311649491054
-1.80567777203406
-0.800818176721069
0.785310963187067
2.61294269199707
0.411805814866227
1.30189982377893
0.490187590557936
0.600529178071818
0.957407481926149
-0.592218722265864
1.31812710633205
0.481371842032965
-0.858342207178076
1.96059805119083
0.227185198954461
1.53544299743179
1.00428567929038
1.28493599213113
-0.432942487977502
-1.55251928093385
-1.84487168465054
-0.661740178787387
-1.18351164503389
-1.61988111052595
-0.239789365700266
0.43309058647685
-0.308769516451737
1.55500614895067
0.226113618986189
1.0922190371042
1.2065725196792
1.4996649729564
0.856229346833231
-0.0196871132216865
-0.806670168901749
1.03012307801925
-0.102789297664755
1.07606659535384
-0.142908859613008
-1.33066893677742
-0.00880147222204242
0.769729726780075
-0.210515432616879
-0.350542296455393
1.53903888721269
0.198726867148075
0.773700473340293
0.565350900548496
1.0998627715977
-0.561846068743749
-2.12834048770914
-1.77624423850355
0.221574468462608
-0.346278294310756
-1.39669746849902
-0.475476496443808
-0.452698548865222
-0.712664538259029
