y
-0.56616371860093
-0.669443960189598
-0.96769961669589
-1.34766994725026
0.129046196534452
1.19647247966914
0.174292488499898
-2.54377581263956
-1.86379903652723
-4.14391130127703
-1.36029819097318
0.450736760978306
0.997936717985626
-0.11077545434697
-1.23741627332772
-1.36536004991549
0.0895398326290503
-0.245543639756053
0.625113761666596
-1.08791419062309
-0.648933839482858
-1.44928195311041
-1.53607249482178
-0.296140018568145
0.0278861616248874
1.7067583172501
-0.0959652326839707
-1.89910812679383
-0.495428239147196
1.45689936374359
0.616914236493028
-0.691854333372695
-1.50945745512807
-0.462026854476618
-0.111551052336162
-0.91989442712192
-0.65028169349607
0.24921200840335
-0.718573987581924
-1.27677318435505
-1.67078815137232
-2.79121263033898
0.306448715944929
0.151336494847142
0.453347707668593
0.0619944390952648
-0.818795723343286
-1.72750082093896
-0.528261383066264
-0.171085876390041
1.96984114119672
0.914777468282177
0.0429774110391775
0.169815782310586
0.394412536946158
-1.52416595982325
-2.34458006609227
-0.348224842586775
1.01092089202539
1.06669729268078
0.212053411132386
-0.486556739436112
-2.77396083574807
-0.0214331110609824
-0.729569539456555
-0.383630320698129
0.724783940053831
0.0788254072508511
0.137598669476659
0.456081429521191
-0.626672718160798
0.679925359541013
-0.561272158415939
1.2690547858014
-0.104782358556347
0.585051730743776
-0.514619867533755
-0.286580363343884
0.284758249863839
-0.409104012195848
-0.694934614576202
-1.34851670099915
0.775208416283384
1.42546941165699
0.932874270264266
1.3268880849819
1.31354181911427
1.73574706782155
0.921654345326837
1.33981415358963
-0.204828899327436
-0.0159807871525281
0.85423583105509
-0.106247128786098
0.713450183408156
-1.39660227833717
