y
0.484079011117271
0.0422987283869193
-0.767108201856233
0.591933787168585
0.675756623118152
-0.490544408211341
-0.793040247682129
-0.0667392586683276
2.54028028262391
0.293650308590796
-0.119905228470583
2.13291238345099
-0.956233586306744
-0.119842742268003
-1.06315069944641
-0.350385437225577
-0.506909826655689
2.22654101571023
-1.50124108987531
-0.539362806542862
2.07631247329182
2.29755035138451
2.91963999228738
0.480663492655631
-1.15592095451739
-1.03482819995546
1.87731534605511
1.61717433999967
-0.0658193062797735
0.0864051392226064
-0.302262783047393
2.38464927731403
0.892995902806389
2.07358928929899
-0.108724752124665
-2.79748594703612
-1.43908523669073
0.0158579953458518
1.05420087510314
0.612824966265918
0.63334311600813
1.18152992297815
-0.52430336947053
-0.712150812008873
1.9883176090598
0.770271078818655
-0.085950341412833
1.98731735695567
1.30206254845684
0.360659575879276
-0.228498824885789
0.916546481589891
1.7138106089425
-0.345131224050391
-1.36784036063348
-0.143869786739396
2.12577833507979
1.94224174526649
-1.20668236118225
-0.780380677020676
1.21526165091398
1.87921854673007
-0.325708377607844
0.468115541598348
0.519603642362714
0.685654854025549
0.295768451051553
0.137201203815514
-0.925078876001699
-0.3918297130964
0.649142662012482
-0.539964611022836
-2.14882975070462
0.492989202063246
0.270964526207942
0.445346339082786
0.324360908552066
-1.48828431515403
0.063739140236465
0.742923986506492
-1.24313331893112
-1.25268997593268
-0.830340968103791
-0.313158621552531
0.446108774446639
-0.827611759524854
2.42698029150079
1.16122211802325
-0.766359304660036
-0.666515412274918
0.790080835958202
-0.559854122823847
0.242355036568313
0.829090090750167
1.26806776403091
-0.884830131177615
