y
-0.373114425361571
-1.02077092760116
-1.43679740704716
0.866737156079632
0.370625780096762
1.54487520797403
-0.379756612155454
1.78932464996717
0.320535101212827
1.06643582469568
2.14157888083134
2.9592168934337
-0.187242362048571
-0.203937247263572
-0.568559412563191
1.88276538632508
0.27785933008617
-0.991108882860507
-0.300920477880885
0.192081294686055
-2.25923511808785
-0.891674117214624
1.65264372557464
0.212011021220135
-0.998586444244771
-0.239613505185119
0.870751925979967
1.16431608203974
1.50718431058401
2.22412392899226
-1.32045624610194
-1.78387103639665
-4.56845294075673
-0.503884013991245
-0.190760755493159
-0.305202710970846
-0.118888107600675
-0.530972745245232
-1.30119275822997
0.482365438510857
-0.0517029952877723
1.01694156613075
0.125334279859358
0.82736419899788
0.819247876548004
-0.451968285727632
-0.70988271693859
-0.808950759441392
-0.303888717432046
-1.37386181472865
-0.208278234193493
-0.216334111471071
0.83122956179193
0.030449448707004
-0.793800122825366
-2.06395043562105
-0.754294894364884
1.41890720051546
1.55766008591903
1.56696301756736
-0.274659909131201
0.760399276179612
0.178216902826841
0.372024602466254
-0.915906658439857
0.101830560200366
-1.67662771820331
-0.200446564234589
0.0789175034901888
-0.417433089917107
-0.240182564221147
1.96174413734251
-0.400870668439502
-0.458982203872745
1.75605900522082
0.661749961664906
1.94202134775003
1.59434707768172
-0.0528243306546572
-1.71704486706763
0.804815477011595
0.4459245933483
2.6515262251143
1.97505093037452
0.00381216037452453
-0.742905473409006
-0.649176110742521
-0.905266348438595
1.14707407335169
1.48975068973491
0.601007769492675
-1.35314020698434
-1.91789580907159
-0.816601724859649
0.910158317918485
-0.344240114173318
