y
0.542613666648772
0.47275789612861
0.10258316348825
-0.123749864699795
-0.659232177469411
-1.2900116309194
0.591623840376943
1.21798591222316
-1.87608526797228
-3.11780187821829
-1.22933434766597
-2.99317641667931
-1.358950282019
-0.182413672215794
0.372265160987885
0.620369978587838
0.868830018804864
-1.03836880925046
1.39675858502532
1.56995610382005
0.895189412875042
1.11308609910333
-0.486958865839152
-1.30880433947221
1.18732073699638
0.413455946678575
-1.99827207492679
-0.381456000291015
-1.79703136261025
-1.6841577700535
-0.243378388920876
-0.268149282902285
-1.46591148229261
-2.57990613208539
-1.37232767162754
-2.13615632781978
1.74536630421063
1.24899036642185
1.59443526365073
-0.649006790855221
-0.159816344179604
-0.935440415011052
0.862289635530301
0.766343598565961
1.04879919394521
-0.263627681925202
-0.590448294824474
-2.47851587352544
-0.428890744456463
-0.021171482456545
0.0186926918874244
-0.0650334056930146
-1.54625571058409
-0.14240985079849
0.700576601306777
2.65268506091571
1.22401231998971
0.77425880853655
-1.74203997772679
-2.24665758221498
0.581744763501939
0.772478010743603
1.12463949207988
0.276352185346959
-0.260674465924596
0.100216852086742
1.63499921504703
-0.232161615441314
1.0961622209706
1.76494156656805
0.0132087031776272
0.186550565735587
-1.05474435726501
-0.92814125419643
0.783992273806087
0.590672192886009
0.715501757259685
0.739524624323992
0.57058729077155
-1.17366757698581
-1.81359984072842
-2.39886017943298
-0.238772278305497
-0.714493902304257
-0.30635692822738
-0.980638763031505
0.713323585091732
-0.34977756342475
0.560007590536382
-0.546363999170514
-0.373988761149714
-0.342568867890585
-0.422914613935641
-0.265129992850556
-0.551487216384423
-0.818386975517609
