y
-1.04604758278632
-0.639512301640733
0.502598878590419
0.461563839030343
3.29633116155767
-0.564598791381109
-0.658296512789333
-1.49361836481494
-0.0121936012354112
0.801830380610161
1.37502276175489
-0.601456741695333
0.179859553576082
-0.678921394373186
2.90450477514686
1.13734534534404
1.25560880242588
-0.771393889215321
-0.00157627983998947
-0.521918859477668
2.07531095708094
0.827163448132398
0.608418144239746
-0.868664219528755
-0.794493869489466
-0.543571591576108
0.839259315672131
-0.521867281718493
0.594202527993833
-0.585477708620802
-0.78467439219971
0.438026906151552
0.756780655388603
-0.269950517427579
-1.06285527899795
-1.15085725789067
-0.89397331428573
0.394463363367437
2.13289946352568
-0.274116785058159
0.356167775106332
0.488855226089009
-0.193401795544653
-1.01062660952534
0.202302713897739
1.74509990294
-0.45495591363918
-2.01396112279975
-1.26533085279349
0.73188233586117
0.310868690065192
-0.100133527437156
0.656009372850371
-0.651217150667873
1.48929236824798
1.95807336249307
0.681914482450926
-1.5595022173301
-2.20595959660883
-1.22534269650706
0.675763037610841
0.227205887317008
0.80738678729536
1.82629698874248
0.258282722572775
-0.945302114012068
1.36315610343216
1.87650297359092
1.67653930580508
0.506638537000021
0.857884778069481
2.18697317842685
1.07958865733161
0.171162952704908
0.157908944663021
0.0503389803258636
1.39329712732385
0.199816578171621
-0.416924204530196
1.32687371468667
0.729239656924739
0.88237731791093
1.28368535022223
-1.06052604344382
-1.43244359661626
-0.773387840462686
1.14834984412279
0.923991142180109
0.926110750162838
-2.52820420540195
-1.33831520388199
-0.0785514260317264
1.53107335381307
1.60162256601214
1.16674715281785
-0.726564581433438
