y
-1.77776120977775
-1.14114561540916
1.02071604527738
2.65382668890462
0.414788264868161
-0.983028915561004
-0.0581663083071636
-1.40793455709091
-1.98017221782923
1.49825147958295
0.863228014086533
2.30262671345386
-0.0223024614598593
0.234909078794012
-1.14780462454965
0.611826494100761
1.57575019563001
1.8843453629841
0.663098513880991
-0.0935635820083266
-1.15230220633647
-1.06449334034412
1.22405692174541
0.730534453604188
0.789947169838897
-0.46620391505372
-1.46063438375732
-1.33944370751483
1.76028941562466
2.57046233650737
0.572909990593976
0.916956797696153
-2.73971206635273
0.809568560295745
2.16322678141399
1.7627541291153
0.338684240775678
-0.226438741817429
0.727656253869932
0.412915143800765
1.21192871992046
0.599709857235453
-0.306535286196919
-0.0317085249205927
-2.52315011665138
-2.64353374114838
0.398634627612695
1.24151262176778
0.145971761131824
-0.0660911561245758
-0.011675052718603
0.107969502755128
0.197249834350425
2.27930320595986
0.551720673043114
0.517221237529467
0.674659373075465
0.28069198636942
1.13736075287216
1.17353805636478
-0.201353697031646
-0.53334772800223
-0.139661023243391
-1.34549027673093
1.58739459746644
1.12990650628282
-0.309856829386759
-0.820007016689471
-0.456941410946782
0.340589080640131
-0.122373344194728
0.18667270012383
-0.572046964971748
1.84363562279901
0.651058266618257
-0.269104752209634
-0.641071226092957
-1.73070742757668
-0.545275172659062
-0.120953300106069
-0.714539042692369
-0.172614077512304
0.511796680349445
-0.487428632823606
-1.50437971956774
-0.704367718726697
-0.0279364547520304
0.227043989976431
0.404264169076903
0.401210396235153
0.139154075966107
-1.78694020804004
-0.558405527277585
-1.24974699522218
0.133797065460083
-0.914727655014968
