y
-0.100367371092988
-1.19890333148013
0.153583736887465
1.53130428669033
1.31143068181581
0.936689386578994
-1.07159325064923
-0.0294927854655656
-1.85599072910884
-1.22640029278307
-0.300576218070302
0.775966799981644
-1.85407512059616
-0.931112611014405
-1.48982342107207
0.51866257615207
1.35367608366527
0.380077785473948
-2.2305215107376
-0.853361637198824
-2.41085423117668
0.744980177318592
1.46296459991099
1.62816895661554
1.06863211850899
-0.465378817047063
-2.04962039426675
0.504448897419898
2.06909486831865
1.20242921255126
-0.135287182560988
-0.668585221555911
-2.80586407366595
-0.758132758805629
1.24157776835459
1.09109096800762
0.901611494442101
-0.318932375452989
-1.13012666706649
1.5205811193288
0.788611201489745
-0.465248303511265
-1.68988550271873
-0.652246393988564
-2.18206056318596
-0.344545534007071
0.485796081928988
0.418762603394756
-1.09664515708039
-1.03812800240552
-0.56080944138301
0.752557027500261
2.33712518564091
0.532894862626805
-2.50463881665351
-0.558061363496856
-0.0993195760174941
0.540365838573579
-0.171911362029956
-0.404233330571972
-2.37493640972562
0.57277965534388
0.779644014255611
1.56094488899099
-0.229234198947141
-0.438908220715262
-1.35453829761677
0.293835855468695
0.277548423904195
0.186754372802074
0.133933554110803
1.02690187921944
-1.80971725905265
-1.79792079364445
-0.228172942103788
0.80681734025566
1.24978701431986
0.799055007020443
-0.976087595303448
-0.204887862294152
0.216242336451562
0.419915913214078
-0.0913939870599793
-0.386135527760078
-2.12604760426167
-0.731849298826684
-0.737893894874716
-0.154798953334572
0.460320097560239
-0.830689536510626
-2.7176355841633
-0.704227661902613
0.889707015409315
1.07831378852272
0.340269663226316
-1.25397378600125
