y
-0.1115346731533
-0.0863385318919933
1.28401160285257
0.999324064471125
0.476098065090688
1.52125854734786
-0.243527659254493
0.246302453398723
-0.967080872868299
0.213283408276659
-0.754462197512242
-0.761230456999164
0.527935047152922
-0.0143013099920569
1.06449481387911
0.0478387014193162
1.44118520005063
1.17128480046161
1.82096269838758
1.80129838146425
2.00070204982732
2.81388916072817
1.37815789917331
1.44980121817383
-0.947109834071683
0.200210535446074
1.99929665247463
1.41537093010203
1.72122570711354
-0.0914174403608334
-0.46638444222567
-0.382769317812988
-0.281158392101666
0.393137804126506
-0.383403557056164
0.414552679322877
-1.44637410945054
-1.18170266284355
0.897588279315186
0.145974833533502
0.32613505383343
0.878003854162524
-0.10124988240586
1.29044477088234
0.937182425196172
1.16022738790973
0.699795829684451
-0.109416013050697
-1.62546941120317
0.485224593308696
1.81082540486239
1.29157966629328
-0.10851337324427
0.677177024764247
0.295772339444573
0.576215287308591
2.11138294096035
1.08613301819523
0.745593574068171
-1.34398295672056
0.773872499469464
1.7689920609918
0.985007587758467
1.19251187361708
-0.672013449850044
-2.05684120935448
-0.86784627209536
-0.618669610856488
-0.729404924146161
0.577186929157549
1.34299802782871
2.86165512795602
0.349799805907405
3.42014003578009
2.16653392325797
-0.044666175453155
-1.40350269722421
-0.123554618217148
0.917125405243878
-0.80625184870855
-0.266705120610407
-0.453039767199403
-2.06965016059414
-2.64035609039946
-1.59007557961139
-0.148425030667896
-0.774839021862403
-2.01381578480331
-1.39804876002824
-2.23644820328595
0.675752833324372
1.37597707468276
1.20459070505141
0.542141007257023
-1.27219086821804
-1.05820661312384
